# unix_time, cycles_done, cur_path, paths_total, pending_total, pending_favs, map_size, unique_crashes, unique_hangs, max_depth, execs_per_sec
1629262830, 0, 0, 1, 1, 1, 0.07%, 0, 0, 1, 0.12
1629262887, 0, 0, 2, 2, 1, 0.07%, 1, 0, 2, 4.15
1629262892, 0, 0, 3, 3, 1, 0.07%, 2, 0, 2, 3.37
1629262897, 0, 0, 4, 4, 1, 0.07%, 2, 0, 2, 3.10
1629262902, 0, 0, 4, 4, 1, 0.07%, 3, 0, 2, 3.66
1629262913, 0, 0, 4, 4, 1, 0.07%, 6, 0, 2, 4.51
1629262918, 0, 0, 5, 5, 1, 0.07%, 9, 0, 2, 4.36
1629262923, 0, 0, 7, 7, 1, 0.07%, 10, 0, 2, 5.51
1629262933, 0, 0, 9, 9, 1, 0.07%, 10, 0, 2, 5.21
1629262938, 0, 0, 12, 12, 1, 0.07%, 10, 0, 2, 5.57
1629262943, 0, 0, 13, 13, 1, 0.07%, 10, 0, 2, 5.18
1629262949, 0, 0, 15, 15, 1, 0.07%, 10, 0, 2, 5.60
1629262954, 0, 0, 17, 17, 1, 0.07%, 10, 0, 2, 5.73
1629262959, 0, 0, 19, 19, 1, 0.07%, 10, 0, 2, 5.11
1629262964, 0, 0, 21, 21, 1, 0.07%, 10, 0, 2, 5.40
1629262969, 0, 0, 23, 23, 1, 0.07%, 10, 0, 2, 5.52
1629262975, 0, 0, 25, 25, 1, 0.07%, 10, 0, 2, 5.20
1629262980, 0, 0, 27, 27, 1, 0.07%, 10, 0, 2, 5.67
1629262985, 0, 0, 29, 29, 1, 0.07%, 10, 0, 2, 5.44
1629262990, 0, 0, 31, 31, 1, 0.07%, 10, 0, 2, 5.51
1629262996, 0, 0, 33, 33, 1, 0.07%, 10, 0, 2, 5.48
1629263001, 0, 0, 35, 35, 1, 0.07%, 10, 0, 2, 5.13
1629263006, 0, 0, 37, 37, 1, 0.07%, 10, 0, 2, 5.03
1629263011, 0, 0, 39, 39, 1, 0.07%, 10, 0, 2, 5.45
1629263016, 0, 0, 41, 41, 1, 0.08%, 10, 0, 2, 6.01
1629263022, 0, 0, 44, 44, 1, 0.08%, 10, 0, 2, 5.78
1629263027, 0, 0, 46, 46, 1, 0.08%, 10, 0, 2, 4.88
1629263032, 0, 0, 47, 47, 1, 0.08%, 10, 0, 2, 4.52
1629263042, 0, 0, 48, 48, 1, 0.08%, 10, 0, 2, 4.37
1629263047, 0, 0, 50, 50, 1, 0.08%, 10, 0, 2, 5.27
1629263057, 0, 0, 51, 51, 1, 0.08%, 10, 0, 2, 4.74
1629263068, 0, 0, 52, 52, 1, 0.08%, 10, 0, 2, 5.29
1629263078, 0, 0, 53, 53, 1, 0.08%, 10, 0, 2, 5.09
1629263098, 0, 0, 54, 54, 1, 0.08%, 10, 0, 2, 5.43
1629263140, 0, 0, 55, 55, 1, 0.08%, 10, 0, 2, 6.41
1629263171, 0, 0, 56, 56, 1, 0.08%, 10, 0, 2, 7.87
1629263176, 0, 0, 59, 59, 1, 0.08%, 10, 0, 2, 7.41
1629263181, 0, 0, 61, 61, 1, 0.08%, 10, 0, 2, 6.76
1629263186, 0, 0, 62, 62, 1, 0.08%, 10, 0, 2, 6.65
1629263202, 0, 0, 63, 63, 1, 0.08%, 10, 0, 2, 7.12
1629263207, 0, 0, 64, 64, 1, 0.08%, 10, 0, 2, 7.21
1629263222, 0, 0, 65, 65, 1, 0.08%, 10, 0, 2, 7.74
1629263227, 0, 0, 66, 66, 1, 0.08%, 10, 0, 2, 7.04
1629263263, 0, 0, 67, 67, 1, 0.08%, 10, 0, 2, 7.19
1629263269, 0, 0, 68, 68, 1, 0.08%, 10, 0, 2, 7.18
1629263274, 0, 0, 70, 70, 1, 0.08%, 10, 0, 2, 6.74
1629263284, 0, 0, 71, 71, 1, 0.08%, 10, 0, 2, 6.82
1629263294, 0, 0, 73, 73, 1, 0.08%, 10, 0, 2, 6.56
1629263304, 0, 0, 76, 76, 1, 0.08%, 10, 0, 2, 7.47
1629263345, 0, 0, 79, 79, 1, 0.08%, 10, 0, 2, 7.21
1629263350, 0, 0, 80, 80, 1, 0.08%, 10, 0, 2, 6.69
1629263376, 0, 0, 82, 82, 1, 0.08%, 10, 0, 2, 7.88
1629263381, 0, 0, 83, 83, 1, 0.08%, 10, 0, 2, 8.01
1629263392, 0, 0, 84, 84, 1, 0.08%, 10, 0, 2, 6.55
1629263402, 0, 0, 85, 85, 1, 0.08%, 10, 0, 2, 7.08
1629263417, 0, 0, 86, 86, 1, 0.08%, 10, 0, 2, 8.84
1629263423, 0, 0, 88, 88, 1, 0.08%, 10, 0, 2, 8.12
1629263428, 0, 0, 90, 90, 1, 0.08%, 10, 0, 2, 8.01
1629263433, 0, 0, 91, 91, 1, 0.08%, 10, 0, 2, 7.70
1629263438, 0, 0, 92, 92, 1, 0.08%, 10, 0, 2, 8.19
1629263443, 0, 0, 94, 94, 1, 0.08%, 10, 0, 2, 7.24
1629263546, 0, 0, 95, 95, 1, 0.08%, 10, 0, 2, 6.63
1629263551, 0, 0, 96, 96, 1, 0.08%, 10, 0, 2, 7.20
1629263556, 0, 0, 97, 97, 1, 0.08%, 10, 0, 2, 7.01
1629263649, 0, 0, 98, 98, 1, 0.08%, 10, 0, 2, 6.80
1629263736, 0, 0, 99, 99, 1, 0.08%, 10, 0, 2, 6.58
1629263762, 0, 0, 100, 100, 1, 0.08%, 10, 0, 2, 9.35
1629263767, 0, 0, 101, 101, 1, 0.08%, 10, 0, 2, 8.95
1629263772, 0, 0, 102, 102, 1, 0.08%, 10, 0, 2, 8.62
1629263777, 0, 0, 103, 103, 1, 0.08%, 10, 0, 2, 8.67
1629263783, 0, 0, 104, 104, 1, 0.08%, 10, 0, 2, 7.73
1629264106, 0, 0, 105, 105, 1, 0.08%, 10, 0, 2, 8.10
1629264126, 0, 0, 106, 106, 1, 0.08%, 10, 0, 2, 6.60
1629264137, 0, 0, 107, 107, 1, 0.08%, 11, 0, 2, 8.66
1629264168, 0, 0, 108, 108, 1, 0.08%, 11, 0, 2, 40.65
1629264183, 0, 0, 109, 109, 1, 0.08%, 11, 0, 2, 9.36
1629264224, 0, 0, 109, 109, 1, 0.08%, 12, 0, 2, 9.20
1629264255, 0, 0, 110, 110, 1, 0.08%, 12, 0, 2, 8.74
1629264286, 0, 0, 111, 111, 1, 0.08%, 12, 0, 2, 8.72
1629264296, 0, 0, 113, 113, 1, 0.08%, 12, 0, 2, 7.63
1629264363, 0, 0, 114, 114, 1, 0.08%, 12, 0, 2, 8.00
1629264368, 0, 0, 115, 115, 1, 0.08%, 12, 0, 2, 7.67
1629264373, 0, 0, 117, 117, 1, 0.08%, 12, 0, 2, 7.78
1629264404, 0, 0, 118, 118, 1, 0.08%, 12, 0, 2, 6.92
1629264568, 0, 0, 119, 119, 1, 0.08%, 12, 0, 2, 7.11
1629264614, 0, 0, 120, 120, 1, 0.08%, 12, 0, 2, 6.43
1629265228, 0, 0, 121, 121, 1, 0.08%, 12, 0, 2, 7.89
1629265233, 0, 0, 122, 122, 1, 0.08%, 12, 0, 2, 7.09
1629265465, 0, 0, 123, 123, 1, 0.08%, 12, 0, 2, 6.76
1629265491, 0, 0, 124, 124, 1, 0.08%, 12, 0, 2, 6.63
1629265667, 0, 0, 125, 125, 1, 0.08%, 12, 0, 2, 6.32
1629265815, 0, 0, 125, 125, 1, 0.08%, 13, 0, 2, 7.17
1629265825, 0, 0, 127, 127, 1, 0.08%, 14, 0, 2, 8.67
1629265949, 0, 0, 128, 128, 1, 0.08%, 14, 0, 2, 6.96
1629265959, 0, 0, 129, 129, 1, 0.08%, 14, 0, 2, 15.27
1629266683, 0, 0, 130, 130, 1, 0.08%, 14, 0, 2, 8.70
1629267649, 0, 0, 130, 130, 1, 0.08%, 15, 0, 2, 11.80
1629267664, 0, 0, 130, 130, 1, 0.08%, 16, 0, 2, 9.57
1629267930, 0, 0, 131, 131, 1, 0.08%, 16, 0, 2, 9.23
1629267935, 0, 0, 132, 132, 1, 0.08%, 16, 0, 2, 9.36
1629267940, 0, 0, 133, 133, 1, 0.08%, 16, 0, 2, 9.32
1629267950, 0, 0, 134, 134, 1, 0.08%, 16, 0, 2, 9.41
1629267955, 0, 0, 135, 135, 1, 0.08%, 16, 0, 2, 9.43
1629267981, 0, 0, 136, 136, 1, 0.08%, 16, 0, 2, 8.42
1629268016, 0, 0, 139, 139, 1, 0.08%, 16, 0, 2, 9.10
1629268021, 0, 0, 140, 140, 1, 0.08%, 16, 0, 2, 8.86
1629268062, 0, 0, 143, 143, 1, 0.08%, 16, 0, 2, 7.77
1629268067, 0, 0, 145, 145, 1, 0.08%, 16, 0, 2, 8.58
1629268083, 0, 0, 146, 146, 1, 0.08%, 16, 0, 2, 8.52
1629268093, 0, 0, 149, 149, 1, 0.08%, 16, 0, 2, 7.76
1629268098, 0, 0, 152, 152, 1, 0.08%, 16, 0, 2, 7.43
1629268124, 0, 0, 154, 154, 1, 0.08%, 16, 0, 2, 7.78
1629268129, 0, 0, 156, 156, 1, 0.08%, 16, 0, 2, 7.40
1629268149, 0, 0, 157, 157, 1, 0.08%, 16, 0, 2, 8.15
1629268170, 0, 0, 158, 158, 1, 0.08%, 16, 0, 2, 8.33
1629268180, 0, 0, 159, 159, 1, 0.08%, 16, 0, 2, 8.21
1629268201, 0, 0, 160, 160, 1, 0.08%, 16, 0, 2, 7.92
1629268206, 0, 0, 161, 161, 1, 0.08%, 16, 0, 2, 8.26
1629268226, 0, 0, 162, 162, 1, 0.08%, 16, 0, 2, 7.96
1629268278, 0, 0, 163, 163, 1, 0.08%, 16, 0, 2, 8.32
1629268452, 0, 0, 164, 164, 1, 0.08%, 16, 0, 2, 8.34
1629268792, 0, 0, 165, 165, 1, 0.08%, 16, 0, 2, 6.78
1629268828, 0, 0, 166, 166, 1, 0.08%, 16, 0, 2, 7.26
1629269318, 0, 0, 167, 167, 1, 0.08%, 16, 0, 2, 7.20
1629269349, 0, 0, 168, 168, 1, 0.08%, 16, 0, 2, 6.79
1629269524, 0, 0, 169, 169, 1, 0.08%, 16, 0, 2, 7.59
1629269534, 0, 0, 170, 170, 1, 0.08%, 16, 0, 2, 8.25
1629269550, 0, 0, 171, 171, 1, 0.08%, 16, 0, 2, 7.72
1629269991, 0, 0, 172, 172, 1, 0.08%, 16, 0, 2, 6.95
1629270361, 0, 0, 173, 173, 1, 0.08%, 16, 0, 2, 7.90
1629270649, 0, 0, 174, 174, 1, 0.08%, 16, 0, 2, 9.59
1629271197, 0, 0, 175, 175, 1, 0.08%, 16, 0, 2, 7.83
1629271476, 0, 0, 176, 176, 1, 0.08%, 16, 0, 2, 6.86
1629271496, 0, 0, 177, 177, 1, 0.08%, 16, 0, 2, 6.82
1629271527, 0, 0, 178, 178, 1, 0.08%, 16, 0, 2, 6.87
1629271563, 0, 0, 179, 179, 1, 0.08%, 16, 0, 2, 7.08
1629271723, 0, 0, 180, 180, 1, 0.08%, 16, 0, 2, 6.65
1629272559, 0, 0, 181, 181, 1, 0.08%, 16, 0, 2, 7.34
1629273017, 0, 0, 182, 182, 1, 0.08%, 16, 0, 2, 9.61
1629273032, 0, 0, 184, 184, 1, 0.08%, 16, 0, 2, 11.26
1629273161, 0, 0, 184, 184, 1, 0.08%, 17, 0, 2, 15.92
1629273259, 0, 0, 186, 186, 1, 0.08%, 17, 0, 2, 7.52
1629273264, 0, 0, 188, 188, 1, 0.08%, 17, 0, 2, 6.81
1629273269, 0, 0, 189, 189, 1, 0.08%, 17, 0, 2, 6.83
1629273274, 0, 0, 190, 190, 1, 0.08%, 17, 0, 2, 6.82
1629273279, 0, 0, 191, 191, 1, 0.08%, 17, 0, 2, 6.75
1629273284, 0, 0, 193, 193, 1, 0.08%, 17, 0, 2, 6.74
1629273289, 0, 0, 194, 194, 1, 0.09%, 17, 0, 2, 7.02
1629273294, 0, 0, 195, 195, 1, 0.09%, 17, 0, 2, 6.79
1629273299, 0, 0, 197, 197, 1, 0.09%, 17, 0, 2, 7.06
1629273305, 0, 0, 198, 198, 1, 0.09%, 17, 0, 2, 7.48
1629273310, 0, 0, 199, 199, 1, 0.09%, 17, 0, 2, 6.79
1629273315, 0, 0, 200, 200, 1, 0.09%, 17, 0, 2, 6.69
1629273320, 0, 0, 201, 201, 1, 0.09%, 17, 0, 2, 6.53
1629273325, 0, 0, 203, 203, 1, 0.10%, 17, 0, 2, 6.31
1629273341, 0, 0, 204, 204, 1, 0.10%, 17, 0, 2, 7.43
1629273346, 0, 0, 205, 205, 1, 0.10%, 17, 0, 2, 7.30
1629273351, 0, 0, 206, 206, 1, 0.10%, 17, 0, 2, 7.05
1629273356, 0, 0, 208, 208, 1, 0.10%, 17, 0, 2, 6.98
1629273361, 0, 0, 209, 209, 1, 0.10%, 17, 0, 2, 6.86
1629273392, 0, 0, 210, 210, 1, 0.10%, 17, 0, 2, 7.43
1629273397, 0, 0, 211, 211, 1, 0.10%, 17, 0, 2, 7.60
1629273402, 0, 0, 212, 212, 1, 0.10%, 17, 0, 2, 7.57
1629273407, 0, 0, 213, 213, 1, 0.10%, 17, 0, 2, 7.98
1629273413, 0, 0, 215, 215, 1, 0.10%, 17, 0, 2, 7.34
1629273428, 0, 0, 216, 216, 1, 0.10%, 17, 0, 2, 7.62
1629273433, 0, 0, 217, 217, 1, 0.10%, 17, 0, 2, 7.08
1629273438, 0, 0, 218, 218, 1, 0.10%, 17, 0, 2, 6.92
1629273448, 0, 0, 219, 219, 1, 0.10%, 17, 0, 2, 7.21
1629274571, 0, 0, 220, 220, 1, 0.10%, 17, 0, 2, 8.41
1629274591, 0, 0, 221, 221, 1, 0.10%, 17, 0, 2, 8.64
1629274617, 0, 0, 222, 222, 1, 0.10%, 17, 0, 2, 8.48
1629275334, 0, 0, 223, 223, 1, 0.10%, 17, 0, 2, 7.64
1629276377, 0, 0, 224, 224, 1, 0.10%, 17, 0, 2, 7.61
1629276383, 0, 0, 225, 225, 1, 0.10%, 17, 0, 2, 7.16
1629276388, 0, 0, 226, 226, 1, 0.10%, 17, 0, 2, 6.98
1629276393, 0, 0, 228, 228, 1, 0.10%, 17, 0, 2, 7.46
1629276403, 0, 0, 230, 230, 1, 0.10%, 17, 0, 2, 7.16
1629276419, 0, 0, 232, 232, 1, 0.10%, 17, 0, 2, 7.03
1629276424, 0, 0, 233, 233, 1, 0.10%, 17, 0, 2, 7.21
1629276439, 0, 0, 234, 234, 1, 0.10%, 17, 0, 2, 7.67
1629276444, 0, 0, 236, 236, 1, 0.10%, 17, 0, 2, 7.31
1629276449, 0, 0, 237, 237, 1, 0.10%, 17, 0, 2, 7.16
1629276454, 0, 0, 238, 238, 1, 0.10%, 17, 0, 2, 7.28
1629276459, 0, 0, 239, 239, 1, 0.10%, 17, 0, 2, 7.41
1629276464, 0, 0, 241, 241, 1, 0.10%, 17, 0, 2, 7.27
1629276480, 0, 0, 242, 242, 1, 0.10%, 17, 0, 2, 7.26
1629276485, 0, 0, 243, 243, 1, 0.10%, 17, 0, 2, 7.22
1629276490, 0, 0, 244, 244, 1, 0.10%, 17, 0, 2, 7.42
1629276500, 0, 0, 245, 245, 1, 0.10%, 17, 0, 2, 7.95
1629276516, 0, 0, 246, 246, 1, 0.10%, 17, 0, 2, 8.45
1629276526, 0, 0, 247, 247, 1, 0.10%, 17, 0, 2, 7.89
1629292147, 0, 0, 248, 248, 1, 0.10%, 17, 0, 2, 6.84
1629297497, 0, 0, 249, 249, 1, 0.10%, 17, 0, 2, 7.10
1629297595, 0, 0, 250, 250, 1, 0.10%, 17, 0, 2, 6.77
1629297631, 0, 0, 252, 252, 1, 0.10%, 17, 0, 2, 6.75
1629299224, 0, 0, 253, 253, 1, 0.10%, 17, 0, 2, 7.40
1629306095, 0, 0, 254, 254, 1, 0.10%, 17, 0, 2, 9.06
1629306300, 0, 0, 255, 255, 1, 0.10%, 17, 0, 2, 6.77
1629308094, 0, 0, 257, 257, 1, 0.10%, 18, 0, 2, 8.37
1629308099, 0, 0, 262, 262, 1, 0.10%, 18, 0, 2, 13.53
1629308104, 0, 0, 263, 263, 1, 0.10%, 18, 0, 2, 13.47
1629308109, 0, 0, 264, 264, 1, 0.10%, 18, 0, 2, 15.22
1629308115, 0, 0, 264, 264, 1, 0.10%, 19, 0, 2, 12.85
1629308120, 0, 0, 265, 265, 1, 0.10%, 19, 0, 2, 11.81
1629308125, 0, 0, 267, 267, 1, 0.10%, 19, 0, 2, 13.50
1629308135, 0, 0, 268, 268, 1, 0.10%, 19, 0, 2, 10.88
1629308145, 0, 0, 269, 269, 1, 0.10%, 19, 0, 2, 11.57
1629308151, 0, 0, 270, 270, 1, 0.10%, 19, 0, 2, 11.10
1629308156, 0, 0, 271, 271, 1, 0.10%, 19, 0, 2, 11.33
1629308166, 0, 0, 272, 272, 1, 0.10%, 19, 0, 2, 10.41
1629308197, 0, 0, 273, 273, 1, 0.10%, 19, 0, 2, 11.86
1629308212, 0, 0, 274, 274, 1, 0.10%, 19, 0, 2, 10.57
1629308228, 0, 0, 275, 275, 1, 0.10%, 19, 0, 2, 13.15
1629308243, 0, 0, 276, 276, 1, 0.10%, 19, 0, 2, 11.70
1629308264, 0, 0, 277, 277, 1, 0.10%, 19, 0, 2, 13.84
1629308285, 0, 0, 278, 278, 1, 0.10%, 19, 0, 2, 13.33
1629308372, 0, 0, 280, 280, 1, 0.10%, 19, 0, 2, 11.69
1629308377, 0, 0, 281, 281, 1, 0.10%, 19, 0, 2, 11.76
1629308403, 0, 0, 282, 282, 1, 0.10%, 19, 0, 2, 11.74
1629308444, 0, 0, 283, 283, 1, 0.10%, 19, 0, 2, 12.09
1629308495, 0, 0, 284, 284, 1, 0.10%, 19, 0, 2, 11.23
1629308510, 0, 0, 284, 284, 1, 0.10%, 20, 0, 2, 11.51
1629308536, 0, 0, 285, 285, 1, 0.10%, 20, 0, 2, 11.27
1629308572, 0, 0, 286, 286, 1, 0.10%, 20, 0, 2, 11.86
1629308654, 0, 0, 287, 287, 1, 0.10%, 20, 0, 2, 10.76
1629308705, 0, 0, 288, 288, 1, 0.10%, 20, 0, 2, 10.52
1629308761, 0, 0, 289, 289, 1, 0.10%, 20, 0, 2, 11.51
1629308848, 0, 0, 290, 290, 1, 0.10%, 20, 0, 2, 11.08
1629308864, 0, 0, 291, 291, 1, 0.10%, 20, 0, 2, 12.49
1629308890, 0, 0, 292, 292, 1, 0.10%, 20, 0, 2, 11.28
1629308910, 0, 0, 293, 293, 1, 0.10%, 20, 0, 2, 11.13
1629308921, 0, 0, 294, 294, 1, 0.10%, 20, 0, 2, 11.83
1629308992, 0, 0, 295, 295, 1, 0.10%, 20, 0, 2, 11.74
1629309018, 0, 0, 296, 296, 1, 0.10%, 20, 0, 2, 10.50
1629309074, 0, 0, 297, 297, 1, 0.10%, 20, 0, 2, 12.98
1629309104, 0, 0, 298, 298, 1, 0.10%, 20, 0, 2, 11.62
1629309150, 0, 0, 299, 299, 1, 0.10%, 20, 0, 2, 12.83
1629309227, 0, 0, 300, 300, 1, 0.10%, 20, 0, 2, 12.08
1629309273, 0, 0, 301, 301, 1, 0.10%, 20, 0, 2, 14.13
1629309289, 0, 0, 302, 302, 1, 0.10%, 20, 0, 2, 11.94
1629309376, 0, 0, 303, 303, 1, 0.10%, 20, 0, 2, 10.38
1629309391, 0, 0, 304, 304, 1, 0.10%, 20, 0, 2, 11.42
1629309437, 0, 0, 305, 305, 1, 0.10%, 20, 0, 2, 11.29
1629309463, 0, 2, 305, 304, 66, 0.10%, 20, 0, 2, 8.67
1629309788, 0, 2, 306, 305, 66, 0.10%, 20, 0, 3, 6.98
1629310489, 0, 2, 307, 306, 66, 0.10%, 20, 0, 3, 42.65
1629312167, 0, 2, 308, 307, 66, 0.10%, 20, 0, 3, 6.81
1629314242, 0, 2, 309, 308, 66, 0.10%, 20, 0, 3, 8.61
1629314263, 0, 2, 310, 309, 66, 0.10%, 20, 0, 3, 8.30
1629314844, 0, 2, 311, 310, 66, 0.10%, 20, 0, 3, 7.10
1629316049, 0, 2, 312, 311, 66, 0.10%, 20, 0, 3, 6.79
1629317458, 0, 2, 313, 312, 66, 0.10%, 20, 0, 3, 7.64
1629319040, 0, 2, 314, 313, 66, 0.10%, 20, 0, 3, 11.82
1629319312, 0, 2, 315, 314, 66, 0.10%, 20, 0, 3, 6.84
1629319317, 0, 2, 316, 315, 66, 0.10%, 20, 0, 3, 6.62
1629319430, 0, 2, 317, 316, 66, 0.10%, 20, 0, 3, 6.85
1629349654, 0, 2, 318, 317, 66, 0.10%, 20, 0, 3, 4.34
