# unix_time, cycles_done, cur_path, paths_total, pending_total, pending_favs, map_size, unique_crashes, unique_hangs, max_depth, execs_per_sec
1630486565, 0, 0, 1, 1, 1, 0.00%, 0, 0, 1, 0.12
1630486585, 0, 0, 3, 3, 1, 0.01%, 1, 0, 2, 3.95
1630486606, 0, 0, 5, 5, 1, 0.01%, 1, 0, 2, 4.96
1630486616, 0, 0, 6, 6, 1, 0.01%, 1, 0, 2, 5.43
1630486632, 0, 0, 7, 7, 1, 0.01%, 1, 0, 2, 5.80
1630486637, 0, 0, 8, 8, 1, 0.01%, 1, 0, 2, 5.96
1630486678, 0, 0, 10, 10, 1, 0.01%, 1, 0, 2, 10.73
1630486698, 0, 0, 11, 11, 1, 0.01%, 1, 0, 2, 10.45
1630486718, 0, 0, 12, 12, 1, 0.01%, 1, 0, 2, 10.49
1630486744, 0, 0, 13, 13, 1, 0.01%, 1, 0, 2, 8.94
1630486754, 0, 0, 14, 14, 1, 0.01%, 1, 0, 2, 10.84
1630486759, 0, 0, 15, 15, 1, 0.01%, 1, 0, 2, 10.79
1630486800, 0, 0, 16, 16, 1, 0.01%, 1, 0, 2, 10.74
1630486862, 0, 0, 17, 17, 1, 0.01%, 1, 0, 2, 10.69
1630486903, 0, 0, 18, 18, 1, 0.01%, 1, 0, 2, 10.66
1630486929, 0, 0, 19, 19, 1, 0.01%, 1, 0, 2, 10.06
1630486964, 0, 0, 20, 20, 1, 0.01%, 1, 0, 2, 10.60
1630486990, 0, 0, 21, 21, 1, 0.01%, 1, 0, 2, 10.47
1630487103, 0, 0, 22, 22, 1, 0.01%, 1, 0, 2, 10.30
1630487123, 0, 0, 23, 23, 1, 0.01%, 1, 0, 2, 10.46
1630487149, 0, 0, 24, 24, 1, 0.01%, 1, 0, 2, 10.49
1630487313, 0, 0, 25, 25, 1, 0.01%, 1, 0, 2, 8.92
1630487318, 0, 0, 26, 26, 1, 0.01%, 1, 0, 2, 10.45
1630487323, 0, 0, 28, 28, 1, 0.01%, 1, 0, 2, 10.47
1630487873, 0, 0, 29, 29, 1, 0.01%, 1, 0, 2, 8.06
1630487889, 0, 0, 30, 30, 1, 0.01%, 1, 0, 2, 8.11
1630487914, 0, 0, 31, 31, 1, 0.01%, 1, 0, 2, 7.79
1630487935, 0, 0, 33, 33, 1, 0.01%, 1, 0, 2, 10.56
1630487940, 0, 0, 34, 34, 1, 0.01%, 1, 0, 2, 11.29
1630487955, 0, 0, 35, 35, 1, 0.01%, 1, 0, 2, 11.57
1630488145, 0, 0, 37, 37, 1, 0.01%, 1, 0, 2, 9.50
1630488402, 0, 0, 39, 39, 1, 0.01%, 1, 0, 2, 10.43
1630489108, 0, 0, 40, 40, 1, 0.01%, 1, 0, 2, 7.82
1630489436, 0, 0, 41, 41, 1, 0.01%, 1, 0, 2, 8.17
1630489452, 0, 0, 42, 42, 1, 0.01%, 1, 0, 2, 8.09
1630489611, 0, 0, 43, 43, 1, 0.01%, 1, 0, 2, 9.18
1630489964, 0, 0, 44, 44, 1, 0.01%, 1, 0, 2, 12.27
1630490128, 0, 0, 45, 45, 1, 0.01%, 1, 0, 2, 11.83
1630490139, 0, 0, 46, 46, 1, 0.01%, 1, 0, 2, 12.08
1630492135, 0, 0, 47, 47, 1, 0.01%, 1, 0, 2, 11.75
1630492186, 0, 0, 48, 48, 1, 0.01%, 1, 0, 2, 12.49
1630492202, 0, 0, 49, 49, 1, 0.01%, 1, 0, 2, 12.50
1630492217, 0, 0, 50, 50, 1, 0.01%, 1, 0, 2, 12.40
1630493868, 0, 0, 51, 51, 1, 0.01%, 1, 0, 2, 10.40
1630498410, 0, 0, 52, 52, 1, 0.01%, 1, 0, 2, 10.74
1630498461, 0, 0, 53, 53, 1, 0.01%, 1, 0, 2, 11.01
1630498497, 0, 0, 54, 54, 1, 0.01%, 1, 0, 2, 11.13
1630513427, 0, 0, 55, 55, 1, 0.01%, 1, 0, 2, 15.13
1630513483, 0, 5, 55, 54, 21, 0.01%, 1, 0, 2, 7.62
1630537371, 0, 5, 56, 55, 21, 0.01%, 1, 0, 3, 17.31
1630537397, 0, 6, 56, 54, 21, 0.01%, 1, 0, 3, 16.66
1630538962, 0, 6, 57, 55, 21, 0.01%, 1, 0, 3, 11.10
1630540098, 0, 6, 58, 56, 21, 0.01%, 1, 0, 3, 8.51
1630564193, 0, 6, 59, 57, 21, 0.01%, 1, 0, 3, 13.48
1630564213, 0, 6, 60, 58, 21, 0.01%, 1, 0, 3, 17.41
1630564218, 0, 6, 61, 59, 21, 0.01%, 1, 0, 3, 16.41
1630564238, 0, 6, 62, 60, 21, 0.01%, 1, 0, 3, 18.09
1630564505, 0, 10, 62, 59, 21, 0.01%, 1, 0, 3, 16.95
