# unix_time, cycles_done, cur_path, paths_total, pending_total, pending_favs, map_size, unique_crashes, unique_hangs, max_depth, execs_per_sec
1629351074, 0, 0, 1, 1, 1, 0.46%, 0, 0, 1, 186.92
1629351079, 0, 0, 22, 22, 1, 0.81%, 0, 0, 2, 241.64
1629351084, 0, 0, 29, 29, 1, 0.83%, 0, 0, 2, 234.06
1629351090, 0, 0, 35, 35, 1, 0.84%, 0, 0, 2, 231.73
1629351095, 0, 0, 41, 41, 1, 0.89%, 0, 0, 2, 287.06
1629351100, 0, 0, 46, 46, 1, 0.89%, 0, 0, 2, 245.28
1629351105, 0, 0, 47, 47, 1, 0.89%, 0, 0, 2, 233.18
1629351115, 0, 0, 48, 48, 1, 0.89%, 0, 0, 2, 234.67
1629351130, 0, 0, 49, 49, 1, 0.89%, 0, 0, 2, 236.19
1629351135, 0, 0, 52, 52, 1, 0.90%, 0, 0, 2, 238.26
1629351140, 0, 0, 54, 54, 1, 0.91%, 0, 0, 2, 273.25
1629351145, 0, 0, 55, 55, 1, 0.91%, 0, 0, 2, 240.14
1629351155, 0, 0, 58, 58, 1, 0.91%, 0, 0, 2, 275.57
1629351186, 0, 0, 74, 74, 1, 0.99%, 0, 0, 2, 330.10
1629351191, 0, 0, 75, 75, 1, 0.99%, 0, 0, 2, 294.81
1629351196, 0, 0, 78, 78, 1, 0.99%, 0, 0, 2, 256.32
1629351211, 0, 0, 79, 79, 1, 0.99%, 0, 0, 2, 240.06
1629351247, 0, 0, 81, 81, 1, 1.01%, 0, 0, 2, 226.98
1629351252, 0, 0, 82, 82, 1, 1.01%, 0, 0, 2, 234.20
1629351267, 0, 0, 84, 84, 1, 1.01%, 0, 0, 2, 220.13
1629351282, 0, 0, 86, 86, 1, 1.01%, 0, 0, 2, 238.23
1629351302, 0, 0, 87, 87, 1, 1.01%, 0, 0, 2, 542.05
1629351307, 0, 0, 99, 99, 1, 1.05%, 1, 0, 2, 344.28
1629351313, 0, 0, 106, 106, 1, 1.07%, 1, 0, 2, 294.53
1629351318, 0, 0, 107, 107, 1, 1.07%, 1, 0, 2, 298.27
1629351343, 0, 0, 111, 111, 1, 1.08%, 1, 0, 2, 229.76
1629351404, 0, 0, 112, 112, 1, 1.08%, 1, 0, 2, 230.46
1629351622, 0, 0, 113, 113, 1, 1.08%, 1, 0, 2, 218.06
1629351693, 0, 0, 114, 114, 1, 1.08%, 1, 0, 2, 203.86
1629351774, 0, 0, 115, 115, 1, 1.12%, 1, 0, 2, 255.83
1629351824, 0, 0, 116, 116, 1, 1.12%, 1, 0, 2, 233.35
1629351829, 0, 0, 126, 126, 1, 1.12%, 1, 0, 2, 315.84
1629351834, 0, 0, 128, 128, 1, 1.12%, 1, 0, 2, 341.89
1629351845, 0, 0, 133, 133, 1, 1.12%, 1, 0, 2, 351.76
1629351850, 0, 0, 135, 135, 1, 1.12%, 1, 0, 2, 350.09
1629351855, 0, 0, 136, 136, 1, 1.12%, 1, 0, 2, 352.29
1629351860, 0, 0, 137, 137, 1, 1.12%, 1, 0, 2, 357.88
1629351866, 0, 0, 140, 140, 1, 1.12%, 1, 0, 2, 344.44
1629351871, 0, 0, 141, 141, 1, 1.12%, 1, 0, 2, 354.02
1629351886, 0, 0, 143, 143, 1, 1.12%, 1, 0, 2, 347.50
1629351891, 0, 0, 144, 144, 1, 1.12%, 1, 0, 2, 344.98
1629351907, 0, 0, 146, 146, 1, 1.13%, 1, 0, 2, 346.81
1629351922, 0, 1, 146, 145, 53, 1.13%, 1, 0, 2, 375.53
1629351979, 0, 3, 146, 144, 52, 1.13%, 1, 0, 2, 354.72
1629352108, 0, 3, 147, 145, 52, 1.14%, 1, 0, 3, 273.41
1629352123, 0, 3, 148, 146, 52, 1.14%, 2, 0, 3, 323.16
1629352537, 0, 4, 150, 147, 51, 1.14%, 2, 0, 3, 331.34
1629352558, 0, 4, 152, 149, 51, 1.14%, 2, 0, 3, 346.17
1629352563, 0, 4, 153, 150, 51, 1.18%, 2, 0, 3, 301.86
1629352598, 0, 7, 153, 149, 52, 1.18%, 2, 0, 3, 398.62
1629352664, 0, 8, 153, 148, 49, 1.18%, 2, 0, 3, 382.06
1629352685, 0, 8, 153, 148, 49, 1.18%, 3, 0, 3, 380.16
1629352730, 0, 9, 153, 147, 48, 1.18%, 3, 0, 3, 378.97
1629352796, 0, 10, 153, 146, 47, 1.18%, 3, 0, 3, 307.05
1629352934, 0, 10, 153, 146, 47, 1.18%, 4, 0, 3, 301.66
1629353410, 0, 10, 154, 147, 47, 1.18%, 4, 0, 3, 325.09
1629353415, 0, 10, 155, 148, 47, 1.18%, 4, 0, 3, 336.78
1629353420, 0, 18, 155, 147, 46, 1.18%, 4, 0, 3, 275.79
1629353592, 0, 18, 156, 148, 46, 1.19%, 5, 0, 3, 300.81
1629354113, 0, 18, 157, 149, 46, 1.19%, 5, 0, 3, 325.37
1629354118, 0, 19, 157, 148, 45, 1.19%, 5, 0, 3, 319.01
1629354325, 0, 19, 158, 149, 45, 1.19%, 5, 0, 3, 205.23
1629354817, 0, 20, 158, 148, 44, 1.19%, 5, 0, 3, 267.27
1629355517, 0, 22, 158, 147, 43, 1.19%, 5, 0, 3, 283.62
1629355532, 0, 22, 159, 148, 43, 1.19%, 5, 0, 3, 284.96
1629355658, 0, 22, 159, 148, 43, 1.19%, 6, 0, 3, 354.30
1629355664, 0, 22, 160, 149, 43, 1.19%, 6, 0, 3, 299.77
1629356074, 0, 22, 162, 151, 43, 1.19%, 6, 0, 3, 351.68
1629356080, 0, 22, 163, 152, 43, 1.19%, 6, 0, 3, 365.20
1629356090, 0, 22, 164, 153, 43, 1.19%, 6, 0, 3, 374.13
1629356095, 0, 22, 165, 154, 43, 1.19%, 6, 0, 3, 363.08
1629356100, 0, 22, 166, 155, 43, 1.19%, 6, 0, 3, 380.85
1629356105, 0, 22, 168, 157, 43, 1.19%, 6, 0, 3, 371.25
1629356130, 0, 22, 169, 158, 43, 1.19%, 6, 0, 3, 371.74
1629356141, 0, 22, 170, 159, 43, 1.19%, 6, 0, 3, 370.08
1629356161, 0, 24, 170, 158, 43, 1.19%, 6, 0, 3, 368.58
1629356181, 0, 24, 171, 159, 43, 1.20%, 6, 0, 3, 379.52
1629356222, 0, 24, 172, 160, 43, 1.20%, 6, 0, 3, 348.08
1629356227, 0, 24, 173, 161, 43, 1.20%, 6, 0, 3, 492.73
1629356232, 0, 26, 173, 160, 41, 1.20%, 6, 0, 3, 417.57
1629356313, 0, 28, 173, 159, 40, 1.20%, 6, 0, 3, 291.92
1629357013, 0, 35, 173, 158, 39, 1.20%, 6, 0, 3, 264.06
1629357176, 0, 35, 173, 158, 39, 1.20%, 7, 0, 3, 306.25
1629357657, 0, 38, 173, 157, 38, 1.20%, 7, 0, 3, 282.81
1629357809, 0, 38, 174, 158, 38, 1.20%, 7, 0, 3, 299.20
1629358251, 0, 40, 176, 159, 37, 1.20%, 7, 0, 3, 321.50
1629358312, 0, 42, 176, 158, 38, 1.20%, 7, 0, 3, 348.13
1629358338, 0, 42, 177, 159, 38, 1.20%, 7, 0, 3, 230.50
1629358459, 0, 42, 177, 159, 38, 1.20%, 8, 0, 3, 362.99
1629358495, 0, 42, 180, 162, 38, 1.21%, 8, 0, 3, 229.67
1629358941, 0, 45, 180, 161, 40, 1.21%, 8, 0, 3, 303.24
1629359058, 0, 45, 181, 162, 40, 1.21%, 8, 0, 3, 234.66
1629359104, 0, 45, 181, 162, 40, 1.21%, 9, 0, 3, 296.14
1629359584, 0, 50, 181, 161, 39, 1.21%, 9, 0, 3, 340.84
1629359645, 0, 51, 181, 160, 38, 1.21%, 9, 0, 3, 337.15
1629359665, 0, 51, 182, 161, 38, 1.22%, 9, 0, 3, 255.29
1629359685, 0, 51, 183, 162, 38, 1.22%, 9, 0, 3, 269.82
1629359807, 0, 51, 183, 162, 38, 1.22%, 10, 0, 3, 363.56
1629360288, 0, 51, 185, 164, 38, 1.22%, 10, 0, 3, 305.05
1629360298, 0, 53, 185, 163, 38, 1.22%, 10, 0, 3, 334.87
1629360324, 0, 53, 186, 164, 38, 1.22%, 10, 0, 3, 305.36
1629360359, 0, 54, 186, 163, 38, 1.22%, 10, 0, 3, 389.16
1629360410, 0, 54, 187, 164, 38, 1.22%, 10, 0, 3, 249.88
1629360527, 0, 54, 187, 164, 38, 1.22%, 11, 0, 3, 296.38
1629361007, 0, 58, 189, 165, 38, 1.26%, 11, 0, 3, 237.77
1629361012, 0, 58, 191, 167, 38, 1.26%, 11, 0, 3, 224.92
1629361017, 0, 58, 192, 168, 38, 1.26%, 11, 0, 3, 220.25
1629361022, 0, 58, 196, 172, 38, 1.26%, 11, 0, 3, 282.47
1629361048, 0, 58, 198, 174, 38, 1.26%, 11, 0, 3, 265.82
1629361058, 0, 58, 200, 176, 38, 1.26%, 11, 0, 3, 284.37
1629361078, 0, 58, 203, 179, 38, 1.30%, 11, 0, 3, 317.70
1629361169, 0, 58, 204, 180, 38, 1.31%, 11, 0, 3, 352.96
1629361174, 0, 58, 216, 192, 38, 1.52%, 11, 0, 3, 259.23
1629361179, 0, 58, 218, 194, 38, 1.52%, 11, 0, 3, 310.55
1629361677, 0, 58, 219, 195, 38, 1.52%, 11, 0, 3, 308.10
1629361682, 0, 73, 219, 194, 42, 1.52%, 11, 0, 3, 330.08
1629361723, 0, 73, 220, 195, 42, 1.52%, 11, 0, 3, 324.95
1629361804, 0, 75, 220, 194, 41, 1.52%, 11, 0, 3, 286.54
1629361931, 0, 75, 221, 195, 41, 1.52%, 11, 0, 3, 230.64
1629361982, 0, 75, 221, 195, 41, 1.52%, 12, 0, 3, 291.73
1629362510, 0, 76, 221, 194, 40, 1.52%, 12, 0, 3, 248.77
1629362617, 0, 76, 222, 195, 40, 1.52%, 12, 0, 3, 229.00
1629362667, 0, 76, 222, 195, 40, 1.52%, 13, 0, 3, 294.84
1629363149, 0, 82, 222, 194, 40, 1.52%, 13, 0, 3, 265.29
1629363317, 0, 82, 223, 195, 40, 1.56%, 13, 0, 3, 375.43
1629363353, 0, 82, 224, 196, 40, 1.56%, 13, 0, 3, 213.26
1629363845, 0, 84, 224, 195, 40, 1.56%, 13, 0, 3, 246.06
1629364519, 0, 86, 224, 194, 39, 1.56%, 13, 0, 3, 339.90
1629364591, 0, 102, 224, 193, 38, 1.56%, 13, 0, 3, 369.42
1629364748, 0, 102, 225, 194, 38, 1.56%, 13, 0, 3, 315.45
1629365208, 0, 103, 225, 193, 38, 1.56%, 13, 0, 3, 262.42
1629365807, 0, 107, 225, 192, 37, 1.56%, 13, 0, 3, 281.50
1629366454, 0, 108, 225, 191, 37, 1.56%, 13, 0, 3, 263.43
1629366623, 0, 108, 225, 191, 37, 1.56%, 14, 0, 3, 289.16
1629366882, 0, 108, 226, 192, 37, 1.56%, 14, 0, 3, 222.58
1629367106, 0, 112, 226, 191, 36, 1.56%, 14, 0, 3, 283.88
1629367294, 0, 112, 226, 191, 36, 1.56%, 15, 0, 3, 399.44
1629367334, 0, 112, 227, 192, 36, 1.56%, 15, 0, 3, 205.30
1629367825, 0, 112, 228, 193, 36, 1.56%, 15, 0, 3, 263.67
1629367836, 0, 114, 228, 192, 35, 1.56%, 15, 0, 3, 300.48
1629367856, 0, 114, 229, 193, 35, 1.56%, 15, 0, 3, 277.30
1629367927, 0, 114, 230, 194, 35, 1.56%, 15, 0, 3, 288.89
1629367963, 0, 114, 231, 195, 35, 1.56%, 15, 0, 3, 276.09
1629368440, 0, 114, 232, 196, 35, 1.56%, 15, 0, 3, 338.48
1629368445, 0, 119, 232, 195, 36, 1.56%, 15, 0, 3, 359.59
1629368778, 0, 120, 232, 194, 35, 1.56%, 15, 0, 3, 350.30
1629368804, 0, 120, 233, 195, 35, 1.56%, 15, 0, 3, 316.61
1629368931, 0, 141, 233, 194, 34, 1.56%, 15, 0, 3, 332.41
1629369332, 0, 143, 233, 193, 33, 1.56%, 15, 0, 3, 319.48
1629369337, 0, 143, 236, 196, 33, 1.56%, 15, 0, 3, 288.61
1629369398, 0, 143, 237, 197, 33, 1.56%, 15, 0, 3, 347.34
1629369853, 0, 143, 240, 200, 33, 1.56%, 15, 0, 3, 365.64
1629369874, 0, 144, 240, 199, 35, 1.56%, 15, 0, 3, 371.40
1629369910, 0, 144, 242, 201, 35, 1.56%, 15, 0, 3, 364.10
1629369991, 0, 146, 242, 200, 34, 1.56%, 15, 0, 3, 306.84
1629370545, 0, 147, 243, 200, 33, 1.56%, 15, 0, 4, 295.69
1629370713, 0, 147, 244, 201, 33, 1.56%, 15, 0, 4, 273.83
1629371123, 0, 148, 244, 200, 33, 1.56%, 15, 0, 4, 361.33
1629371144, 0, 148, 244, 200, 33, 1.56%, 16, 0, 4, 367.26
1629371184, 0, 149, 244, 199, 32, 1.56%, 16, 0, 4, 391.47
1629371250, 0, 152, 246, 200, 31, 1.56%, 16, 0, 4, 354.56
1629371260, 0, 152, 249, 203, 31, 1.56%, 16, 0, 4, 312.07
1629371270, 0, 152, 250, 204, 31, 1.56%, 16, 0, 4, 325.44
1629371276, 0, 152, 253, 207, 31, 1.57%, 16, 0, 4, 294.80
1629371291, 0, 152, 256, 210, 31, 1.58%, 16, 0, 4, 326.72
1629371316, 0, 152, 258, 212, 31, 1.58%, 16, 0, 4, 289.68
1629371341, 0, 152, 259, 213, 31, 1.58%, 16, 0, 4, 289.74
1629371382, 0, 153, 259, 212, 36, 1.58%, 16, 0, 4, 295.93
1629371468, 0, 153, 260, 213, 36, 1.58%, 16, 0, 4, 281.28
1629372351, 0, 155, 260, 212, 36, 1.58%, 16, 0, 4, 263.30
1629372453, 0, 155, 262, 214, 36, 1.58%, 16, 0, 4, 282.91
1629372600, 0, 155, 265, 217, 36, 1.58%, 16, 0, 4, 234.41
1629372605, 0, 155, 268, 220, 36, 1.58%, 16, 0, 4, 280.94
1629373077, 0, 158, 268, 219, 35, 1.58%, 16, 0, 4, 327.71
1629373097, 0, 158, 268, 219, 35, 1.58%, 17, 0, 4, 395.14
1629373138, 0, 169, 268, 218, 34, 1.58%, 17, 0, 4, 360.12
1629373159, 0, 169, 269, 219, 34, 1.58%, 17, 0, 4, 268.53
1629373297, 0, 169, 269, 219, 34, 1.58%, 18, 0, 4, 331.32
1629373737, 0, 170, 269, 218, 33, 1.58%, 18, 0, 4, 331.07
1629373869, 0, 171, 272, 220, 32, 1.58%, 18, 0, 4, 330.19
1629373900, 0, 171, 274, 222, 32, 1.58%, 18, 0, 4, 291.98
1629374008, 0, 171, 275, 223, 32, 1.58%, 18, 0, 4, 348.79
1629374013, 0, 171, 276, 224, 32, 1.58%, 18, 0, 4, 448.86
1629374018, 0, 171, 277, 225, 32, 1.58%, 18, 0, 4, 464.44
1629374028, 0, 175, 277, 224, 33, 1.58%, 18, 0, 4, 363.58
1629374090, 0, 177, 277, 223, 32, 1.58%, 18, 0, 4, 377.69
1629374095, 0, 177, 279, 225, 32, 1.58%, 18, 0, 4, 270.02
1629374247, 0, 177, 279, 225, 32, 1.58%, 19, 0, 4, 367.82
1629374734, 0, 178, 279, 224, 32, 1.58%, 19, 0, 4, 248.55
1629374886, 0, 178, 279, 224, 32, 1.58%, 20, 0, 4, 364.00
1629375378, 0, 178, 280, 225, 32, 1.58%, 20, 0, 4, 259.27
1629375383, 0, 179, 280, 224, 32, 1.58%, 20, 0, 4, 298.47
1629375546, 0, 179, 280, 224, 32, 1.58%, 21, 0, 4, 374.51
1629376037, 0, 181, 280, 223, 31, 1.58%, 21, 0, 4, 298.91
1629376200, 0, 181, 280, 223, 31, 1.58%, 22, 0, 4, 394.50
1629376691, 0, 184, 281, 223, 30, 1.58%, 22, 0, 4, 333.51
1629376732, 0, 184, 282, 224, 30, 1.58%, 22, 0, 4, 394.40
1629376747, 0, 184, 282, 224, 30, 1.58%, 23, 0, 4, 306.96
1629376824, 0, 186, 282, 223, 29, 1.58%, 23, 0, 4, 294.32
1629376875, 0, 186, 283, 224, 29, 1.58%, 23, 0, 4, 275.80
1629377474, 0, 188, 283, 223, 29, 1.58%, 23, 0, 4, 309.15
1629377504, 0, 188, 284, 224, 29, 1.58%, 23, 0, 4, 258.65
1629377551, 0, 189, 285, 224, 27, 1.58%, 23, 0, 4, 337.11
1629377628, 0, 189, 287, 226, 27, 1.58%, 23, 0, 4, 339.74
1629377633, 0, 189, 289, 228, 27, 1.58%, 23, 0, 4, 470.37
1629377638, 0, 189, 290, 229, 27, 1.58%, 23, 0, 4, 484.52
1629377643, 0, 189, 291, 230, 27, 1.58%, 23, 0, 4, 489.28
1629377649, 0, 189, 292, 231, 27, 1.58%, 23, 0, 4, 499.25
1629377654, 0, 189, 293, 232, 27, 1.58%, 23, 0, 4, 489.02
1629377679, 0, 202, 293, 231, 27, 1.58%, 23, 0, 4, 388.12
1629377746, 0, 202, 294, 232, 27, 1.58%, 23, 0, 4, 431.84
1629377751, 0, 206, 295, 232, 26, 1.58%, 23, 0, 4, 267.75
1629377921, 0, 206, 296, 233, 26, 1.58%, 23, 0, 4, 272.07
1629377931, 0, 206, 298, 235, 26, 1.59%, 23, 0, 4, 270.50
1629378445, 0, 207, 298, 234, 28, 1.59%, 23, 0, 4, 236.90
1629378620, 0, 207, 300, 236, 28, 1.59%, 23, 0, 4, 332.86
1629378630, 0, 207, 301, 237, 28, 1.59%, 23, 0, 4, 225.07
1629379166, 0, 208, 301, 236, 27, 1.59%, 23, 0, 4, 294.04
1629379171, 0, 208, 304, 239, 27, 1.62%, 23, 0, 4, 267.01
1629379176, 0, 208, 305, 240, 27, 1.62%, 23, 0, 4, 260.60
1629379212, 0, 208, 310, 245, 27, 1.62%, 23, 0, 4, 272.42
1629379314, 0, 208, 312, 247, 27, 1.63%, 23, 0, 4, 259.81
1629379705, 0, 208, 315, 250, 27, 1.63%, 23, 0, 4, 202.67
1629379710, 0, 208, 316, 251, 27, 1.67%, 23, 0, 4, 234.63
1629379716, 0, 208, 318, 253, 27, 1.67%, 23, 0, 4, 250.61
1629379726, 0, 208, 319, 254, 27, 1.67%, 23, 0, 4, 250.79
1629379777, 0, 209, 319, 253, 34, 1.67%, 23, 0, 4, 261.75
1629380446, 0, 221, 319, 252, 33, 1.67%, 23, 0, 4, 312.24
1629380578, 0, 221, 320, 253, 33, 1.67%, 23, 0, 4, 223.46
1629380593, 0, 221, 320, 253, 33, 1.67%, 24, 0, 4, 372.37
1629381099, 0, 222, 320, 252, 33, 1.67%, 24, 0, 4, 284.83
1629381115, 0, 222, 320, 252, 33, 1.67%, 25, 0, 4, 219.81
1629381120, 0, 222, 320, 252, 33, 1.67%, 26, 0, 4, 271.47
1629381339, 0, 222, 320, 252, 33, 1.67%, 27, 0, 4, 207.24
1629381633, 0, 222, 320, 252, 33, 1.67%, 29, 0, 4, 206.25
1629381669, 0, 222, 321, 253, 33, 1.67%, 29, 0, 4, 208.13
1629381786, 0, 224, 321, 252, 33, 1.67%, 29, 0, 4, 286.79
1629381868, 0, 224, 322, 253, 33, 1.67%, 29, 0, 4, 345.52
1629381873, 0, 224, 323, 254, 33, 1.67%, 29, 0, 4, 285.99
1629381879, 0, 224, 324, 255, 33, 1.67%, 29, 0, 4, 290.34
1629382427, 0, 230, 324, 254, 32, 1.67%, 29, 0, 4, 311.28
1629382638, 0, 230, 325, 255, 32, 1.67%, 29, 0, 4, 265.20
1629383039, 0, 233, 325, 254, 32, 1.67%, 29, 0, 4, 306.52
1629383564, 0, 233, 326, 255, 32, 1.67%, 29, 0, 4, 357.64
1629383569, 0, 237, 326, 254, 31, 1.67%, 29, 0, 4, 280.04
1629383687, 0, 237, 326, 254, 31, 1.67%, 30, 0, 4, 303.39
1629383962, 0, 240, 327, 254, 30, 1.67%, 30, 0, 4, 349.17
1629383999, 0, 240, 328, 255, 30, 1.67%, 30, 0, 4, 392.26
1629384081, 0, 241, 328, 254, 29, 1.67%, 30, 0, 4, 365.08
1629384101, 0, 241, 329, 255, 29, 1.67%, 30, 0, 4, 342.55
1629384204, 0, 246, 329, 254, 29, 1.67%, 30, 0, 4, 349.21
1629384333, 0, 247, 329, 253, 28, 1.67%, 30, 0, 4, 359.65
1629384467, 0, 250, 329, 252, 27, 1.67%, 30, 0, 4, 355.80
1629384595, 0, 251, 329, 251, 26, 1.67%, 30, 0, 4, 356.17
1629384729, 0, 252, 329, 250, 25, 1.67%, 30, 0, 4, 370.15
1629384862, 0, 254, 329, 249, 24, 1.67%, 30, 0, 4, 331.21
1629385041, 0, 256, 330, 249, 23, 1.67%, 30, 0, 5, 369.53
1629385128, 0, 256, 331, 250, 23, 1.67%, 30, 0, 5, 289.68
1629385236, 0, 256, 332, 251, 23, 1.67%, 30, 0, 5, 411.34
1629385241, 0, 256, 333, 252, 23, 1.67%, 30, 0, 5, 438.38
1629385246, 0, 256, 334, 253, 23, 1.67%, 30, 0, 5, 438.15
1629385256, 0, 256, 335, 254, 23, 1.67%, 30, 0, 5, 443.03
1629385261, 0, 256, 336, 255, 23, 1.67%, 30, 0, 5, 445.77
1629385266, 0, 256, 337, 256, 23, 1.67%, 30, 0, 5, 449.84
1629385308, 0, 271, 337, 255, 24, 1.67%, 30, 0, 5, 378.97
1629385452, 0, 273, 337, 254, 23, 1.67%, 30, 0, 5, 428.87
1629385488, 0, 273, 338, 255, 23, 1.67%, 30, 0, 5, 295.50
1629385601, 0, 273, 339, 256, 23, 1.67%, 30, 0, 5, 438.47
1629385606, 0, 278, 339, 255, 22, 1.67%, 30, 0, 5, 386.90
1629385765, 0, 278, 340, 256, 22, 1.67%, 30, 0, 5, 411.65
1629385770, 0, 279, 340, 255, 21, 1.67%, 30, 0, 5, 445.33
1629386453, 0, 279, 341, 256, 21, 1.67%, 30, 0, 5, 312.53
1629386463, 0, 282, 341, 255, 20, 1.67%, 30, 0, 5, 280.31
1629386488, 0, 282, 342, 256, 20, 1.67%, 30, 0, 5, 211.90
1629386732, 0, 282, 343, 257, 20, 1.67%, 30, 0, 5, 201.40
1629387169, 0, 282, 344, 258, 20, 1.67%, 30, 0, 5, 318.04
1629387184, 0, 285, 344, 257, 20, 1.67%, 30, 0, 5, 295.05
1629387362, 0, 294, 344, 256, 19, 1.67%, 30, 0, 5, 350.11
1629387444, 0, 296, 344, 255, 18, 1.67%, 30, 0, 5, 304.85
1629388174, 0, 297, 344, 254, 17, 1.67%, 30, 0, 5, 249.07
1629388910, 0, 301, 344, 253, 16, 1.67%, 30, 0, 5, 320.97
1629389620, 0, 302, 344, 252, 15, 1.67%, 30, 0, 5, 267.24
1629390153, 0, 302, 346, 254, 15, 1.68%, 30, 0, 5, 225.80
1629390229, 0, 303, 346, 253, 16, 1.68%, 30, 0, 5, 277.30
1629390837, 0, 310, 346, 252, 15, 1.68%, 30, 0, 5, 294.75
1629391387, 0, 310, 348, 254, 15, 1.68%, 30, 0, 5, 238.02
1629391459, 0, 311, 348, 253, 14, 1.68%, 30, 0, 5, 295.29
1629392010, 0, 311, 349, 254, 14, 1.68%, 30, 0, 5, 240.77
1629392025, 0, 311, 350, 255, 14, 1.68%, 30, 0, 5, 242.47
1629392082, 0, 315, 350, 254, 15, 1.68%, 30, 0, 5, 255.66
1629392087, 0, 315, 351, 255, 15, 1.68%, 30, 0, 5, 227.68
1629392144, 0, 315, 351, 255, 15, 1.68%, 31, 0, 5, 216.34
1629392797, 0, 315, 352, 256, 15, 1.69%, 31, 0, 5, 203.95
1629392838, 0, 315, 353, 257, 15, 1.69%, 31, 0, 5, 235.67
1629392843, 0, 315, 354, 258, 15, 1.69%, 31, 0, 5, 237.37
1629392873, 0, 315, 355, 259, 15, 1.69%, 31, 0, 5, 210.81
1629392904, 0, 315, 356, 260, 15, 1.69%, 31, 0, 5, 206.54
1629392980, 0, 315, 357, 261, 15, 1.70%, 31, 0, 5, 328.86
1629392990, 0, 315, 359, 263, 15, 1.70%, 31, 0, 5, 336.42
1629393010, 0, 315, 361, 265, 15, 1.70%, 31, 0, 5, 330.66
1629393046, 0, 318, 361, 264, 16, 1.70%, 31, 0, 5, 273.14
1629393198, 0, 318, 362, 265, 16, 1.70%, 31, 0, 5, 240.57
1629393684, 0, 319, 362, 264, 15, 1.70%, 31, 0, 5, 271.26
1629394329, 0, 319, 363, 265, 15, 1.70%, 31, 0, 5, 251.10
1629394349, 0, 320, 363, 264, 15, 1.70%, 31, 0, 5, 274.98
1629395095, 0, 324, 363, 263, 14, 1.70%, 32, 0, 5, 325.21
1629395202, 0, 324, 364, 264, 14, 1.70%, 32, 0, 5, 269.64
1629395719, 0, 328, 365, 264, 13, 1.70%, 32, 0, 5, 336.49
1629395745, 0, 328, 366, 265, 13, 1.70%, 32, 0, 5, 310.88
1629395847, 0, 331, 366, 264, 13, 1.70%, 32, 0, 5, 333.59
1629396044, 0, 332, 366, 263, 12, 1.70%, 32, 0, 5, 366.88
1629396212, 0, 341, 366, 262, 11, 1.70%, 32, 0, 5, 269.54
1629396237, 0, 341, 367, 263, 11, 1.70%, 32, 0, 6, 206.80
1629396928, 0, 345, 367, 262, 10, 1.70%, 32, 0, 6, 319.19
1629397719, 0, 345, 367, 262, 10, 1.70%, 33, 0, 6, 228.04
1629397827, 0, 346, 367, 261, 9, 1.70%, 33, 0, 6, 240.71
1629398573, 0, 347, 367, 260, 8, 1.70%, 33, 0, 6, 276.77
1629399201, 0, 347, 368, 261, 8, 1.70%, 33, 0, 6, 290.07
1629399222, 0, 348, 368, 260, 7, 1.70%, 33, 0, 6, 269.96
1629399859, 0, 349, 368, 259, 6, 1.70%, 33, 0, 6, 309.26
1629400497, 0, 352, 368, 258, 5, 1.70%, 33, 0, 6, 244.40
1629400502, 0, 352, 369, 259, 5, 1.70%, 33, 0, 6, 220.84
1629400543, 0, 352, 369, 259, 5, 1.70%, 34, 0, 6, 217.05
1629401249, 0, 352, 370, 260, 5, 1.70%, 34, 0, 6, 329.04
1629401254, 0, 352, 371, 261, 5, 1.70%, 34, 0, 6, 335.22
1629401270, 0, 361, 371, 260, 6, 1.70%, 34, 0, 6, 319.05
1629401306, 0, 361, 372, 261, 6, 1.70%, 34, 0, 6, 222.04
1629401777, 0, 361, 373, 262, 6, 1.70%, 34, 0, 6, 228.97
1629401849, 0, 361, 374, 263, 6, 1.70%, 34, 0, 6, 234.76
1629401937, 0, 361, 375, 264, 6, 1.70%, 34, 0, 6, 342.33
1629401942, 0, 361, 376, 265, 6, 1.70%, 34, 0, 6, 338.09
1629401957, 0, 361, 377, 266, 6, 1.70%, 34, 0, 6, 343.10
1629401978, 0, 361, 378, 267, 6, 1.70%, 34, 0, 6, 343.16
1629402003, 0, 362, 378, 266, 5, 1.70%, 34, 0, 6, 294.33
1629402566, 0, 362, 379, 267, 5, 1.70%, 34, 0, 6, 343.86
1629402576, 0, 364, 380, 267, 5, 1.70%, 34, 0, 6, 359.24
1629402703, 0, 368, 380, 266, 4, 1.70%, 34, 0, 6, 262.76
1629402714, 0, 368, 381, 267, 4, 1.70%, 34, 0, 7, 217.73
1629403471, 0, 374, 381, 266, 3, 1.70%, 34, 0, 7, 259.19
1629403506, 0, 374, 382, 267, 3, 1.70%, 34, 0, 7, 231.08
1629404128, 0, 374, 383, 268, 3, 1.70%, 34, 0, 7, 267.61
1629404133, 0, 374, 384, 269, 3, 1.70%, 34, 0, 7, 329.62
1629404149, 0, 374, 385, 270, 3, 1.70%, 34, 0, 7, 344.63
1629404201, 0, 378, 385, 269, 2, 1.70%, 34, 0, 7, 303.83
1629404788, 1, 15, 385, 268, 1, 1.70%, 34, 0, 7, 259.73
1629405487, 1, 60, 385, 267, 1, 1.70%, 34, 0, 7, 344.59
1629405548, 1, 79, 385, 266, 1, 1.70%, 34, 0, 7, 332.29
1629405981, 1, 80, 385, 265, 0, 1.70%, 34, 0, 7, 343.46
1629406651, 1, 83, 385, 264, 0, 1.70%, 34, 0, 7, 280.40
1629407139, 1, 93, 385, 263, 0, 1.70%, 34, 0, 7, 307.62
1629407733, 1, 96, 385, 262, 0, 1.70%, 34, 0, 7, 251.96
1629408432, 1, 99, 385, 261, 0, 1.70%, 34, 0, 7, 297.05
1629409024, 1, 109, 385, 260, 0, 1.70%, 34, 0, 7, 265.60
1629409704, 1, 109, 387, 262, 0, 1.70%, 34, 0, 7, 352.88
1629409710, 1, 109, 388, 263, 0, 1.70%, 34, 0, 7, 365.66
1629409715, 1, 109, 389, 264, 0, 1.70%, 34, 0, 7, 366.91
1629409735, 1, 109, 390, 265, 0, 1.70%, 34, 0, 7, 370.91
1629409740, 1, 109, 391, 266, 0, 1.70%, 34, 0, 7, 371.55
1629409760, 1, 109, 392, 267, 0, 1.70%, 34, 0, 7, 368.33
1629409791, 1, 113, 392, 266, 0, 1.70%, 34, 0, 7, 277.49
1629410531, 1, 121, 392, 265, 0, 1.70%, 34, 0, 7, 297.56
1629411205, 1, 122, 392, 264, 0, 1.70%, 34, 0, 7, 307.07
1629411780, 1, 124, 392, 263, 0, 1.70%, 34, 0, 7, 265.04
1629412496, 1, 128, 392, 262, 0, 1.70%, 34, 0, 7, 308.54
1629412628, 1, 130, 392, 261, 0, 1.70%, 34, 0, 7, 358.26
1629413090, 1, 132, 392, 260, 0, 1.70%, 34, 0, 7, 330.28
1629413804, 1, 134, 392, 259, 0, 1.70%, 34, 0, 7, 331.53
1629414210, 1, 134, 393, 260, 0, 1.70%, 34, 0, 7, 391.45
1629414215, 1, 137, 393, 259, 0, 1.70%, 34, 0, 7, 402.24
1629414875, 1, 141, 393, 258, 0, 1.70%, 34, 0, 7, 335.36
1629414880, 1, 159, 393, 258, 0, 1.70%, 34, 0, 7, 337.78
1629415454, 1, 163, 393, 257, 0, 1.70%, 34, 0, 7, 331.69
1629415586, 1, 168, 393, 256, 0, 1.70%, 34, 0, 7, 374.39
1629416256, 1, 190, 394, 256, 1, 1.70%, 34, 0, 7, 348.08
1629416338, 1, 393, 394, 255, 1, 1.70%, 34, 0, 7, 311.76
1629416677, 1, 393, 397, 258, 1, 1.70%, 34, 0, 7, 406.42
1629416708, 1, 393, 398, 259, 1, 1.70%, 34, 0, 7, 443.33
1629416749, 2, 5, 398, 258, 0, 1.70%, 34, 0, 7, 381.82
1629416820, 2, 9, 399, 258, 0, 1.71%, 34, 0, 7, 417.20
1629416825, 2, 295, 399, 258, 1, 1.71%, 34, 0, 7, 288.19
1629416917, 2, 295, 400, 259, 1, 1.71%, 34, 0, 7, 252.37
1629417459, 2, 295, 404, 263, 1, 1.72%, 34, 0, 7, 338.21
1629417480, 2, 295, 406, 265, 1, 1.72%, 34, 0, 7, 376.73
1629417495, 2, 295, 407, 266, 1, 1.72%, 34, 0, 7, 374.35
1629417510, 2, 295, 409, 268, 1, 1.72%, 34, 0, 7, 373.47
1629417515, 2, 295, 410, 269, 1, 1.72%, 34, 0, 7, 379.17
1629417520, 2, 398, 411, 269, 5, 1.73%, 34, 0, 7, 366.53
1629421496, 2, 400, 411, 268, 4, 1.73%, 34, 0, 7, 239.13
1629426397, 2, 401, 411, 267, 3, 1.73%, 34, 0, 7, 198.71
1629428602, 2, 401, 412, 268, 3, 1.73%, 34, 0, 7, 209.19
1629428622, 2, 404, 412, 267, 2, 1.73%, 34, 0, 7, 225.11
1629429207, 2, 410, 412, 266, 1, 1.73%, 34, 0, 7, 60.60
1629433080, 2, 410, 413, 267, 1, 1.74%, 34, 0, 7, 195.25
1629433116, 2, 410, 414, 268, 1, 1.74%, 34, 0, 7, 178.69
1629433132, 2, 412, 414, 267, 1, 1.74%, 34, 0, 7, 174.87
1629436973, 2, 413, 414, 266, 0, 1.74%, 34, 0, 7, 139.39
