# unix_time, cycles_done, cur_path, paths_total, pending_total, pending_favs, map_size, unique_crashes, unique_hangs, max_depth, execs_per_sec
1650988852, 0, 0, 1, 1, 1, 0.01%, 0, 0, 1, 0.19
1650988867, 0, 0, 7, 7, 1, 0.02%, 0, 0, 2, 30.43
1650988872, 0, 0, 16, 16, 1, 0.02%, 0, 0, 2, 62.09
1650988883, 0, 0, 19, 19, 1, 0.02%, 0, 0, 2, 10.55
1650988898, 0, 0, 20, 20, 1, 0.02%, 0, 0, 2, 61.69
1650988903, 0, 0, 25, 25, 1, 0.02%, 0, 0, 2, 62.87
1650988908, 0, 0, 27, 27, 1, 0.02%, 0, 0, 2, 69.45
1650988934, 0, 0, 32, 32, 1, 0.02%, 0, 0, 2, 69.49
1650988939, 0, 0, 33, 33, 1, 0.02%, 0, 0, 2, 74.62
1650988955, 0, 0, 34, 34, 1, 0.02%, 0, 0, 2, 76.42
1650988960, 0, 0, 35, 35, 1, 0.02%, 0, 0, 2, 76.39
1650988965, 0, 0, 37, 37, 1, 0.02%, 0, 0, 2, 73.13
1650988970, 0, 0, 41, 41, 1, 0.02%, 0, 0, 2, 71.55
1650988975, 0, 0, 50, 50, 1, 0.02%, 0, 0, 2, 78.01
1650988986, 0, 0, 52, 52, 1, 0.02%, 0, 0, 2, 67.37
1650988991, 0, 0, 53, 53, 1, 0.02%, 0, 0, 2, 74.75
1650988996, 0, 0, 55, 55, 1, 0.02%, 0, 0, 2, 75.95
1650989011, 0, 0, 56, 56, 1, 0.02%, 0, 0, 2, 76.64
1650989016, 0, 0, 58, 58, 1, 0.02%, 0, 0, 2, 76.42
1650989027, 0, 0, 59, 59, 1, 0.02%, 0, 0, 2, 76.51
1650989052, 0, 0, 60, 60, 1, 0.02%, 0, 0, 2, 76.66
1650989083, 0, 0, 61, 61, 1, 0.02%, 0, 0, 2, 76.40
1650989099, 0, 0, 63, 63, 1, 0.02%, 0, 0, 2, 68.10
1650989114, 0, 0, 64, 64, 1, 0.02%, 0, 0, 2, 73.81
1650989125, 0, 0, 65, 65, 1, 0.02%, 0, 0, 2, 83.41
1650989192, 0, 0, 70, 70, 1, 0.02%, 0, 0, 2, 70.64
1650989300, 0, 0, 79, 79, 1, 0.02%, 0, 0, 2, 74.36
1650989305, 0, 0, 86, 86, 1, 0.02%, 0, 0, 2, 70.47
1650989310, 0, 0, 88, 88, 1, 0.02%, 0, 0, 2, 64.50
1650989341, 0, 0, 91, 91, 1, 0.02%, 0, 0, 2, 74.02
1650989346, 0, 0, 92, 92, 1, 0.02%, 0, 0, 2, 76.02
1650989351, 0, 0, 93, 93, 1, 0.02%, 0, 0, 2, 75.60
1650989356, 0, 0, 95, 95, 1, 0.02%, 0, 0, 2, 76.46
1650989361, 0, 0, 96, 96, 1, 0.02%, 0, 0, 2, 76.38
1650989479, 0, 0, 97, 97, 1, 0.02%, 0, 0, 2, 75.53
1650989540, 0, 0, 98, 98, 1, 0.02%, 0, 0, 2, 75.88
1650989792, 0, 0, 99, 99, 1, 0.02%, 0, 0, 2, 75.41
1650989818, 0, 0, 100, 100, 1, 0.02%, 0, 0, 2, 67.69
1650989823, 0, 0, 101, 101, 1, 0.02%, 0, 0, 2, 193.26
1650989849, 0, 0, 102, 102, 1, 0.02%, 0, 0, 2, 63.72
1650989854, 0, 0, 105, 105, 1, 0.02%, 0, 0, 2, 60.53
1650989859, 0, 0, 108, 108, 1, 0.03%, 0, 0, 2, 58.60
1650989864, 0, 0, 115, 115, 1, 0.03%, 0, 0, 2, 60.19
1650989869, 0, 0, 117, 117, 1, 0.03%, 0, 0, 2, 60.86
1650989874, 0, 0, 121, 121, 1, 0.03%, 0, 0, 2, 60.42
1650989880, 0, 0, 124, 124, 1, 0.03%, 0, 0, 2, 69.58
1650989885, 0, 0, 128, 128, 1, 0.03%, 0, 0, 2, 71.30
1650989890, 0, 0, 131, 131, 1, 0.03%, 0, 0, 2, 70.82
1650989895, 0, 0, 132, 132, 1, 0.03%, 0, 0, 2, 63.93
1650990088, 0, 0, 133, 133, 1, 0.03%, 0, 0, 2, 75.71
1650990165, 0, 0, 134, 134, 1, 0.03%, 0, 0, 2, 76.11
1650993787, 0, 0, 136, 136, 1, 0.03%, 0, 0, 2, 64.11
1650993792, 0, 0, 137, 137, 1, 0.03%, 0, 0, 2, 61.45
1650993827, 0, 0, 143, 143, 1, 0.03%, 0, 0, 2, 76.07
1650993833, 0, 0, 151, 151, 1, 0.03%, 0, 0, 2, 76.58
1650993838, 0, 0, 153, 153, 1, 0.03%, 0, 0, 2, 83.20
1650993843, 0, 0, 156, 156, 1, 0.03%, 0, 0, 2, 80.96
1650993853, 0, 0, 159, 159, 1, 0.03%, 0, 0, 2, 86.60
1650993864, 0, 0, 160, 160, 1, 0.03%, 0, 0, 2, 82.19
1650993874, 0, 0, 162, 162, 1, 0.03%, 0, 0, 2, 84.46
1650993879, 0, 0, 163, 163, 1, 0.03%, 0, 0, 2, 85.67
1650993884, 0, 0, 164, 164, 1, 0.03%, 1, 0, 2, 85.69
1650993889, 0, 0, 165, 165, 1, 0.03%, 1, 0, 2, 86.76
1650993910, 0, 0, 166, 166, 1, 0.03%, 1, 0, 2, 82.89
1650993920, 0, 0, 167, 167, 1, 0.03%, 1, 0, 2, 82.92
1650993925, 0, 0, 168, 168, 1, 0.03%, 1, 0, 2, 83.53
1650993941, 0, 0, 169, 169, 1, 0.03%, 1, 0, 2, 85.00
1650993946, 0, 0, 170, 170, 1, 0.03%, 1, 0, 2, 84.08
1650993951, 0, 0, 171, 171, 1, 0.03%, 1, 0, 2, 88.55
1650993956, 0, 0, 173, 173, 1, 0.03%, 1, 0, 2, 83.42
1650993982, 0, 0, 176, 176, 1, 0.03%, 1, 0, 2, 84.92
1650993987, 0, 0, 177, 177, 1, 0.03%, 1, 0, 2, 82.89
1650993998, 0, 0, 178, 178, 1, 0.03%, 1, 0, 2, 87.52
1650994013, 0, 0, 179, 179, 1, 0.03%, 1, 0, 2, 85.31
1650994023, 0, 4, 179, 178, 45, 0.03%, 1, 0, 2, 83.11
1650994329, 0, 7, 179, 177, 44, 0.03%, 1, 0, 2, 99.88
1650994634, 0, 8, 179, 176, 43, 0.03%, 1, 0, 2, 120.61
1650994736, 0, 8, 180, 177, 43, 0.03%, 1, 0, 3, 76.91
1650994929, 0, 9, 180, 176, 41, 0.03%, 1, 0, 3, 87.78
1650995235, 0, 13, 180, 175, 40, 0.03%, 1, 0, 3, 88.54
1651000210, 0, 13, 181, 176, 40, 0.03%, 1, 0, 3, 85.66
1651000215, 0, 22, 181, 175, 39, 0.03%, 1, 0, 3, 85.28
1651000226, 0, 22, 182, 176, 39, 0.03%, 1, 0, 3, 75.01
1651000241, 0, 22, 183, 177, 39, 0.03%, 1, 0, 3, 67.57
1651000312, 0, 22, 184, 178, 39, 0.03%, 1, 0, 3, 59.30
1651000327, 0, 22, 185, 179, 39, 0.03%, 1, 0, 3, 60.30
1651000333, 0, 22, 186, 180, 39, 0.03%, 1, 0, 3, 61.61
1651000525, 0, 34, 186, 179, 40, 0.03%, 1, 0, 3, 89.43
1651000551, 0, 34, 187, 180, 40, 0.03%, 1, 0, 3, 75.09
1651000746, 0, 34, 188, 181, 40, 0.03%, 1, 0, 3, 69.36
1651001302, 0, 34, 189, 182, 40, 0.03%, 1, 0, 3, 76.59
1651005480, 0, 42, 189, 181, 41, 0.03%, 1, 0, 3, 87.00
1651005485, 0, 42, 190, 182, 41, 0.03%, 1, 0, 3, 72.76
1651005790, 0, 43, 190, 181, 39, 0.03%, 1, 0, 3, 101.56
1651005887, 0, 43, 191, 182, 39, 0.03%, 1, 0, 3, 58.18
1651005897, 0, 43, 192, 183, 39, 0.03%, 1, 0, 3, 58.46
1651006100, 0, 48, 192, 182, 37, 0.03%, 1, 0, 3, 120.25
1651006105, 0, 48, 193, 183, 37, 0.03%, 2, 0, 3, 116.51
1651006110, 0, 48, 195, 185, 37, 0.03%, 2, 0, 3, 93.63
1651006177, 0, 48, 196, 186, 37, 0.03%, 2, 0, 3, 63.23
1651006187, 0, 48, 197, 187, 37, 0.03%, 2, 0, 3, 63.98
1651006202, 0, 48, 198, 188, 37, 0.03%, 2, 0, 3, 69.27
1651006207, 0, 48, 199, 189, 37, 0.03%, 2, 0, 3, 80.91
1651006356, 0, 50, 200, 189, 39, 0.03%, 2, 0, 3, 115.43
1651006630, 0, 50, 201, 190, 39, 0.03%, 2, 0, 3, 77.20
1651006646, 0, 50, 202, 191, 39, 0.03%, 2, 0, 3, 62.68
1651006651, 0, 50, 203, 192, 39, 0.03%, 2, 0, 3, 104.45
1651006656, 0, 51, 203, 191, 39, 0.03%, 2, 0, 3, 133.71
1651007830, 0, 51, 204, 192, 39, 0.03%, 2, 0, 3, 76.38
1651007835, 0, 51, 207, 195, 39, 0.03%, 2, 0, 3, 76.46
1651007840, 0, 51, 208, 196, 39, 0.03%, 2, 0, 3, 76.36
1651011580, 0, 52, 208, 195, 42, 0.03%, 2, 0, 3, 76.98
1651011698, 0, 52, 209, 196, 42, 0.03%, 2, 0, 3, 75.78
1651012845, 0, 52, 210, 197, 42, 0.03%, 2, 0, 3, 75.98
1651016498, 0, 53, 210, 196, 41, 0.03%, 2, 0, 3, 77.11
1651021466, 0, 57, 210, 195, 40, 0.03%, 2, 0, 3, 83.92
1651021626, 0, 57, 211, 196, 40, 0.03%, 2, 0, 3, 76.71
1651026421, 0, 57, 212, 197, 40, 0.03%, 2, 0, 3, 83.97
1651026432, 0, 60, 212, 196, 39, 0.03%, 2, 0, 3, 81.65
1651026684, 0, 60, 213, 197, 39, 0.03%, 2, 0, 3, 74.00
1651031335, 0, 60, 214, 198, 39, 0.03%, 2, 0, 3, 80.03
1651031346, 0, 62, 214, 197, 39, 0.03%, 2, 0, 3, 82.33
1651032314, 0, 62, 215, 198, 39, 0.03%, 2, 0, 3, 61.11
1651032577, 0, 62, 216, 199, 39, 0.03%, 2, 0, 3, 60.40
1651037466, 0, 63, 216, 198, 39, 0.03%, 2, 0, 3, 81.20
1651037669, 0, 64, 216, 197, 38, 0.03%, 2, 0, 3, 119.85
1651037838, 0, 65, 216, 196, 37, 0.03%, 2, 0, 3, 122.39
1651037905, 0, 65, 217, 197, 37, 0.03%, 2, 0, 3, 63.78
1651038047, 0, 70, 217, 196, 36, 0.03%, 2, 0, 3, 91.97
1651038139, 0, 70, 218, 197, 36, 0.03%, 2, 0, 3, 67.71
1651038256, 0, 70, 219, 198, 36, 0.03%, 2, 0, 3, 64.35
1651038795, 0, 72, 219, 197, 35, 0.03%, 2, 0, 3, 86.30
1651039861, 0, 83, 219, 196, 34, 0.03%, 2, 0, 3, 98.01
1651039866, 0, 83, 220, 197, 34, 0.03%, 2, 0, 3, 95.97
1651039876, 0, 83, 220, 197, 34, 0.03%, 3, 0, 3, 92.01
1651039892, 0, 83, 221, 198, 34, 0.03%, 3, 0, 3, 93.78
1651039932, 0, 83, 222, 199, 34, 0.03%, 3, 0, 3, 64.77
1651039938, 0, 83, 223, 200, 34, 0.03%, 3, 0, 3, 65.31
1651040061, 0, 83, 224, 201, 34, 0.03%, 3, 0, 3, 72.00
1651040066, 0, 83, 226, 203, 34, 0.03%, 3, 0, 3, 81.95
1651040077, 0, 83, 228, 205, 34, 0.03%, 3, 0, 3, 62.15
1651040092, 0, 83, 230, 207, 34, 0.03%, 3, 0, 3, 49.71
1651040102, 0, 83, 231, 208, 34, 0.03%, 3, 0, 3, 52.63
1651040128, 0, 91, 231, 207, 36, 0.03%, 3, 0, 3, 94.95
1651040730, 0, 91, 232, 208, 36, 0.03%, 3, 0, 3, 76.98
1651044931, 0, 98, 232, 207, 36, 0.03%, 3, 0, 3, 76.70
1651046106, 0, 98, 233, 208, 36, 0.03%, 3, 0, 3, 76.87
1651049865, 0, 99, 233, 207, 36, 0.03%, 3, 0, 3, 74.89
1651050335, 0, 100, 233, 206, 35, 0.03%, 3, 0, 3, 90.79
1651050391, 0, 100, 234, 207, 35, 0.03%, 3, 0, 3, 82.21
1651050807, 0, 107, 234, 206, 36, 0.03%, 3, 0, 3, 82.50
1651051104, 0, 107, 235, 207, 36, 0.03%, 3, 0, 3, 49.61
1651051119, 0, 107, 236, 208, 36, 0.03%, 3, 0, 3, 47.84
1651051428, 0, 125, 236, 207, 37, 0.03%, 3, 0, 3, 78.23
1651051500, 0, 125, 237, 208, 37, 0.03%, 3, 0, 3, 71.50
1651051562, 0, 125, 238, 209, 37, 0.03%, 3, 0, 3, 56.59
1651051567, 0, 125, 239, 210, 37, 0.03%, 3, 0, 3, 56.51
1651052028, 0, 128, 239, 209, 37, 0.03%, 3, 0, 3, 97.83
1651052147, 0, 128, 240, 210, 37, 0.03%, 3, 0, 3, 68.86
1651052162, 0, 128, 241, 211, 37, 0.03%, 3, 0, 3, 71.74
1651052203, 0, 128, 242, 212, 37, 0.03%, 3, 0, 3, 71.90
1651052224, 0, 128, 243, 213, 37, 0.03%, 3, 0, 3, 71.40
1651052528, 0, 128, 244, 214, 37, 0.03%, 3, 0, 3, 74.10
1651053405, 0, 128, 245, 215, 37, 0.03%, 3, 0, 3, 70.35
1651057636, 0, 128, 246, 216, 37, 0.03%, 3, 0, 3, 86.63
1651057646, 0, 130, 246, 215, 39, 0.03%, 3, 0, 3, 77.01
1651058725, 0, 130, 247, 216, 39, 0.04%, 3, 0, 3, 58.46
1651063220, 0, 130, 248, 217, 39, 0.04%, 3, 0, 3, 83.26
1651063235, 0, 145, 248, 216, 38, 0.04%, 3, 0, 3, 77.14
1651066368, 0, 145, 250, 218, 38, 0.04%, 3, 0, 3, 89.05
1651066374, 0, 145, 251, 219, 38, 0.04%, 3, 0, 3, 90.23
1651066410, 0, 151, 251, 218, 39, 0.04%, 3, 0, 3, 93.16
1651068614, 0, 153, 251, 217, 38, 0.04%, 3, 0, 3, 98.43
1651071119, 0, 153, 252, 218, 38, 0.04%, 3, 0, 3, 90.66
1651071129, 0, 179, 252, 217, 37, 0.04%, 3, 0, 3, 85.10
1651071676, 0, 179, 252, 217, 37, 0.04%, 4, 0, 3, 121.54
1651071681, 0, 181, 252, 216, 36, 0.04%, 4, 0, 3, 85.43
1651071971, 0, 182, 252, 215, 35, 0.04%, 4, 0, 3, 97.40
1651072175, 0, 183, 252, 214, 34, 0.04%, 4, 0, 3, 102.69
1651072308, 0, 183, 253, 215, 34, 0.04%, 4, 0, 4, 59.82
1651072577, 0, 186, 253, 214, 33, 0.04%, 4, 0, 4, 108.68
1651077552, 0, 186, 254, 215, 33, 0.04%, 4, 0, 4, 82.42
1651077563, 0, 188, 254, 214, 32, 0.04%, 4, 0, 4, 78.42
1651077583, 0, 188, 259, 219, 32, 0.04%, 4, 0, 4, 75.35
1651077589, 0, 188, 261, 221, 32, 0.04%, 4, 0, 4, 75.59
1651077639, 0, 188, 262, 222, 32, 0.04%, 4, 0, 4, 76.15
1651077747, 0, 188, 264, 224, 32, 0.04%, 4, 0, 4, 75.96
1651078434, 0, 188, 265, 225, 32, 0.04%, 4, 0, 4, 76.53
1651081502, 0, 188, 266, 226, 32, 0.04%, 4, 0, 4, 76.53
1651081528, 0, 188, 267, 227, 32, 0.04%, 4, 0, 4, 76.15
1651082600, 0, 190, 268, 227, 36, 0.04%, 4, 0, 4, 75.23
1651082661, 0, 190, 269, 228, 36, 0.04%, 4, 0, 4, 66.79
1651082666, 0, 190, 270, 229, 36, 0.04%, 4, 0, 4, 66.51
1651082722, 0, 190, 271, 230, 36, 0.04%, 4, 0, 4, 59.59
1651082748, 0, 190, 272, 231, 36, 0.04%, 4, 0, 4, 58.90
1651083059, 0, 191, 272, 230, 37, 0.04%, 4, 0, 4, 81.91
1651083372, 0, 191, 273, 231, 37, 0.04%, 4, 0, 4, 59.48
1651083683, 0, 193, 273, 230, 36, 0.04%, 4, 0, 4, 115.45
1651083689, 0, 193, 274, 231, 36, 0.04%, 5, 0, 4, 121.88
1651083939, 0, 194, 274, 230, 36, 0.04%, 5, 0, 4, 109.04
1651083944, 0, 194, 274, 230, 36, 0.04%, 6, 0, 4, 100.22
1651083949, 0, 194, 275, 231, 36, 0.04%, 6, 0, 4, 90.89
1651083969, 0, 194, 276, 232, 36, 0.04%, 6, 0, 4, 92.66
1651084195, 0, 200, 276, 231, 37, 0.04%, 6, 0, 4, 85.80
1651084591, 0, 201, 276, 230, 36, 0.04%, 6, 0, 4, 108.65
1651085347, 0, 203, 276, 229, 35, 0.04%, 6, 0, 4, 86.94
1651085378, 0, 203, 277, 230, 35, 0.04%, 6, 0, 4, 74.85
1651090440, 0, 203, 278, 231, 35, 0.04%, 6, 0, 4, 84.78
1651090450, 0, 206, 278, 230, 35, 0.04%, 6, 0, 4, 77.46
1651095662, 0, 206, 279, 231, 35, 0.04%, 6, 0, 4, 81.01
1651095672, 0, 207, 279, 230, 35, 0.04%, 6, 0, 4, 78.58
1651100995, 0, 209, 279, 229, 34, 0.04%, 6, 0, 4, 76.31
1651101000, 0, 209, 280, 230, 34, 0.04%, 6, 0, 4, 75.91
1651101113, 0, 209, 281, 231, 34, 0.04%, 6, 0, 4, 75.52
1651101552, 0, 209, 282, 232, 34, 0.04%, 6, 0, 4, 76.40
1651106527, 0, 213, 282, 231, 34, 0.04%, 6, 0, 4, 84.13
1651110053, 0, 213, 283, 232, 34, 0.04%, 6, 0, 4, 84.18
1651110064, 0, 214, 283, 231, 33, 0.04%, 6, 0, 4, 75.48
1651116213, 0, 214, 284, 232, 33, 0.04%, 6, 0, 4, 76.04
1651116223, 0, 217, 284, 231, 32, 0.04%, 6, 0, 4, 72.41
1651116387, 0, 217, 285, 232, 32, 0.04%, 6, 0, 4, 62.99
1651116463, 0, 217, 286, 233, 32, 0.04%, 6, 0, 4, 61.62
1651116984, 0, 219, 287, 233, 31, 0.04%, 6, 0, 4, 83.73
1651116989, 0, 219, 289, 235, 31, 0.04%, 6, 0, 4, 88.92
1651117010, 0, 219, 290, 236, 31, 0.04%, 6, 0, 4, 82.56
1651117286, 0, 220, 290, 235, 32, 0.04%, 6, 0, 4, 124.88
1651117301, 0, 220, 290, 235, 32, 0.04%, 7, 0, 4, 104.81
1651117357, 0, 220, 291, 236, 32, 0.04%, 7, 0, 4, 64.28
1651117362, 0, 220, 292, 237, 32, 0.04%, 7, 0, 4, 64.62
1651117537, 0, 223, 292, 236, 31, 0.04%, 7, 0, 4, 136.91
1651117798, 0, 223, 293, 237, 31, 0.04%, 7, 0, 4, 53.86
1651117916, 0, 225, 293, 236, 30, 0.04%, 7, 0, 4, 106.04
1651117942, 0, 225, 294, 237, 30, 0.04%, 8, 0, 4, 96.44
1651118034, 0, 225, 295, 238, 30, 0.04%, 8, 0, 4, 64.86
1651118393, 0, 227, 295, 237, 29, 0.04%, 8, 0, 4, 90.80
1651118649, 0, 227, 296, 238, 29, 0.04%, 8, 0, 4, 57.08
1651118768, 0, 228, 296, 237, 28, 0.04%, 8, 0, 4, 88.21
1651118845, 0, 228, 297, 238, 28, 0.04%, 8, 0, 4, 105.04
1651119403, 0, 228, 299, 240, 28, 0.04%, 8, 0, 4, 52.44
1651119409, 0, 228, 301, 242, 28, 0.04%, 8, 0, 4, 50.22
1651119414, 0, 228, 302, 243, 28, 0.04%, 8, 0, 4, 50.24
1651119460, 0, 229, 302, 242, 31, 0.04%, 8, 0, 4, 73.31
1651120234, 0, 230, 302, 241, 30, 0.04%, 8, 0, 4, 72.06
1651120245, 0, 230, 303, 242, 30, 0.04%, 8, 0, 4, 54.74
1651120641, 0, 230, 304, 243, 30, 0.04%, 8, 0, 4, 78.21
1651121932, 0, 231, 304, 242, 30, 0.04%, 8, 0, 4, 90.56
1651122305, 0, 231, 305, 243, 30, 0.04%, 8, 0, 4, 61.49
1651122438, 0, 231, 306, 244, 30, 0.04%, 8, 0, 4, 75.76
1651126803, 0, 232, 306, 243, 29, 0.04%, 8, 0, 4, 83.91
1651127484, 0, 232, 307, 244, 29, 0.04%, 8, 0, 4, 75.55
1651132009, 0, 233, 307, 243, 28, 0.04%, 8, 0, 4, 88.70
1651132019, 0, 233, 307, 243, 28, 0.04%, 9, 0, 4, 101.57
1651132478, 0, 234, 307, 242, 27, 0.04%, 9, 0, 4, 123.91
1651133238, 0, 235, 307, 241, 26, 0.04%, 9, 0, 4, 72.98
1651133243, 0, 235, 308, 242, 26, 0.04%, 9, 0, 4, 62.71
1651133320, 0, 235, 309, 243, 26, 0.04%, 9, 0, 4, 50.91
1651133350, 0, 235, 310, 244, 26, 0.04%, 9, 0, 4, 57.53
1651134001, 0, 235, 311, 245, 26, 0.04%, 9, 0, 4, 46.35
1651134012, 0, 235, 312, 246, 26, 0.04%, 9, 0, 4, 44.87
1651134037, 0, 235, 313, 247, 26, 0.04%, 9, 0, 4, 45.30
1651134047, 0, 235, 314, 248, 26, 0.04%, 9, 0, 4, 60.15
1651134342, 0, 236, 314, 247, 26, 0.04%, 9, 0, 4, 75.81
1651134429, 0, 236, 315, 248, 26, 0.04%, 9, 0, 4, 58.86
1651134973, 0, 240, 315, 247, 26, 0.04%, 9, 0, 4, 113.61
1651135852, 0, 246, 315, 246, 25, 0.04%, 9, 0, 4, 79.31
1651136322, 0, 246, 316, 247, 25, 0.04%, 9, 0, 4, 47.87
1651136685, 0, 246, 317, 248, 25, 0.04%, 9, 0, 4, 55.61
1651137748, 0, 246, 318, 249, 25, 0.04%, 9, 0, 4, 53.80
1651144456, 0, 250, 318, 248, 25, 0.04%, 9, 0, 4, 67.37
1651144471, 0, 250, 319, 249, 25, 0.04%, 9, 0, 4, 75.13
1651144512, 0, 250, 320, 250, 25, 0.04%, 9, 0, 4, 75.37
1651146657, 0, 250, 321, 251, 25, 0.04%, 9, 0, 4, 82.73
1651146663, 0, 250, 323, 253, 25, 0.04%, 9, 0, 4, 94.61
1651146699, 0, 254, 323, 252, 24, 0.04%, 9, 0, 4, 88.12
1651151720, 0, 254, 324, 253, 24, 0.04%, 9, 0, 5, 82.83
1651151730, 0, 255, 324, 252, 23, 0.04%, 9, 0, 5, 81.43
1651151756, 0, 255, 325, 253, 23, 0.04%, 9, 0, 5, 75.40
1651156764, 0, 255, 326, 254, 23, 0.04%, 9, 0, 5, 84.52
1651156785, 0, 260, 326, 253, 23, 0.04%, 9, 0, 5, 78.52
1651161866, 0, 261, 326, 252, 22, 0.04%, 9, 0, 5, 78.12
1651162050, 0, 261, 327, 253, 22, 0.04%, 9, 0, 5, 74.86
1651166938, 0, 261, 328, 254, 22, 0.04%, 9, 0, 5, 77.97
1651166948, 0, 261, 329, 255, 22, 0.04%, 9, 0, 5, 84.84
1651166974, 0, 261, 330, 256, 22, 0.04%, 9, 0, 5, 81.15
1651167000, 0, 261, 331, 257, 22, 0.04%, 9, 0, 5, 88.67
1651167025, 0, 261, 332, 258, 22, 0.04%, 9, 0, 5, 86.19
1651167103, 0, 261, 333, 259, 22, 0.04%, 9, 0, 5, 85.61
1651167128, 0, 268, 333, 258, 22, 0.04%, 9, 0, 5, 75.74
1651167562, 0, 269, 333, 257, 21, 0.04%, 9, 0, 5, 127.73
1651167680, 0, 269, 334, 258, 21, 0.04%, 9, 0, 5, 64.01
1651168001, 0, 273, 334, 257, 20, 0.04%, 9, 0, 5, 113.21
1651168007, 0, 273, 335, 258, 20, 0.04%, 9, 0, 5, 100.42
1651168253, 0, 273, 336, 259, 20, 0.04%, 9, 0, 5, 122.27
1651168263, 0, 274, 336, 258, 20, 0.04%, 9, 0, 5, 160.16
1651168268, 0, 274, 336, 258, 20, 0.04%, 10, 0, 5, 129.18
1651168519, 0, 274, 337, 259, 20, 0.04%, 10, 0, 5, 157.01
1651168529, 0, 275, 337, 258, 19, 0.04%, 11, 0, 5, 114.77
1651168662, 0, 275, 338, 259, 19, 0.04%, 11, 0, 5, 82.92
1651168780, 0, 275, 339, 260, 19, 0.04%, 11, 0, 5, 137.78
1651168790, 0, 276, 339, 259, 19, 0.04%, 11, 0, 5, 123.31
1651175072, 0, 278, 339, 258, 18, 0.04%, 11, 0, 5, 74.61
1651180408, 0, 278, 340, 259, 18, 0.04%, 11, 0, 5, 83.01
1651180423, 0, 280, 340, 258, 17, 0.04%, 11, 0, 5, 85.13
1651180546, 0, 280, 341, 259, 17, 0.04%, 11, 0, 5, 75.73
1651185903, 0, 280, 342, 260, 17, 0.04%, 11, 0, 5, 82.53
1651185919, 0, 286, 342, 259, 17, 0.04%, 11, 0, 5, 80.54
1651186225, 0, 286, 343, 260, 17, 0.04%, 11, 0, 5, 144.67
1651186235, 0, 289, 345, 261, 16, 0.04%, 11, 0, 5, 110.06
1651186240, 0, 289, 346, 262, 16, 0.04%, 11, 0, 5, 100.18
1651186545, 0, 296, 346, 261, 15, 0.04%, 11, 0, 5, 121.05
1651187263, 0, 297, 346, 260, 14, 0.04%, 11, 0, 5, 130.09
1651187309, 0, 297, 347, 261, 14, 0.04%, 11, 0, 5, 53.29
1651187961, 0, 297, 348, 262, 14, 0.04%, 11, 0, 5, 60.36
1651188042, 0, 297, 349, 263, 14, 0.04%, 11, 0, 5, 75.16
1651188057, 0, 298, 349, 262, 14, 0.04%, 11, 0, 5, 127.31
1651188103, 0, 298, 350, 263, 14, 0.04%, 11, 0, 5, 53.73
1651188902, 0, 300, 350, 262, 15, 0.04%, 11, 0, 5, 119.34
1651189828, 0, 301, 350, 261, 14, 0.04%, 11, 0, 5, 101.54
1651189874, 0, 301, 351, 262, 14, 0.04%, 11, 0, 5, 52.92
1651190835, 0, 302, 351, 261, 13, 0.04%, 11, 0, 5, 74.10
1651192535, 0, 307, 351, 260, 12, 0.04%, 11, 0, 5, 68.60
1651193634, 0, 308, 351, 259, 11, 0.04%, 11, 0, 5, 99.49
1651194464, 0, 308, 352, 260, 11, 0.04%, 11, 0, 5, 131.39
1651194475, 0, 315, 352, 259, 10, 0.04%, 11, 0, 5, 72.71
1651203520, 0, 324, 352, 258, 9, 0.04%, 11, 0, 5, 68.54
1651208610, 0, 324, 353, 259, 9, 0.04%, 11, 0, 6, 81.25
1651208631, 0, 327, 353, 258, 8, 0.04%, 11, 0, 6, 76.91
1651211696, 0, 331, 353, 257, 7, 0.04%, 11, 0, 6, 86.64
1651211870, 0, 331, 355, 259, 7, 0.04%, 11, 0, 6, 76.40
1651211936, 0, 331, 356, 260, 7, 0.04%, 11, 0, 6, 75.38
1651212527, 0, 331, 359, 263, 7, 0.04%, 11, 0, 6, 75.46
1651215548, 0, 331, 360, 264, 7, 0.04%, 11, 0, 6, 76.28
1651217063, 0, 331, 361, 265, 7, 0.04%, 11, 0, 6, 76.38
1651217098, 0, 331, 362, 266, 7, 0.04%, 11, 0, 6, 83.85
1651217119, 0, 334, 362, 265, 10, 0.04%, 11, 0, 6, 92.01
1651217371, 0, 337, 362, 264, 9, 0.04%, 11, 0, 6, 157.31
1651217874, 0, 341, 362, 263, 8, 0.04%, 11, 0, 6, 94.27
