# unix_time, cycles_done, cur_path, paths_total, pending_total, pending_favs, map_size, unique_crashes, unique_hangs, max_depth, execs_per_sec
1629351050, 0, 0, 1, 1, 1, 0.46%, 0, 0, 1, 689.66
1629351055, 0, 0, 47, 47, 1, 0.89%, 0, 0, 2, 1195.06
1629351060, 0, 0, 48, 48, 1, 0.89%, 0, 0, 2, 1151.11
1629351066, 0, 0, 55, 55, 1, 0.91%, 0, 0, 2, 994.24
1629351071, 0, 0, 58, 58, 1, 0.91%, 0, 0, 2, 659.81
1629351091, 0, 0, 60, 60, 1, 0.91%, 0, 0, 2, 358.03
1629351096, 0, 0, 71, 71, 1, 0.93%, 0, 0, 2, 316.28
1629351101, 0, 0, 73, 73, 1, 0.93%, 0, 0, 2, 260.46
1629351116, 0, 0, 75, 75, 1, 0.93%, 0, 0, 2, 241.49
1629351157, 0, 0, 76, 76, 1, 0.94%, 0, 0, 2, 249.45
1629351162, 0, 0, 78, 78, 1, 0.95%, 0, 0, 2, 225.70
1629351172, 0, 0, 80, 80, 1, 0.95%, 0, 0, 2, 214.57
1629351187, 0, 0, 81, 81, 1, 0.95%, 0, 0, 2, 220.63
1629351207, 0, 0, 82, 82, 1, 0.96%, 0, 0, 2, 483.10
1629351212, 0, 0, 86, 86, 1, 0.97%, 1, 0, 2, 392.98
1629351217, 0, 0, 103, 103, 1, 1.01%, 1, 0, 2, 296.00
1629351222, 0, 0, 104, 104, 1, 1.01%, 1, 0, 2, 299.27
1629351248, 0, 0, 106, 106, 1, 1.02%, 1, 0, 2, 227.62
1629351253, 0, 0, 107, 107, 1, 1.02%, 1, 0, 2, 230.07
1629351309, 0, 0, 108, 108, 1, 1.02%, 1, 0, 2, 231.68
1629351460, 0, 0, 109, 109, 1, 1.02%, 1, 0, 2, 233.93
1629351531, 0, 0, 110, 110, 1, 1.03%, 1, 0, 2, 215.84
1629351587, 0, 0, 111, 111, 1, 1.03%, 1, 0, 2, 208.79
1629351597, 0, 0, 112, 112, 1, 1.03%, 1, 0, 2, 207.17
1629351678, 0, 0, 113, 113, 1, 1.06%, 1, 0, 2, 270.61
1629351729, 0, 0, 114, 114, 1, 1.06%, 1, 0, 2, 239.11
1629351734, 0, 0, 125, 125, 1, 1.07%, 1, 0, 2, 313.70
1629351739, 0, 0, 129, 129, 1, 1.07%, 1, 0, 2, 339.82
1629351744, 0, 0, 130, 130, 1, 1.07%, 1, 0, 2, 355.02
1629351749, 0, 0, 132, 132, 1, 1.07%, 1, 0, 2, 358.23
1629351759, 0, 0, 136, 136, 1, 1.07%, 1, 0, 2, 343.38
1629351769, 0, 0, 137, 137, 1, 1.07%, 1, 0, 2, 344.51
1629351780, 0, 0, 139, 139, 1, 1.07%, 1, 0, 2, 346.31
1629351785, 0, 0, 140, 140, 1, 1.07%, 1, 0, 2, 342.19
1629351790, 0, 0, 141, 141, 1, 1.07%, 1, 0, 2, 352.99
1629351795, 0, 0, 143, 143, 1, 1.07%, 1, 0, 2, 356.78
1629351800, 0, 0, 145, 145, 1, 1.07%, 1, 0, 2, 362.69
1629351805, 0, 0, 147, 147, 1, 1.07%, 1, 0, 2, 356.05
1629351810, 0, 0, 149, 149, 1, 1.07%, 1, 0, 2, 359.85
1629351815, 0, 0, 152, 152, 1, 1.07%, 1, 0, 2, 355.19
1629351820, 0, 0, 153, 153, 1, 1.07%, 1, 0, 2, 352.99
1629351825, 0, 1, 153, 152, 53, 1.07%, 1, 0, 2, 376.92
1629351882, 0, 1, 154, 153, 53, 1.07%, 1, 0, 3, 450.35
1629351892, 0, 3, 154, 152, 51, 1.07%, 1, 0, 3, 342.41
1629352041, 0, 3, 155, 153, 51, 1.07%, 2, 0, 3, 360.80
1629352461, 0, 4, 156, 153, 50, 1.07%, 2, 0, 3, 338.30
1629352487, 0, 4, 161, 158, 50, 1.11%, 2, 0, 3, 326.67
1629352538, 0, 4, 163, 160, 50, 1.11%, 2, 0, 3, 449.36
1629352548, 0, 4, 164, 161, 50, 1.11%, 2, 0, 3, 514.56
1629352584, 0, 7, 164, 160, 52, 1.11%, 2, 0, 3, 453.07
1629352594, 0, 7, 165, 161, 52, 1.12%, 2, 0, 3, 366.57
1629352649, 0, 8, 165, 160, 52, 1.12%, 2, 0, 3, 402.98
1629352670, 0, 8, 165, 160, 52, 1.12%, 3, 0, 3, 405.07
1629352720, 0, 9, 165, 159, 51, 1.12%, 3, 0, 3, 408.48
1629352786, 0, 18, 165, 158, 50, 1.12%, 3, 0, 3, 389.59
1629352980, 0, 18, 166, 159, 50, 1.12%, 4, 0, 3, 308.36
1629353487, 0, 18, 167, 160, 50, 1.14%, 4, 0, 3, 266.14
1629353508, 0, 20, 167, 159, 49, 1.14%, 4, 0, 3, 245.42
1629353604, 0, 20, 168, 160, 49, 1.14%, 4, 0, 3, 237.22
1629354226, 0, 20, 169, 161, 49, 1.14%, 4, 0, 3, 334.75
1629354236, 0, 20, 170, 162, 49, 1.14%, 4, 0, 3, 354.52
1629354241, 0, 20, 171, 163, 49, 1.14%, 4, 0, 3, 353.04
1629354256, 0, 20, 172, 164, 49, 1.14%, 4, 0, 3, 347.55
1629354266, 0, 20, 173, 165, 49, 1.14%, 4, 0, 3, 345.32
1629354282, 0, 20, 174, 166, 49, 1.14%, 4, 0, 3, 349.70
1629354292, 0, 21, 175, 166, 48, 1.14%, 4, 0, 3, 326.04
1629354869, 0, 21, 176, 167, 48, 1.14%, 4, 0, 3, 329.79
1629354885, 0, 22, 176, 166, 47, 1.14%, 4, 0, 3, 330.08
1629355028, 0, 22, 176, 166, 47, 1.14%, 5, 0, 3, 358.82
1629355445, 0, 24, 176, 165, 46, 1.14%, 5, 0, 3, 364.33
1629355455, 0, 24, 177, 166, 46, 1.18%, 5, 0, 3, 395.13
1629355470, 0, 24, 178, 167, 46, 1.19%, 5, 0, 3, 334.48
1629355516, 0, 27, 178, 166, 46, 1.19%, 5, 0, 3, 377.09
1629356180, 0, 27, 179, 167, 46, 1.19%, 5, 0, 3, 352.73
1629356186, 0, 28, 179, 166, 45, 1.19%, 5, 0, 3, 291.26
1629356911, 0, 30, 179, 165, 44, 1.19%, 5, 0, 3, 342.62
1629356971, 0, 31, 179, 164, 43, 1.19%, 5, 0, 3, 423.12
1629356997, 0, 31, 180, 165, 43, 1.19%, 5, 0, 3, 373.91
1629357012, 0, 31, 181, 166, 43, 1.19%, 5, 0, 3, 292.74
1629357058, 0, 33, 181, 165, 42, 1.19%, 5, 0, 3, 381.07
1629357124, 0, 35, 181, 164, 41, 1.19%, 5, 0, 3, 337.91
1629357297, 0, 35, 181, 164, 41, 1.19%, 6, 0, 3, 394.62
1629357783, 0, 35, 182, 165, 41, 1.19%, 6, 0, 3, 328.95
1629357793, 0, 36, 182, 164, 40, 1.19%, 6, 0, 3, 306.01
1629358343, 0, 36, 183, 165, 40, 1.19%, 6, 0, 3, 310.74
1629358359, 0, 38, 183, 164, 39, 1.19%, 6, 0, 3, 367.19
1629358546, 0, 38, 184, 165, 39, 1.19%, 6, 0, 3, 310.87
1629358988, 0, 38, 185, 166, 39, 1.19%, 6, 0, 3, 351.75
1629358993, 0, 38, 186, 167, 39, 1.19%, 6, 0, 3, 363.49
1629359009, 0, 39, 186, 166, 38, 1.19%, 6, 0, 3, 334.06
1629359029, 0, 39, 187, 167, 38, 1.19%, 6, 0, 3, 333.59
1629359075, 0, 39, 189, 169, 38, 1.19%, 6, 0, 3, 510.47
1629359095, 0, 40, 191, 170, 36, 1.19%, 6, 0, 3, 376.06
1629359162, 0, 42, 191, 169, 36, 1.19%, 6, 0, 3, 372.81
1629359187, 0, 42, 192, 170, 36, 1.19%, 6, 0, 3, 235.50
1629359334, 0, 42, 192, 170, 36, 1.19%, 7, 0, 3, 317.18
1629359369, 0, 42, 194, 172, 36, 1.20%, 7, 0, 3, 231.72
1629359815, 0, 45, 194, 171, 37, 1.20%, 7, 0, 3, 324.54
1629359906, 0, 45, 195, 172, 37, 1.20%, 7, 0, 3, 255.32
1629359956, 0, 45, 196, 173, 37, 1.20%, 7, 0, 3, 241.01
1629360002, 0, 45, 196, 173, 37, 1.20%, 8, 0, 3, 302.03
1629360486, 0, 46, 196, 172, 37, 1.20%, 8, 0, 3, 278.99
1629360517, 0, 46, 197, 173, 37, 1.20%, 8, 0, 3, 219.53
1629360532, 0, 46, 198, 174, 37, 1.20%, 8, 0, 3, 270.19
1629360567, 0, 46, 199, 175, 37, 1.21%, 8, 0, 3, 317.73
1629360669, 0, 46, 199, 175, 37, 1.21%, 9, 0, 3, 406.10
1629361159, 0, 47, 199, 174, 38, 1.21%, 9, 0, 3, 260.55
1629361276, 0, 47, 200, 175, 38, 1.21%, 9, 0, 3, 226.19
1629361317, 0, 47, 200, 175, 38, 1.21%, 10, 0, 3, 365.59
1629361804, 0, 49, 200, 174, 37, 1.21%, 10, 0, 3, 343.32
1629361824, 0, 49, 200, 174, 37, 1.21%, 11, 0, 3, 394.22
1629361870, 0, 50, 200, 173, 36, 1.21%, 11, 0, 3, 378.28
1629361936, 0, 51, 200, 172, 35, 1.21%, 11, 0, 3, 307.28
1629362114, 0, 51, 200, 172, 35, 1.21%, 12, 0, 3, 363.19
1629362607, 0, 52, 200, 171, 34, 1.21%, 12, 0, 3, 332.48
1629362678, 0, 53, 200, 170, 33, 1.21%, 12, 0, 3, 436.27
1629362749, 0, 54, 200, 169, 32, 1.21%, 12, 0, 3, 311.31
1629362800, 0, 54, 201, 170, 32, 1.21%, 12, 0, 3, 247.10
1629362927, 0, 54, 201, 170, 32, 1.21%, 13, 0, 3, 327.39
1629363419, 0, 63, 201, 169, 31, 1.21%, 13, 0, 3, 336.17
1629363445, 0, 63, 202, 170, 31, 1.21%, 13, 0, 3, 307.90
1629363485, 0, 72, 202, 169, 30, 1.21%, 13, 0, 3, 268.08
1629363561, 0, 72, 203, 170, 30, 1.25%, 13, 0, 3, 288.87
1629363622, 0, 72, 204, 171, 30, 1.25%, 13, 0, 3, 237.65
1629364154, 0, 78, 204, 170, 31, 1.25%, 13, 0, 3, 244.21
1629364337, 0, 78, 204, 170, 31, 1.25%, 14, 0, 3, 371.49
1629364372, 0, 78, 205, 171, 31, 1.25%, 14, 0, 3, 212.22
1629364859, 0, 79, 205, 170, 30, 1.25%, 14, 0, 3, 307.18
1629364950, 0, 79, 206, 171, 30, 1.25%, 14, 0, 3, 235.44
1629365046, 0, 79, 207, 172, 30, 1.28%, 14, 0, 3, 318.19
1629365568, 0, 81, 207, 171, 30, 1.28%, 14, 0, 3, 318.40
1629365573, 0, 81, 208, 172, 30, 1.28%, 14, 0, 3, 334.80
1629365645, 0, 88, 209, 172, 29, 1.28%, 14, 0, 3, 329.96
1629365732, 0, 88, 210, 173, 29, 1.28%, 14, 0, 3, 295.25
1629365738, 0, 88, 211, 174, 29, 1.28%, 14, 0, 3, 297.26
1629365825, 0, 88, 212, 175, 29, 1.30%, 14, 0, 3, 333.34
1629366267, 0, 98, 212, 174, 29, 1.30%, 14, 0, 3, 272.51
1629366462, 0, 98, 214, 176, 29, 1.30%, 15, 0, 3, 274.93
1629366920, 0, 99, 214, 175, 30, 1.30%, 15, 0, 3, 282.90
1629367560, 0, 109, 214, 174, 29, 1.30%, 15, 0, 3, 265.41
1629367667, 0, 109, 215, 175, 29, 1.30%, 15, 0, 3, 235.80
1629367773, 0, 109, 215, 175, 29, 1.30%, 16, 0, 3, 320.28
1629368310, 0, 112, 215, 174, 29, 1.30%, 16, 0, 3, 290.69
1629368402, 0, 112, 216, 175, 29, 1.30%, 16, 0, 3, 290.02
1629368418, 0, 112, 217, 176, 29, 1.30%, 16, 0, 3, 280.47
1629368519, 0, 112, 218, 177, 29, 1.30%, 16, 0, 3, 272.94
1629368918, 0, 124, 219, 177, 29, 1.30%, 16, 0, 3, 344.76
1629368923, 0, 124, 220, 178, 29, 1.30%, 16, 0, 3, 234.97
1629369080, 0, 124, 221, 179, 29, 1.30%, 16, 0, 3, 226.78
1629369130, 0, 124, 221, 179, 29, 1.30%, 17, 0, 3, 304.02
1629369663, 0, 147, 221, 178, 29, 1.30%, 17, 0, 3, 341.82
1629369802, 0, 153, 221, 177, 28, 1.30%, 17, 0, 3, 426.03
1629369812, 0, 154, 221, 176, 27, 1.30%, 17, 0, 3, 395.92
1629369894, 0, 154, 222, 177, 27, 1.30%, 17, 0, 4, 296.55
1629369980, 0, 154, 223, 178, 27, 1.31%, 17, 0, 4, 291.42
1629370402, 0, 155, 224, 178, 26, 1.31%, 17, 0, 4, 342.38
1629370468, 0, 159, 227, 180, 25, 1.31%, 17, 0, 4, 369.47
1629370473, 0, 159, 231, 184, 25, 1.32%, 17, 0, 4, 324.63
1629370478, 0, 159, 234, 187, 25, 1.33%, 17, 0, 4, 313.70
1629370494, 0, 159, 238, 191, 25, 1.35%, 17, 0, 4, 306.09
1629370499, 0, 159, 239, 192, 25, 1.35%, 17, 0, 4, 416.39
1629370509, 0, 159, 241, 194, 25, 1.36%, 17, 0, 4, 334.58
1629370534, 0, 159, 243, 196, 25, 1.36%, 17, 0, 4, 288.58
1629370539, 0, 159, 244, 197, 25, 1.36%, 17, 0, 4, 294.45
1629370560, 0, 159, 245, 198, 25, 1.36%, 17, 0, 4, 309.90
1629370600, 0, 163, 245, 197, 30, 1.36%, 17, 0, 4, 369.05
1629370661, 0, 165, 245, 196, 29, 1.36%, 17, 0, 4, 276.98
1629370758, 0, 165, 246, 197, 29, 1.37%, 17, 0, 4, 272.68
1629370768, 0, 165, 249, 200, 29, 1.37%, 17, 0, 4, 286.14
1629370890, 0, 165, 251, 202, 29, 1.38%, 17, 0, 4, 258.91
1629370920, 0, 165, 260, 211, 29, 1.38%, 17, 0, 4, 249.83
1629371402, 0, 166, 260, 210, 30, 1.38%, 17, 0, 4, 283.13
1629371990, 0, 170, 260, 209, 29, 1.38%, 17, 0, 4, 317.68
1629372015, 0, 170, 261, 210, 29, 1.38%, 17, 0, 4, 328.79
1629372056, 0, 176, 263, 211, 28, 1.38%, 17, 0, 4, 349.45
1629372061, 0, 176, 267, 215, 28, 1.38%, 17, 0, 4, 280.77
1629372071, 0, 176, 269, 217, 28, 1.41%, 17, 0, 4, 471.19
1629372132, 0, 179, 270, 217, 29, 1.41%, 17, 0, 4, 395.73
1629372173, 0, 179, 272, 219, 29, 1.42%, 17, 0, 4, 312.33
1629372214, 0, 186, 272, 218, 29, 1.42%, 17, 0, 4, 352.71
1629372229, 0, 186, 273, 219, 29, 1.42%, 17, 0, 4, 338.72
1629372320, 0, 186, 276, 222, 29, 1.42%, 17, 0, 4, 459.43
1629372330, 0, 186, 277, 223, 29, 1.42%, 17, 0, 4, 511.01
1629372350, 0, 187, 277, 222, 29, 1.42%, 17, 0, 4, 424.81
1629372416, 0, 188, 277, 221, 28, 1.42%, 17, 0, 4, 392.72
1629372482, 0, 190, 277, 220, 27, 1.42%, 17, 0, 4, 401.28
1629372548, 0, 192, 277, 219, 26, 1.42%, 17, 0, 4, 321.62
1629372721, 0, 192, 277, 219, 26, 1.42%, 18, 0, 4, 384.58
1629373223, 0, 192, 278, 220, 26, 1.42%, 18, 0, 4, 308.37
1629373228, 0, 193, 278, 219, 25, 1.42%, 18, 0, 4, 279.93
1629373391, 0, 193, 278, 219, 25, 1.42%, 19, 0, 4, 306.59
1629373881, 0, 193, 279, 220, 25, 1.42%, 19, 0, 4, 303.96
1629373886, 0, 193, 280, 221, 25, 1.42%, 19, 0, 4, 346.43
1629373891, 0, 194, 280, 220, 25, 1.42%, 19, 0, 4, 327.46
1629373896, 0, 194, 282, 222, 25, 1.42%, 19, 0, 4, 258.10
1629374059, 0, 194, 282, 222, 25, 1.42%, 20, 0, 4, 398.99
1629374551, 0, 194, 283, 223, 25, 1.42%, 20, 0, 4, 262.83
1629374556, 0, 197, 283, 222, 25, 1.42%, 20, 0, 4, 329.77
1629374749, 0, 197, 283, 222, 25, 1.42%, 21, 0, 4, 358.79
1629375246, 0, 197, 284, 223, 25, 1.42%, 21, 0, 4, 263.93
1629375251, 0, 202, 284, 222, 24, 1.42%, 21, 0, 4, 324.68
1629375449, 0, 202, 286, 224, 24, 1.59%, 21, 0, 4, 279.92
1629375965, 0, 202, 287, 225, 24, 1.59%, 21, 0, 4, 317.77
1629375970, 0, 203, 287, 224, 25, 1.59%, 21, 0, 4, 266.09
1629375975, 0, 203, 288, 225, 25, 1.59%, 21, 0, 4, 229.85
1629376117, 0, 203, 288, 225, 25, 1.59%, 22, 0, 4, 318.50
1629376592, 0, 203, 289, 226, 25, 1.59%, 22, 0, 4, 251.12
1629376617, 0, 206, 289, 225, 25, 1.59%, 22, 0, 4, 266.37
1629376622, 0, 206, 289, 225, 25, 1.59%, 23, 0, 4, 238.10
1629376632, 0, 206, 289, 225, 25, 1.59%, 24, 0, 4, 279.13
1629376637, 0, 206, 289, 225, 25, 1.59%, 25, 0, 4, 252.77
1629376734, 0, 206, 289, 225, 25, 1.59%, 26, 0, 4, 244.17
1629376811, 0, 206, 290, 226, 25, 1.59%, 26, 0, 4, 236.75
1629377170, 0, 206, 290, 226, 25, 1.59%, 28, 0, 4, 212.42
1629377339, 0, 206, 290, 226, 25, 1.59%, 30, 0, 4, 319.85
1629377344, 0, 212, 290, 225, 25, 1.59%, 30, 0, 4, 273.12
1629378012, 0, 213, 290, 224, 24, 1.59%, 30, 0, 4, 278.72
1629378681, 0, 214, 290, 223, 23, 1.59%, 30, 0, 4, 242.75
1629379128, 0, 214, 291, 224, 23, 1.59%, 30, 0, 4, 208.19
1629379133, 0, 214, 292, 225, 23, 1.59%, 30, 0, 4, 205.04
1629379437, 0, 215, 292, 224, 22, 1.59%, 30, 0, 4, 303.20
1629380044, 0, 217, 292, 223, 22, 1.59%, 30, 0, 4, 327.34
1629380178, 0, 217, 293, 224, 22, 1.59%, 30, 0, 4, 275.85
1629380664, 0, 220, 293, 223, 22, 1.59%, 30, 0, 4, 247.97
1629380903, 0, 220, 294, 224, 22, 1.59%, 30, 0, 4, 202.89
1629381415, 0, 222, 294, 223, 21, 1.59%, 30, 0, 4, 264.18
1629381641, 0, 222, 295, 224, 21, 1.59%, 30, 0, 5, 260.83
1629382079, 0, 222, 296, 225, 21, 1.59%, 30, 0, 5, 333.81
1629382094, 0, 225, 296, 224, 20, 1.59%, 30, 0, 5, 335.27
1629382223, 0, 231, 296, 223, 19, 1.59%, 30, 0, 5, 436.31
1629382248, 0, 231, 296, 223, 19, 1.59%, 31, 0, 5, 305.41
1629382356, 0, 236, 296, 222, 18, 1.59%, 31, 0, 5, 364.00
1629382490, 0, 237, 297, 222, 17, 1.59%, 31, 0, 5, 370.53
1629382557, 0, 237, 298, 223, 17, 1.59%, 31, 0, 5, 292.79
1629382624, 0, 238, 298, 222, 17, 1.59%, 31, 0, 5, 368.62
1629382757, 0, 239, 298, 221, 16, 1.59%, 31, 0, 5, 347.15
1629382942, 0, 247, 298, 220, 15, 1.59%, 31, 0, 5, 362.28
1629383081, 0, 249, 298, 219, 14, 1.59%, 31, 0, 5, 307.34
1629383755, 0, 252, 298, 218, 13, 1.59%, 31, 0, 5, 302.74
1629384477, 0, 255, 298, 217, 12, 1.59%, 31, 0, 5, 334.71
1629385205, 0, 261, 298, 216, 12, 1.59%, 31, 0, 5, 328.43
1629385287, 0, 263, 299, 216, 12, 1.59%, 31, 0, 5, 325.20
1629385364, 0, 268, 299, 215, 12, 1.59%, 31, 0, 5, 409.14
1629385436, 0, 268, 301, 217, 12, 1.59%, 31, 0, 5, 474.49
1629385451, 0, 271, 301, 216, 11, 1.59%, 31, 0, 5, 387.51
1629385456, 0, 271, 302, 217, 11, 1.59%, 31, 0, 5, 362.91
1629385492, 0, 271, 303, 218, 11, 1.59%, 31, 0, 5, 305.08
1629385533, 0, 271, 304, 219, 11, 1.59%, 31, 0, 5, 415.23
1629385538, 0, 271, 307, 222, 11, 1.59%, 31, 0, 5, 488.42
1629385543, 0, 271, 308, 223, 11, 1.59%, 31, 0, 5, 505.32
1629385554, 0, 271, 310, 225, 11, 1.59%, 31, 0, 5, 509.67
1629385579, 0, 275, 310, 224, 10, 1.59%, 31, 0, 5, 507.75
1629385692, 0, 275, 313, 227, 10, 1.59%, 31, 0, 5, 455.22
1629385703, 0, 275, 314, 228, 10, 1.59%, 31, 0, 5, 508.62
1629385754, 0, 278, 314, 227, 9, 1.59%, 31, 0, 5, 460.52
1629385952, 0, 278, 314, 227, 9, 1.59%, 32, 0, 5, 298.23
1629386461, 0, 282, 314, 226, 8, 1.59%, 32, 0, 5, 319.50
1629386713, 0, 282, 315, 227, 8, 1.59%, 32, 0, 5, 406.35
1629386728, 0, 282, 316, 228, 8, 1.59%, 32, 0, 5, 435.85
1629386758, 0, 282, 317, 229, 8, 1.59%, 32, 0, 5, 432.10
1629386763, 0, 282, 318, 230, 8, 1.59%, 32, 0, 5, 437.09
1629386768, 0, 284, 321, 232, 7, 1.62%, 32, 0, 5, 298.20
1629386773, 0, 284, 322, 233, 7, 1.62%, 32, 0, 5, 261.33
1629386814, 0, 284, 327, 238, 7, 1.62%, 32, 0, 5, 263.57
1629386942, 0, 284, 328, 239, 7, 1.62%, 32, 0, 5, 260.78
1629387333, 0, 284, 331, 242, 7, 1.62%, 32, 0, 5, 227.22
1629387338, 0, 284, 334, 245, 7, 1.65%, 32, 0, 5, 238.86
1629387353, 0, 284, 335, 246, 7, 1.66%, 32, 0, 5, 247.23
1629387424, 0, 284, 337, 248, 7, 1.66%, 32, 0, 5, 334.12
1629387429, 0, 284, 338, 249, 7, 1.66%, 32, 0, 5, 340.46
1629387439, 0, 284, 339, 250, 7, 1.66%, 32, 0, 5, 339.52
1629387470, 0, 285, 340, 250, 13, 1.66%, 32, 0, 5, 337.20
1629388170, 0, 288, 340, 249, 12, 1.66%, 32, 0, 5, 317.52
1629388175, 0, 288, 341, 250, 12, 1.66%, 32, 0, 5, 284.39
1629388717, 0, 288, 342, 251, 12, 1.66%, 32, 0, 5, 358.08
1629388727, 0, 289, 342, 250, 11, 1.66%, 32, 0, 5, 263.47
1629389275, 0, 289, 342, 250, 11, 1.66%, 33, 0, 5, 202.81
1629389457, 0, 292, 342, 249, 10, 1.66%, 33, 0, 5, 304.91
1629389569, 0, 292, 343, 250, 10, 1.66%, 33, 0, 5, 277.17
1629390097, 0, 296, 343, 249, 9, 1.66%, 33, 0, 5, 325.11
1629390229, 0, 298, 343, 248, 8, 1.66%, 33, 0, 5, 409.07
1629390310, 0, 318, 343, 247, 7, 1.66%, 33, 0, 5, 303.33
1629391053, 0, 318, 344, 248, 7, 1.66%, 33, 0, 6, 268.98
1629391063, 0, 319, 344, 247, 6, 1.66%, 33, 0, 6, 284.42
1629391630, 0, 319, 345, 248, 6, 1.66%, 33, 0, 6, 240.45
1629391717, 0, 319, 346, 249, 6, 1.66%, 33, 0, 6, 332.34
1629391732, 0, 320, 346, 248, 6, 1.66%, 33, 0, 6, 284.60
1629392385, 0, 325, 346, 247, 5, 1.66%, 33, 0, 6, 298.61
1629392564, 0, 325, 347, 248, 5, 1.67%, 33, 0, 6, 266.13
1629393062, 0, 325, 349, 250, 5, 1.67%, 33, 0, 6, 347.95
1629393092, 0, 331, 349, 249, 5, 1.67%, 33, 0, 6, 273.73
1629393097, 0, 331, 350, 250, 5, 1.67%, 33, 0, 6, 233.05
1629393143, 0, 331, 350, 250, 5, 1.67%, 34, 0, 6, 215.66
1629393295, 0, 331, 351, 251, 5, 1.67%, 34, 0, 6, 227.07
1629393656, 0, 331, 352, 252, 5, 1.68%, 34, 0, 6, 213.66
1629393696, 0, 331, 353, 253, 5, 1.68%, 34, 0, 6, 227.92
1629393706, 0, 331, 354, 254, 5, 1.68%, 34, 0, 6, 240.36
1629393731, 0, 331, 356, 256, 5, 1.68%, 34, 0, 6, 218.42
1629393762, 0, 331, 357, 257, 5, 1.68%, 34, 0, 6, 205.24
1629393848, 0, 337, 357, 256, 7, 1.68%, 34, 0, 6, 290.76
1629394579, 0, 346, 357, 255, 6, 1.68%, 34, 0, 6, 280.82
1629394746, 0, 346, 358, 256, 6, 1.69%, 34, 0, 7, 257.79
1629395142, 0, 346, 359, 257, 6, 1.69%, 34, 0, 7, 235.25
1629395162, 0, 346, 360, 258, 6, 1.69%, 34, 0, 7, 250.20
1629395228, 0, 349, 360, 257, 8, 1.69%, 34, 0, 7, 301.30
1629395238, 0, 349, 361, 258, 8, 1.69%, 34, 0, 7, 226.18
1629395985, 0, 349, 362, 259, 8, 1.69%, 34, 0, 7, 324.62
1629395995, 0, 350, 362, 258, 7, 1.69%, 34, 0, 7, 255.63
1629396747, 0, 352, 362, 257, 6, 1.69%, 34, 0, 7, 250.05
1629396792, 0, 352, 362, 257, 6, 1.69%, 35, 0, 7, 223.59
1629397494, 0, 354, 362, 256, 5, 1.69%, 35, 0, 7, 277.80
1629397535, 0, 354, 363, 257, 5, 1.70%, 35, 0, 7, 238.66
1629397540, 0, 354, 364, 258, 5, 1.70%, 35, 0, 7, 249.98
1629397983, 0, 354, 365, 259, 5, 1.70%, 35, 0, 7, 232.07
1629398003, 0, 354, 366, 260, 5, 1.70%, 35, 0, 7, 239.83
1629398065, 0, 354, 367, 261, 5, 1.71%, 35, 0, 7, 237.76
1629398096, 0, 354, 368, 262, 5, 1.71%, 35, 0, 7, 239.81
1629398168, 0, 354, 369, 263, 5, 1.71%, 35, 0, 7, 336.91
1629398184, 0, 355, 369, 262, 7, 1.71%, 35, 0, 7, 245.30
1629398235, 0, 355, 369, 262, 7, 1.71%, 36, 0, 7, 232.41
1629398812, 0, 355, 369, 262, 7, 1.71%, 37, 0, 7, 211.37
1629398940, 0, 357, 369, 261, 6, 1.71%, 37, 0, 7, 293.27
1629399594, 0, 358, 369, 260, 5, 1.71%, 37, 0, 7, 297.13
1629400257, 0, 359, 369, 259, 4, 1.71%, 37, 0, 7, 316.61
1629400927, 0, 362, 369, 258, 3, 1.71%, 37, 0, 7, 295.34
1629400968, 0, 362, 370, 259, 3, 1.71%, 37, 0, 8, 238.47
1629401606, 0, 362, 371, 260, 3, 1.71%, 37, 0, 8, 301.09
1629401621, 0, 366, 371, 259, 3, 1.71%, 37, 0, 8, 266.26
1629402220, 0, 366, 372, 260, 3, 1.71%, 37, 0, 8, 236.80
1629402295, 0, 369, 372, 259, 2, 1.71%, 37, 0, 8, 299.15
1629402798, 0, 369, 373, 260, 2, 1.71%, 37, 0, 9, 224.24
1629402990, 0, 369, 374, 261, 2, 1.71%, 37, 0, 9, 316.71
1629402996, 0, 369, 375, 262, 2, 1.71%, 37, 0, 9, 335.34
1629403006, 0, 369, 376, 263, 2, 1.71%, 37, 0, 9, 339.77
1629403011, 0, 369, 377, 264, 2, 1.71%, 37, 0, 9, 333.41
1629403041, 0, 370, 377, 263, 2, 1.71%, 37, 0, 9, 309.47
1629403051, 0, 370, 378, 264, 2, 1.71%, 37, 0, 9, 245.44
1629403538, 0, 370, 379, 265, 2, 1.71%, 37, 0, 9, 221.47
1629403759, 0, 372, 379, 264, 2, 1.71%, 37, 0, 9, 314.08
1629403775, 0, 372, 380, 265, 2, 1.71%, 37, 0, 10, 214.53
1629403965, 0, 372, 381, 266, 2, 1.71%, 37, 0, 10, 212.36
1629404340, 0, 372, 382, 267, 2, 1.71%, 37, 0, 10, 235.12
1629404407, 0, 372, 383, 268, 2, 1.71%, 37, 0, 10, 199.82
1629404524, 0, 372, 384, 269, 2, 1.71%, 37, 0, 10, 316.65
1629404550, 0, 372, 385, 270, 2, 1.71%, 37, 0, 10, 329.03
1629404576, 0, 374, 385, 269, 1, 1.71%, 37, 0, 10, 295.28
1629405274, 0, 374, 386, 270, 1, 1.71%, 37, 0, 10, 313.93
1629405295, 0, 374, 387, 271, 1, 1.71%, 37, 0, 10, 338.19
1629405315, 0, 374, 388, 272, 1, 1.71%, 37, 0, 10, 344.97
1629405326, 0, 377, 388, 271, 1, 1.71%, 37, 0, 10, 292.92
1629406042, 1, 2, 388, 270, 0, 1.71%, 37, 0, 10, 305.35
1629406631, 1, 5, 388, 269, 0, 1.71%, 37, 0, 10, 363.52
1629406713, 1, 9, 388, 268, 0, 1.71%, 37, 0, 10, 516.64
1629406718, 1, 16, 388, 268, 0, 1.71%, 37, 0, 10, 277.53
1629407418, 1, 16, 389, 269, 0, 1.71%, 37, 0, 10, 326.47
1629407428, 1, 16, 390, 270, 0, 1.71%, 37, 0, 10, 370.50
1629407433, 1, 16, 391, 271, 0, 1.71%, 37, 0, 10, 372.67
1629407449, 1, 16, 392, 272, 0, 1.71%, 37, 0, 10, 367.63
1629407459, 1, 16, 393, 273, 0, 1.71%, 37, 0, 10, 364.92
1629407469, 1, 20, 393, 272, 0, 1.71%, 37, 0, 10, 358.86
1629407474, 1, 22, 393, 272, 0, 1.71%, 37, 0, 10, 378.57
1629407479, 1, 23, 393, 272, 0, 1.71%, 37, 0, 10, 358.82
1629407545, 1, 26, 393, 271, 0, 1.71%, 37, 0, 10, 422.03
1629407632, 1, 33, 393, 270, 0, 1.71%, 37, 0, 10, 414.87
1629407637, 1, 38, 393, 270, 0, 1.71%, 37, 0, 10, 402.48
1629407642, 1, 42, 393, 270, 0, 1.71%, 37, 0, 10, 450.59
1629407647, 1, 43, 393, 270, 0, 1.71%, 37, 0, 10, 291.64
1629408326, 1, 47, 393, 269, 0, 1.71%, 37, 0, 10, 367.21
1629408331, 1, 48, 393, 269, 0, 1.71%, 37, 0, 10, 308.55
1629408943, 1, 49, 393, 268, 0, 1.71%, 37, 0, 10, 415.37
1629408948, 1, 54, 393, 268, 0, 1.71%, 37, 0, 10, 447.27
1629408953, 1, 54, 396, 271, 0, 1.71%, 37, 0, 10, 386.17
1629408964, 1, 54, 397, 272, 0, 1.71%, 37, 0, 10, 365.18
1629408969, 1, 57, 398, 273, 0, 1.71%, 37, 0, 10, 344.64
1629409035, 1, 60, 398, 272, 0, 1.71%, 37, 0, 10, 455.15
1629409199, 1, 63, 398, 271, 0, 1.71%, 37, 0, 10, 382.89
1629409204, 1, 65, 398, 271, 0, 1.71%, 37, 0, 10, 336.90
1629409271, 1, 66, 398, 270, 0, 1.71%, 37, 0, 10, 339.82
1629409337, 1, 75, 398, 269, 0, 1.71%, 37, 0, 10, 277.77
1629410011, 1, 82, 398, 268, 0, 1.71%, 37, 0, 10, 283.21
1629410254, 1, 82, 398, 268, 0, 1.71%, 38, 0, 10, 281.87
1629410696, 1, 89, 398, 267, 0, 1.71%, 38, 0, 10, 315.36
1629411320, 1, 90, 398, 266, 0, 1.71%, 38, 0, 10, 281.15
1629411969, 1, 97, 398, 265, 0, 1.71%, 38, 0, 10, 284.89
1629413075, 1, 101, 398, 264, 0, 1.71%, 38, 0, 10, 311.67
1629413747, 1, 105, 398, 263, 0, 1.71%, 38, 0, 10, 271.19
1629414492, 1, 107, 398, 262, 0, 1.71%, 38, 0, 10, 253.01
1629415177, 1, 109, 398, 261, 0, 1.71%, 38, 0, 10, 333.67
1629415182, 1, 117, 398, 261, 0, 1.71%, 38, 0, 10, 244.86
1629416679, 1, 123, 398, 260, 0, 1.71%, 38, 0, 10, 237.64
1629416867, 1, 123, 398, 260, 0, 1.71%, 39, 0, 10, 312.34
1629417406, 1, 126, 398, 259, 0, 1.71%, 39, 0, 10, 242.15
1629418160, 1, 141, 398, 258, 0, 1.71%, 39, 0, 10, 313.53
1629418952, 1, 145, 398, 257, 0, 1.71%, 39, 0, 10, 345.92
1629419018, 1, 147, 398, 256, 0, 1.71%, 39, 0, 10, 414.92
1629419023, 1, 150, 398, 256, 0, 1.71%, 39, 0, 10, 326.40
1629419506, 1, 156, 398, 255, 0, 1.71%, 39, 0, 10, 337.65
1629419643, 1, 164, 398, 254, 0, 1.71%, 39, 0, 10, 359.10
1629419709, 1, 167, 398, 253, 0, 1.71%, 39, 0, 10, 311.50
1629420455, 1, 172, 398, 252, 0, 1.71%, 39, 0, 10, 332.90
1629420572, 1, 173, 398, 251, 0, 1.71%, 39, 0, 10, 294.93
1629420922, 1, 173, 399, 252, 0, 1.71%, 39, 0, 10, 318.74
1629420932, 1, 174, 399, 251, 0, 1.71%, 39, 0, 10, 300.54
1629421932, 1, 177, 399, 250, 0, 1.71%, 39, 0, 10, 327.30
1629422069, 1, 185, 399, 249, 0, 1.71%, 39, 0, 10, 287.61
1629422697, 1, 193, 399, 248, 0, 1.71%, 39, 0, 10, 403.67
1629422702, 1, 205, 399, 248, 0, 1.71%, 39, 0, 10, 279.42
1629423174, 1, 205, 400, 249, 0, 1.71%, 39, 0, 10, 207.93
1629423448, 1, 207, 400, 248, 0, 1.71%, 39, 0, 10, 406.28
1629423458, 1, 209, 400, 247, 0, 1.71%, 39, 0, 10, 396.80
1629424106, 1, 211, 400, 246, 0, 1.71%, 39, 0, 10, 267.24
1629424785, 1, 220, 402, 247, 0, 1.71%, 39, 0, 10, 355.06
1629424790, 1, 229, 403, 248, 0, 1.71%, 39, 0, 10, 383.37
1629424927, 1, 235, 403, 247, 0, 1.71%, 39, 0, 10, 366.89
1629425064, 1, 244, 403, 246, 0, 1.71%, 39, 0, 10, 376.65
1629425323, 1, 247, 403, 245, 0, 1.71%, 39, 0, 10, 389.73
1629425328, 1, 251, 403, 245, 0, 1.71%, 39, 0, 10, 293.50
1629426049, 1, 255, 403, 244, 0, 1.71%, 39, 0, 10, 369.39
1629426054, 1, 265, 403, 244, 0, 1.71%, 39, 0, 10, 321.76
1629426136, 1, 266, 403, 243, 0, 1.71%, 39, 0, 10, 328.96
1629426217, 1, 271, 403, 242, 0, 1.71%, 39, 0, 10, 448.92
1629426222, 1, 274, 404, 243, 0, 1.71%, 39, 0, 10, 353.69
1629426475, 1, 274, 406, 245, 0, 1.71%, 39, 0, 10, 355.99
1629426480, 1, 274, 409, 248, 0, 1.71%, 39, 0, 10, 430.82
1629426511, 1, 274, 410, 249, 0, 1.71%, 39, 0, 10, 443.74
1629426516, 1, 274, 411, 250, 0, 1.71%, 39, 0, 10, 437.48
1629426531, 1, 278, 413, 251, 0, 1.71%, 39, 0, 10, 423.88
1629426536, 1, 392, 413, 251, 1, 1.71%, 39, 0, 10, 308.36
1629427262, 1, 411, 413, 250, 1, 1.71%, 39, 0, 10, 296.10
1629427917, 1, 411, 414, 251, 1, 1.71%, 39, 0, 10, 316.45
1629427922, 1, 411, 415, 252, 1, 1.71%, 39, 0, 10, 367.15
1629427927, 1, 411, 416, 253, 1, 1.71%, 39, 0, 10, 387.49
1629427937, 1, 411, 417, 254, 1, 1.71%, 39, 0, 10, 384.89
1629427942, 1, 411, 418, 255, 1, 1.71%, 39, 0, 10, 383.72
1629427983, 1, 414, 418, 254, 0, 1.71%, 39, 0, 10, 285.32
1629429931, 1, 414, 419, 255, 0, 1.71%, 39, 0, 10, 242.65
1629429936, 1, 414, 422, 258, 0, 1.71%, 39, 0, 10, 293.63
1629430012, 1, 419, 422, 257, 0, 1.71%, 39, 0, 10, 280.24
1629432303, 1, 420, 422, 256, 0, 1.71%, 39, 0, 10, 245.17
1629434516, 2, 12, 422, 255, 0, 1.71%, 39, 0, 10, 457.47
1629434664, 2, 14, 422, 254, 0, 1.71%, 39, 0, 10, 393.74
1629434816, 2, 18, 422, 253, 0, 1.71%, 39, 0, 10, 431.79
1629434822, 2, 21, 422, 253, 0, 1.71%, 39, 0, 10, 395.24
1629434827, 2, 24, 422, 253, 0, 1.71%, 39, 0, 10, 442.15
1629434832, 2, 33, 422, 253, 0, 1.71%, 39, 0, 10, 428.14
1629434837, 2, 38, 422, 253, 0, 1.71%, 39, 0, 10, 402.40
1629434842, 2, 38, 424, 255, 0, 1.71%, 39, 0, 10, 394.85
1629434847, 2, 42, 424, 255, 0, 1.71%, 39, 0, 10, 461.09
1629434852, 2, 113, 425, 256, 1, 1.71%, 39, 0, 10, 386.02
1629435496, 2, 133, 425, 255, 1, 1.71%, 39, 0, 10, 288.93
1629436601, 2, 183, 425, 254, 1, 1.71%, 39, 0, 10, 257.68
1629437274, 2, 267, 425, 253, 1, 1.71%, 39, 0, 10, 339.66
1629437345, 2, 267, 427, 255, 1, 1.72%, 39, 0, 10, 439.98
1629437350, 2, 267, 428, 256, 1, 1.72%, 39, 0, 10, 465.17
1629437361, 2, 267, 429, 257, 1, 1.72%, 39, 0, 10, 485.09
1629437376, 2, 267, 430, 258, 1, 1.72%, 39, 0, 10, 483.07
1629437381, 2, 267, 431, 259, 1, 1.72%, 39, 0, 10, 479.72
1629437412, 2, 424, 431, 258, 3, 1.72%, 39, 0, 10, 339.35
1629437701, 2, 424, 432, 259, 3, 1.73%, 39, 0, 10, 201.21
