# unix_time, cycles_done, cur_path, paths_total, pending_total, pending_favs, map_size, unique_crashes, unique_hangs, max_depth, execs_per_sec
1650899937, 0, 0, 1, 1, 1, 0.77%, 0, 0, 1, 16.81
1650899942, 0, 0, 3, 3, 1, 0.78%, 0, 0, 2, 230.00
1650899947, 0, 0, 5, 5, 1, 0.80%, 0, 0, 2, 17.45
1650900111, 0, 0, 6, 6, 1, 0.80%, 0, 0, 2, 8.38
1650900323, 0, 0, 7, 7, 1, 0.81%, 0, 0, 2, 7.85
1650900508, 0, 0, 8, 8, 1, 0.81%, 0, 0, 2, 8.43
1650900657, 0, 0, 9, 9, 1, 0.81%, 0, 0, 2, 7.97
1650900678, 0, 0, 10, 10, 1, 0.81%, 0, 0, 2, 7.68
1650900822, 0, 0, 11, 11, 1, 0.81%, 0, 0, 2, 7.70
1650901057, 0, 0, 12, 12, 1, 0.81%, 0, 0, 2, 7.88
1650902094, 0, 0, 13, 13, 1, 0.81%, 0, 0, 2, 7.84
1650903966, 0, 0, 26, 26, 1, 0.86%, 0, 0, 2, 7.88
1650903972, 0, 0, 28, 28, 1, 0.86%, 0, 0, 2, 9.00
1650906865, 0, 0, 29, 29, 1, 0.86%, 0, 0, 2, 7.97
1650907123, 0, 0, 30, 30, 1, 0.87%, 0, 0, 2, 8.05
1650908304, 0, 0, 31, 31, 1, 0.87%, 0, 0, 2, 9.63
1650908396, 0, 0, 34, 34, 1, 0.87%, 0, 0, 2, 105.57
1650908421, 0, 0, 35, 35, 1, 0.87%, 0, 0, 2, 112.50
1650908426, 0, 0, 41, 41, 1, 0.93%, 0, 0, 2, 78.66
1650908432, 0, 0, 47, 47, 1, 1.30%, 1, 0, 2, 56.84
1650908437, 0, 0, 50, 50, 1, 1.33%, 2, 0, 2, 12.18
1650908442, 0, 0, 53, 53, 1, 1.54%, 2, 0, 2, 54.32
1650908447, 0, 0, 56, 56, 1, 1.54%, 2, 0, 2, 72.32
1650908452, 0, 0, 60, 60, 1, 1.54%, 2, 0, 2, 80.05
1650908457, 0, 0, 62, 62, 1, 1.54%, 2, 0, 2, 93.54
1650908462, 0, 0, 64, 64, 1, 1.54%, 2, 0, 2, 53.84
1650908467, 0, 0, 72, 72, 1, 1.62%, 2, 0, 2, 88.79
1650908472, 0, 0, 74, 74, 1, 1.71%, 2, 0, 2, 8.47
1650908478, 0, 0, 75, 75, 1, 1.79%, 2, 0, 2, 67.17
1650908483, 0, 0, 76, 76, 1, 1.79%, 2, 0, 2, 83.34
1650908488, 0, 0, 80, 80, 1, 1.79%, 2, 0, 2, 78.19
1650912473, 0, 0, 81, 81, 1, 1.80%, 2, 0, 2, 8.00
1650912519, 0, 0, 82, 82, 1, 1.81%, 2, 0, 2, 8.03
1650912600, 0, 0, 83, 83, 1, 1.81%, 2, 0, 2, 7.88
1650983044, 0, 1, 83, 82, 35, 1.81%, 2, 0, 2, 261.59
1650983150, 0, 2, 83, 81, 34, 1.81%, 2, 0, 2, 222.65
1650983201, 0, 3, 83, 80, 33, 1.81%, 2, 0, 2, 180.71
1650984128, 0, 3, 84, 81, 33, 1.81%, 2, 0, 3, 150.54
1650984183, 0, 6, 85, 81, 33, 1.81%, 2, 0, 3, 238.60
1650984198, 0, 6, 86, 82, 33, 1.81%, 2, 0, 3, 590.62
1650984214, 0, 6, 87, 83, 33, 1.81%, 2, 0, 3, 212.56
1650984306, 0, 8, 87, 82, 31, 1.81%, 2, 0, 3, 8.01
