# unix_time, cycles_done, cur_path, paths_total, pending_total, pending_favs, map_size, unique_crashes, unique_hangs, max_depth, execs_per_sec
1636360147, 0, 0, 1, 1, 1, 0.30%, 0, 0, 1, 769.23
1636360152, 0, 0, 38, 38, 1, 0.63%, 0, 0, 2, 1251.94
1636360157, 0, 0, 57, 57, 1, 0.69%, 0, 0, 2, 1364.91
1636360162, 0, 0, 62, 62, 1, 0.69%, 0, 0, 2, 1351.27
1636360167, 0, 0, 66, 66, 1, 0.70%, 0, 0, 2, 1333.00
1636360172, 0, 0, 71, 71, 1, 0.70%, 0, 0, 2, 1365.45
1636360182, 0, 0, 88, 88, 1, 0.74%, 0, 0, 2, 1370.74
1636360187, 0, 0, 97, 97, 1, 0.75%, 0, 0, 2, 1321.90
1636360192, 0, 0, 98, 98, 1, 0.75%, 0, 0, 2, 1322.58
1636360203, 0, 0, 99, 99, 1, 0.75%, 0, 0, 2, 1352.57
1636360208, 0, 0, 102, 102, 1, 0.77%, 0, 0, 2, 1341.67
1636360213, 0, 0, 107, 107, 1, 0.79%, 0, 0, 2, 1329.05
1636360223, 0, 0, 131, 131, 1, 0.83%, 0, 0, 2, 1559.72
1636360228, 0, 0, 136, 136, 1, 0.90%, 0, 0, 2, 1332.27
1636360462, 0, 0, 147, 147, 1, 0.90%, 0, 0, 2, 1342.12
1636360467, 0, 0, 173, 173, 1, 0.90%, 0, 0, 2, 1478.31
1636360472, 0, 0, 180, 180, 1, 0.90%, 0, 0, 2, 1503.73
1636360477, 0, 0, 182, 182, 1, 0.90%, 0, 0, 2, 1507.44
1636360482, 0, 0, 186, 186, 1, 0.90%, 0, 0, 2, 1506.91
1636360488, 0, 2, 187, 186, 50, 0.90%, 0, 0, 2, 1875.03
1636360503, 0, 4, 188, 186, 48, 0.90%, 0, 0, 3, 1710.99
1636360518, 0, 5, 193, 190, 47, 0.92%, 1, 0, 3, 1519.55
1636360523, 0, 5, 196, 193, 47, 0.92%, 1, 0, 3, 1615.53
1636360533, 0, 5, 200, 197, 47, 0.92%, 2, 0, 3, 2039.78
1636360539, 0, 7, 200, 196, 48, 0.92%, 2, 0, 3, 2035.83
1636360554, 0, 8, 201, 196, 47, 0.92%, 2, 0, 3, 1817.11
1636360559, 0, 8, 203, 198, 47, 0.93%, 2, 0, 3, 1480.80
1636360569, 0, 14, 203, 197, 46, 0.93%, 2, 0, 3, 1430.80
1636360855, 0, 22, 204, 197, 45, 0.93%, 2, 0, 3, 1722.07
1636360870, 0, 32, 204, 196, 45, 0.93%, 6, 0, 3, 1467.52
1636360875, 0, 32, 204, 196, 45, 0.93%, 8, 0, 3, 1537.96
1636360885, 0, 35, 204, 195, 44, 0.93%, 8, 0, 3, 1435.48
1636360891, 0, 35, 205, 196, 44, 0.93%, 8, 0, 3, 1383.04
1636361171, 0, 37, 206, 196, 44, 0.93%, 8, 0, 3, 1360.80
1636361473, 0, 37, 211, 201, 44, 0.93%, 8, 0, 3, 1434.36
1636361478, 0, 37, 214, 204, 44, 0.94%, 8, 0, 3, 1487.53
1636361483, 0, 37, 218, 208, 44, 0.94%, 8, 0, 3, 1495.49
1636361493, 0, 38, 219, 208, 44, 0.94%, 8, 0, 3, 1725.60
1636361498, 0, 38, 220, 209, 44, 0.94%, 8, 0, 3, 1526.21
1636361508, 0, 44, 222, 210, 44, 0.94%, 8, 0, 3, 1582.45
1636361524, 0, 45, 222, 209, 44, 0.94%, 8, 0, 3, 1440.50
1636361529, 0, 45, 223, 210, 44, 0.94%, 8, 0, 3, 1581.45
1636361544, 0, 47, 223, 209, 42, 0.94%, 8, 0, 3, 1783.15
1636361549, 0, 47, 224, 210, 42, 0.94%, 8, 0, 3, 1378.63
1636361559, 0, 52, 224, 209, 41, 0.94%, 8, 0, 3, 1978.64
1636361575, 0, 53, 224, 208, 40, 0.94%, 8, 0, 3, 1418.49
1636361641, 0, 53, 228, 212, 40, 0.95%, 8, 0, 3, 1291.93
1636361861, 0, 54, 228, 211, 42, 0.95%, 8, 0, 3, 1322.26
1636361866, 0, 54, 229, 212, 42, 0.95%, 8, 0, 3, 1322.07
1636361933, 0, 54, 230, 213, 42, 0.95%, 8, 0, 3, 1309.91
1636362142, 0, 54, 231, 214, 42, 0.95%, 8, 0, 3, 1336.16
1636362148, 0, 59, 231, 213, 42, 0.95%, 8, 0, 3, 1327.94
1636362153, 0, 59, 232, 214, 42, 0.95%, 8, 0, 3, 1330.69
1636362428, 0, 62, 233, 214, 41, 0.95%, 8, 0, 3, 1383.37
1636362443, 0, 62, 234, 215, 41, 0.95%, 8, 0, 3, 1356.40
1636362714, 0, 64, 235, 215, 40, 0.95%, 8, 0, 3, 1957.77
1636362724, 0, 65, 235, 214, 39, 0.95%, 8, 0, 3, 1942.79
1636362734, 0, 67, 235, 213, 38, 0.95%, 8, 0, 3, 1687.41
1636362750, 0, 71, 235, 212, 38, 0.95%, 8, 0, 3, 1521.29
1636362755, 0, 71, 236, 213, 38, 0.96%, 8, 0, 3, 1431.95
1636362790, 0, 78, 237, 213, 37, 0.96%, 8, 0, 3, 1894.37
1636362801, 0, 78, 243, 219, 37, 0.96%, 8, 0, 3, 1393.20
1636362806, 0, 88, 243, 218, 37, 0.96%, 8, 0, 3, 1415.37
1636362831, 0, 88, 244, 219, 37, 0.96%, 8, 0, 3, 1325.72
1636363088, 0, 90, 244, 218, 37, 0.96%, 8, 0, 3, 1315.46
1636363114, 0, 90, 245, 219, 37, 0.97%, 8, 0, 3, 1308.26
1636363363, 0, 102, 252, 225, 37, 0.97%, 8, 0, 3, 1367.17
1636363368, 0, 102, 253, 226, 37, 0.97%, 8, 0, 3, 1348.76
1636363373, 0, 102, 255, 228, 37, 0.98%, 8, 0, 3, 1344.87
1636363409, 0, 102, 256, 229, 37, 0.98%, 8, 0, 3, 1311.93
1636363587, 0, 102, 258, 231, 37, 0.98%, 8, 0, 3, 1312.31
1636363648, 0, 102, 259, 232, 37, 0.98%, 8, 0, 3, 1373.96
1636363653, 0, 103, 260, 232, 41, 0.98%, 8, 0, 3, 1353.21
1636363939, 0, 114, 262, 233, 40, 0.98%, 8, 0, 3, 1405.64
1636363955, 0, 114, 265, 236, 40, 1.04%, 8, 0, 3, 1266.20
1636363970, 0, 133, 266, 236, 41, 1.04%, 8, 0, 3, 1291.09
1636363975, 0, 133, 268, 238, 41, 1.05%, 8, 0, 3, 1281.22
1636363980, 0, 133, 270, 240, 41, 1.05%, 8, 0, 3, 1233.26
1636364291, 0, 133, 271, 241, 41, 1.05%, 8, 0, 3, 1374.97
1636364296, 0, 134, 271, 240, 42, 1.05%, 8, 0, 3, 1305.09
1636364357, 0, 134, 272, 241, 42, 1.17%, 8, 0, 3, 1400.02
1636364622, 0, 145, 272, 240, 40, 1.17%, 8, 0, 3, 1304.00
1636364755, 0, 152, 272, 239, 39, 1.17%, 8, 0, 3, 1324.96
1636364918, 0, 162, 272, 238, 38, 1.17%, 8, 0, 3, 1546.46
1636364948, 0, 186, 272, 237, 37, 1.17%, 8, 0, 3, 1522.95
1636364958, 0, 186, 273, 238, 37, 1.17%, 8, 0, 3, 1350.90
1636365090, 0, 189, 277, 241, 36, 1.18%, 8, 0, 4, 1419.95
1636365095, 0, 189, 278, 242, 36, 1.18%, 8, 0, 4, 1673.61
1636365100, 0, 189, 279, 243, 36, 1.18%, 8, 0, 4, 1328.32
1636365110, 0, 190, 281, 244, 37, 1.19%, 9, 0, 4, 1841.82
1636365115, 0, 190, 282, 245, 37, 1.19%, 9, 0, 4, 1504.85
1636365121, 0, 190, 284, 247, 37, 1.19%, 9, 0, 4, 1453.68
1636365126, 0, 191, 285, 247, 39, 1.19%, 9, 0, 4, 1922.55
1636365136, 0, 191, 287, 249, 39, 1.19%, 9, 0, 4, 1447.65
1636365141, 0, 192, 287, 248, 38, 1.19%, 9, 0, 4, 1844.40
1636365156, 0, 198, 287, 247, 37, 1.19%, 9, 0, 4, 1493.87
1636365192, 0, 201, 287, 246, 36, 1.19%, 9, 0, 4, 1425.17
1636365207, 0, 201, 288, 247, 36, 1.20%, 9, 0, 4, 1303.17
1636365217, 0, 202, 288, 246, 36, 1.20%, 9, 0, 4, 1400.90
1636365248, 0, 203, 288, 245, 35, 1.20%, 9, 0, 4, 1509.52
1636365263, 0, 204, 288, 244, 34, 1.20%, 9, 0, 4, 1499.65
1636365553, 0, 206, 289, 244, 33, 1.20%, 9, 0, 4, 1302.14
1636365921, 0, 209, 290, 244, 33, 1.20%, 9, 0, 4, 1350.06
1636366105, 0, 213, 292, 245, 33, 1.20%, 9, 0, 4, 1690.78
1636366120, 0, 214, 292, 244, 32, 1.20%, 9, 0, 4, 1366.50
1636366130, 0, 214, 293, 245, 32, 1.20%, 9, 0, 4, 1289.30
1636366135, 0, 214, 295, 247, 32, 1.20%, 9, 0, 4, 1507.56
1636366262, 0, 220, 295, 246, 32, 1.20%, 9, 0, 4, 1508.28
1636366282, 0, 221, 295, 245, 31, 1.20%, 9, 0, 4, 1516.44
1636366297, 0, 221, 296, 246, 31, 1.20%, 9, 0, 4, 1519.74
1636366302, 0, 222, 296, 245, 30, 1.20%, 9, 0, 4, 1484.00
1636366307, 0, 222, 297, 246, 30, 1.20%, 9, 0, 4, 1504.96
1636366318, 0, 222, 298, 247, 30, 1.20%, 9, 0, 4, 1284.02
1636366333, 0, 224, 299, 247, 29, 1.20%, 9, 0, 4, 1349.44
1636366624, 0, 224, 300, 248, 29, 1.20%, 9, 0, 4, 1338.51
1636366629, 0, 226, 300, 247, 29, 1.20%, 9, 0, 4, 1343.03
1636366929, 0, 227, 301, 247, 29, 1.20%, 9, 0, 4, 1370.28
1636367240, 0, 233, 301, 246, 28, 1.20%, 9, 0, 4, 1341.30
1636367251, 0, 233, 302, 247, 28, 1.20%, 9, 0, 4, 1333.49
1636367526, 0, 234, 306, 250, 27, 1.20%, 9, 0, 4, 1385.96
1636367663, 0, 235, 307, 250, 27, 1.20%, 10, 0, 4, 1499.90
1636367703, 0, 237, 307, 249, 26, 1.20%, 10, 0, 4, 1661.00
1636367714, 0, 237, 308, 250, 26, 1.20%, 10, 0, 4, 1431.66
1636367724, 0, 240, 308, 249, 25, 1.20%, 10, 0, 4, 1980.96
1636367734, 0, 240, 309, 250, 25, 1.20%, 10, 0, 4, 1415.94
1636367744, 0, 243, 309, 249, 24, 1.20%, 10, 0, 4, 1381.29
1636367774, 0, 243, 310, 250, 24, 1.20%, 10, 0, 4, 1336.53
1636368030, 0, 244, 311, 250, 24, 1.20%, 10, 0, 4, 1357.82
1636368071, 0, 244, 312, 251, 24, 1.20%, 10, 0, 4, 1327.46
1636368311, 0, 245, 312, 250, 24, 1.20%, 10, 0, 4, 1317.78
1636368596, 0, 245, 314, 252, 24, 1.21%, 10, 0, 4, 1370.13
1636368601, 0, 246, 315, 252, 23, 1.21%, 10, 0, 4, 1380.13
1636368887, 0, 248, 316, 252, 23, 1.21%, 10, 0, 4, 1369.95
1636369177, 0, 252, 317, 252, 22, 1.21%, 10, 0, 4, 1340.84
1636369187, 0, 252, 318, 253, 22, 1.21%, 10, 0, 4, 1327.05
1636369468, 0, 259, 320, 254, 21, 1.21%, 10, 0, 4, 1313.09
1636369785, 0, 262, 320, 253, 20, 1.21%, 10, 0, 4, 1420.28
1636369815, 0, 264, 320, 252, 19, 1.21%, 10, 0, 4, 1402.94
1636369821, 0, 264, 321, 253, 19, 1.21%, 10, 0, 4, 1493.06
1636369826, 0, 264, 322, 254, 19, 1.23%, 10, 0, 4, 1869.53
1636369836, 0, 264, 323, 255, 19, 1.23%, 10, 0, 4, 1286.94
1636369851, 0, 264, 326, 258, 19, 1.23%, 10, 0, 4, 1224.38
1636369866, 0, 266, 326, 257, 20, 1.23%, 10, 0, 4, 1483.18
1636369896, 0, 267, 326, 256, 19, 1.23%, 10, 0, 4, 1525.21
1636369942, 0, 271, 326, 255, 18, 1.23%, 10, 0, 4, 1045.67
1636369952, 0, 271, 327, 256, 18, 1.25%, 10, 0, 4, 901.11
1636369988, 0, 271, 328, 257, 18, 1.25%, 10, 0, 4, 1205.79
1636370049, 0, 271, 330, 259, 18, 1.25%, 10, 0, 4, 1249.10
1636370478, 0, 273, 330, 258, 18, 1.25%, 10, 0, 4, 933.36
1636370499, 0, 276, 330, 257, 17, 1.25%, 10, 0, 4, 1976.71
1636370514, 0, 279, 330, 256, 16, 1.25%, 10, 0, 4, 1626.97
1636370529, 0, 280, 331, 256, 15, 1.25%, 10, 0, 5, 1868.40
1636370534, 0, 280, 332, 257, 15, 1.25%, 10, 0, 5, 1728.74
1636370544, 0, 280, 334, 259, 15, 1.25%, 10, 0, 5, 1918.42
1636370550, 0, 283, 335, 259, 14, 1.25%, 11, 0, 5, 1811.53
1636370575, 0, 283, 337, 261, 14, 1.25%, 11, 0, 5, 1893.89
1636370580, 0, 287, 338, 261, 14, 1.25%, 11, 0, 5, 1557.27
1636370585, 0, 287, 339, 262, 14, 1.25%, 11, 0, 5, 1378.15
1636370616, 0, 287, 341, 264, 14, 1.25%, 11, 0, 5, 1169.25
1636370631, 0, 291, 342, 264, 16, 1.25%, 11, 0, 5, 1375.29
1636370713, 0, 292, 342, 263, 16, 1.25%, 11, 0, 5, 1486.11
1636370743, 0, 292, 343, 264, 16, 1.25%, 11, 0, 5, 1274.02
1636370855, 0, 298, 343, 263, 15, 1.25%, 11, 0, 5, 1286.88
1636371177, 0, 300, 343, 262, 14, 1.25%, 11, 0, 5, 1288.09
1636371345, 0, 300, 344, 263, 14, 1.25%, 11, 0, 5, 1451.97
1636371350, 0, 306, 344, 262, 14, 1.25%, 11, 0, 5, 1428.74
1636371498, 0, 306, 346, 264, 14, 1.25%, 11, 0, 5, 1493.02
1636371503, 0, 309, 346, 263, 13, 1.25%, 11, 0, 5, 1514.13
1636371691, 0, 309, 347, 264, 13, 1.25%, 11, 0, 5, 1283.02
1636371793, 0, 311, 347, 263, 12, 1.25%, 11, 0, 5, 1365.91
1636371971, 0, 311, 348, 264, 12, 1.25%, 11, 0, 5, 1313.60
1636372073, 0, 313, 348, 263, 11, 1.25%, 11, 0, 5, 1349.89
1636372078, 0, 313, 352, 267, 11, 1.26%, 11, 0, 5, 1333.85
1636372093, 0, 313, 355, 270, 11, 1.26%, 11, 0, 5, 1326.35
1636372231, 0, 313, 356, 271, 11, 1.26%, 11, 0, 5, 1398.10
1636372236, 0, 313, 358, 273, 11, 1.26%, 11, 0, 5, 1597.36
1636372241, 0, 314, 358, 272, 14, 1.26%, 11, 0, 5, 1548.65
1636372526, 0, 314, 359, 273, 14, 1.26%, 11, 0, 5, 1394.41
1636372532, 0, 321, 360, 273, 13, 1.26%, 11, 0, 5, 1508.51
1636372537, 0, 321, 361, 274, 13, 1.27%, 11, 0, 5, 1551.07
1636372567, 0, 321, 362, 275, 13, 1.27%, 11, 0, 5, 1379.01
1636372577, 0, 325, 365, 277, 13, 1.28%, 11, 0, 5, 1459.53
1636372643, 0, 326, 370, 281, 13, 1.30%, 11, 0, 5, 1351.25
1636372694, 0, 334, 370, 280, 17, 1.30%, 11, 0, 5, 1395.55
1636372699, 0, 334, 370, 280, 17, 1.30%, 12, 0, 5, 1831.04
1636372724, 0, 337, 370, 279, 16, 1.30%, 12, 0, 5, 1377.56
1636372770, 0, 341, 370, 278, 14, 1.30%, 12, 0, 5, 1341.60
1636372856, 0, 343, 370, 277, 13, 1.30%, 12, 0, 5, 1460.66
1636373014, 0, 348, 371, 277, 12, 1.30%, 12, 0, 6, 1466.06
1636373019, 0, 348, 372, 278, 12, 1.30%, 12, 0, 6, 1359.10
1636373039, 0, 348, 373, 279, 12, 1.30%, 12, 0, 6, 1311.97
1636373172, 0, 348, 375, 281, 12, 1.30%, 12, 0, 6, 1355.23
1636373177, 0, 349, 375, 280, 12, 1.30%, 12, 0, 6, 1561.63
1636373339, 0, 350, 377, 281, 11, 1.30%, 12, 0, 6, 1568.89
1636373344, 0, 350, 378, 282, 11, 1.30%, 12, 0, 6, 1389.69
1636373502, 0, 351, 378, 281, 10, 1.30%, 12, 0, 6, 1366.95
1636373522, 0, 351, 379, 282, 10, 1.30%, 12, 0, 6, 1326.14
1636373660, 0, 360, 379, 281, 9, 1.30%, 12, 0, 6, 1428.40
1636373706, 0, 363, 379, 280, 8, 1.30%, 12, 0, 6, 1386.36
1636373766, 0, 364, 379, 279, 8, 1.30%, 12, 0, 6, 1345.07
1636373827, 0, 365, 379, 278, 7, 1.30%, 12, 0, 6, 1434.00
1636373883, 0, 366, 382, 280, 6, 1.30%, 12, 0, 6, 1362.81
1636373924, 0, 366, 383, 281, 6, 1.30%, 12, 0, 6, 904.68
1636373940, 0, 367, 383, 280, 7, 1.30%, 12, 0, 6, 1246.38
1636373990, 0, 367, 384, 281, 7, 1.30%, 12, 0, 6, 1281.97
1636373995, 0, 368, 384, 280, 6, 1.30%, 12, 0, 6, 1319.43
1636374046, 0, 369, 384, 279, 5, 1.30%, 12, 0, 6, 1291.24
1636374102, 0, 371, 384, 278, 4, 1.30%, 12, 0, 6, 1337.56
1636374260, 0, 371, 385, 279, 4, 1.30%, 12, 0, 7, 1416.59
1636374265, 0, 377, 386, 279, 3, 1.30%, 12, 0, 7, 1381.48
1636374423, 0, 381, 387, 279, 4, 1.30%, 12, 0, 7, 1502.12
1636374428, 0, 381, 389, 281, 4, 1.30%, 12, 0, 7, 1323.24
1636374479, 0, 382, 390, 281, 4, 1.30%, 12, 0, 7, 1498.20
1636374484, 0, 382, 391, 282, 4, 1.30%, 12, 0, 7, 1264.97
1636374535, 0, 386, 391, 281, 4, 1.30%, 12, 0, 7, 1320.79
1636374688, 0, 387, 391, 280, 3, 1.30%, 12, 0, 7, 1395.59
1636374693, 0, 387, 392, 281, 3, 1.30%, 12, 0, 8, 1410.51
1636374744, 0, 390, 393, 281, 3, 1.30%, 13, 0, 8, 1203.53
1636374795, 0, 391, 393, 280, 2, 1.30%, 13, 0, 8, 1300.19
1636374800, 0, 391, 394, 281, 2, 1.30%, 13, 0, 9, 1275.96
1636374851, 0, 393, 394, 280, 2, 1.30%, 13, 0, 9, 1381.97
1636374907, 1, 212, 394, 279, 1, 1.30%, 13, 0, 9, 1395.27
1636375091, 1, 263, 394, 278, 1, 1.30%, 13, 0, 9, 1408.58
1636375141, 1, 265, 394, 277, 0, 1.30%, 13, 0, 9, 1248.51
1636375493, 1, 281, 394, 276, 0, 1.30%, 14, 0, 9, 1607.07
1636375513, 1, 293, 394, 275, 0, 1.30%, 14, 0, 9, 1617.16
1636375655, 1, 293, 399, 280, 0, 1.30%, 14, 0, 9, 1677.81
1636375660, 1, 293, 401, 282, 0, 1.30%, 14, 0, 9, 1857.49
1636375671, 1, 298, 405, 285, 0, 1.30%, 14, 0, 9, 1728.04
1636375676, 1, 305, 409, 289, 0, 1.30%, 14, 0, 9, 1554.55
1636375814, 1, 308, 409, 288, 0, 1.30%, 14, 0, 9, 1381.66
1636375992, 1, 309, 409, 287, 0, 1.30%, 14, 0, 9, 1393.91
1636375997, 1, 315, 409, 287, 0, 1.30%, 14, 0, 9, 1333.68
1636376324, 1, 315, 412, 290, 0, 1.30%, 14, 0, 9, 1491.48
1636376329, 1, 315, 414, 292, 0, 1.30%, 14, 0, 9, 1585.01
1636376334, 1, 315, 416, 294, 0, 1.30%, 14, 0, 9, 1573.22
1636376339, 1, 315, 417, 295, 0, 1.30%, 14, 0, 9, 1567.02
1636376344, 1, 319, 417, 294, 0, 1.30%, 14, 0, 9, 1391.58
1636376644, 1, 319, 420, 297, 0, 1.30%, 14, 0, 9, 1425.48
1636376649, 1, 319, 421, 298, 0, 1.30%, 14, 0, 9, 1537.00
1636376660, 1, 319, 422, 299, 0, 1.30%, 14, 0, 9, 1565.00
1636376665, 1, 320, 422, 298, 0, 1.30%, 14, 0, 9, 1562.21
1636376705, 1, 322, 422, 297, 0, 1.30%, 14, 0, 9, 1666.60
1636376771, 1, 338, 422, 296, 0, 1.30%, 14, 0, 9, 1379.52
1636376817, 1, 347, 423, 296, 0, 1.30%, 14, 0, 9, 1366.16
1636377036, 1, 347, 424, 297, 0, 1.30%, 14, 0, 9, 1316.42
1636377112, 1, 354, 424, 296, 0, 1.30%, 14, 0, 9, 1385.01
1636377132, 1, 354, 425, 297, 0, 1.30%, 14, 0, 9, 1317.26
1636377271, 1, 354, 427, 299, 0, 1.30%, 14, 0, 9, 1454.87
1636377276, 1, 354, 431, 303, 0, 1.30%, 14, 0, 9, 1708.58
1636377281, 1, 354, 432, 304, 0, 1.30%, 14, 0, 9, 1784.26
1636377291, 1, 370, 432, 303, 0, 1.30%, 14, 0, 9, 1682.75
1636377453, 1, 371, 432, 302, 0, 1.30%, 14, 0, 9, 1517.51
1636377458, 1, 373, 432, 302, 0, 1.30%, 14, 0, 9, 1399.84
1636377479, 1, 373, 433, 303, 0, 1.30%, 14, 0, 9, 1327.38
1636377622, 1, 373, 435, 305, 0, 1.30%, 14, 0, 9, 1490.88
1636377627, 1, 383, 435, 304, 0, 1.30%, 14, 0, 9, 1645.24
1636377677, 1, 392, 435, 303, 0, 1.30%, 14, 0, 9, 1638.51
1636377682, 1, 392, 436, 304, 0, 1.30%, 14, 0, 9, 1287.93
1636377733, 1, 392, 437, 305, 0, 1.30%, 14, 0, 9, 1709.97
1636377738, 1, 434, 437, 304, 1, 1.30%, 14, 0, 9, 1429.07
1636377912, 1, 434, 439, 306, 1, 1.30%, 15, 0, 9, 1655.06
1636377922, 1, 435, 440, 306, 1, 1.30%, 15, 0, 10, 1414.55
1636377973, 1, 435, 441, 307, 1, 1.30%, 15, 0, 10, 1627.95
1636377978, 1, 435, 444, 310, 1, 1.30%, 15, 0, 10, 2103.06
1636377983, 1, 439, 444, 309, 1, 1.30%, 16, 0, 10, 2133.41
1636377988, 1, 439, 445, 310, 1, 1.30%, 16, 0, 11, 1404.93
1636378044, 1, 441, 445, 309, 0, 1.30%, 16, 0, 11, 1457.10
1636378338, 1, 441, 446, 310, 0, 1.30%, 16, 0, 11, 1597.16
1636378343, 1, 443, 446, 309, 0, 1.30%, 16, 0, 11, 1434.46
1636378348, 1, 443, 447, 310, 0, 1.30%, 16, 0, 11, 1189.92
1636378420, 1, 443, 448, 311, 0, 1.30%, 16, 0, 11, 988.96
1636378425, 1, 443, 451, 314, 0, 1.30%, 16, 0, 11, 1841.36
1636378430, 1, 443, 453, 316, 0, 1.30%, 16, 0, 11, 2044.32
1636378435, 1, 446, 453, 315, 0, 1.30%, 16, 0, 11, 1661.07
1636378517, 1, 446, 455, 317, 0, 1.30%, 16, 0, 12, 1797.83
1636378527, 1, 449, 455, 316, 0, 1.30%, 16, 0, 12, 1628.97
1636378741, 1, 449, 458, 319, 0, 1.30%, 16, 0, 12, 1289.93
1636378746, 1, 449, 459, 320, 0, 1.30%, 16, 0, 12, 1566.77
1636378751, 1, 449, 460, 321, 0, 1.30%, 16, 0, 12, 1625.20
1636378756, 1, 450, 460, 320, 0, 1.30%, 16, 0, 12, 1441.67
1636378867, 1, 450, 462, 322, 0, 1.30%, 16, 0, 12, 1513.49
1636378873, 1, 450, 463, 323, 0, 1.30%, 16, 0, 12, 1904.48
1636378878, 1, 450, 464, 324, 0, 1.30%, 16, 0, 12, 1954.25
1636378883, 1, 453, 464, 323, 0, 1.30%, 16, 0, 12, 1300.49
1636378990, 1, 454, 464, 322, 0, 1.30%, 16, 0, 12, 1110.19
1636379223, 1, 454, 467, 325, 0, 1.30%, 16, 0, 13, 1454.28
1636379228, 1, 454, 468, 326, 0, 1.30%, 16, 0, 13, 1600.79
1636379238, 1, 464, 469, 326, 1, 1.30%, 16, 0, 13, 1069.74
1636379649, 1, 465, 469, 325, 0, 1.30%, 16, 0, 13, 909.70
1636379861, 1, 465, 471, 327, 0, 1.30%, 16, 0, 14, 1416.97
1636379877, 2, 6, 471, 326, 0, 1.30%, 16, 0, 14, 1937.54
1636379887, 2, 6, 472, 327, 0, 1.30%, 16, 0, 14, 1605.69
1636379892, 2, 12, 472, 326, 0, 1.30%, 16, 0, 14, 1406.67
1636380173, 2, 12, 474, 328, 0, 1.31%, 16, 0, 14, 1455.94
1636380178, 2, 12, 477, 331, 0, 1.31%, 16, 0, 14, 1631.57
1636380189, 2, 12, 479, 333, 0, 1.31%, 16, 0, 14, 1705.65
1636380194, 2, 104, 481, 334, 2, 1.31%, 16, 0, 14, 1518.36
1636380483, 2, 302, 481, 333, 2, 1.31%, 16, 0, 14, 1408.27
1636380620, 2, 324, 481, 332, 2, 1.31%, 16, 0, 14, 1428.82
1636380676, 2, 472, 481, 331, 2, 1.31%, 16, 0, 14, 1085.35
1636382039, 2, 475, 481, 330, 1, 1.31%, 16, 0, 14, 906.11
1636384496, 2, 478, 482, 330, 0, 1.31%, 16, 0, 14, 919.97
1636384810, 2, 478, 483, 331, 0, 1.31%, 16, 0, 14, 1230.22
1636386541, 2, 478, 486, 334, 0, 1.31%, 16, 0, 14, 973.31
1636386546, 2, 478, 491, 339, 0, 1.31%, 16, 0, 14, 1095.65
1636386551, 2, 478, 492, 340, 0, 1.31%, 16, 0, 14, 1140.82
1636386561, 2, 478, 494, 342, 0, 1.31%, 16, 0, 14, 1175.03
1636386566, 2, 478, 495, 343, 0, 1.31%, 16, 0, 14, 1178.08
1636386571, 2, 480, 496, 343, 0, 1.31%, 16, 0, 14, 987.73
1636389359, 2, 480, 497, 344, 0, 1.31%, 16, 0, 14, 992.70
1636389364, 2, 484, 497, 343, 0, 1.31%, 16, 0, 14, 820.79
1636390133, 2, 484, 498, 344, 0, 1.31%, 16, 0, 14, 1122.45
1636394418, 2, 484, 499, 345, 0, 1.31%, 16, 0, 14, 805.13
1636394423, 2, 497, 499, 344, 1, 1.31%, 16, 0, 14, 764.00
1636394598, 2, 497, 500, 345, 1, 1.31%, 16, 0, 14, 633.99
1636394603, 2, 497, 502, 347, 1, 1.31%, 16, 0, 14, 634.10
1636400154, 2, 497, 506, 351, 1, 1.31%, 16, 0, 14, 756.45
1636400174, 2, 499, 506, 350, 1, 1.31%, 16, 0, 14, 802.76
1636404980, 2, 502, 506, 349, 0, 1.31%, 16, 0, 14, 626.45
1636414493, 2, 502, 507, 350, 0, 1.31%, 16, 0, 14, 626.26
1636414498, 2, 502, 508, 351, 0, 1.31%, 16, 0, 14, 639.04
1636414509, 3, 11, 508, 350, 0, 1.31%, 16, 0, 14, 1068.13
1636414806, 3, 15, 508, 349, 0, 1.31%, 16, 0, 14, 1334.40
1636415097, 3, 28, 508, 348, 0, 1.31%, 16, 0, 14, 1458.89
1636415112, 3, 29, 508, 347, 0, 1.31%, 16, 0, 14, 1528.66
1636415128, 3, 33, 508, 346, 0, 1.31%, 16, 0, 14, 1605.26
1636415429, 3, 39, 508, 345, 0, 1.31%, 16, 0, 14, 1764.68
1636415444, 3, 40, 508, 344, 0, 1.31%, 16, 0, 14, 1394.10
1636415484, 3, 57, 508, 343, 0, 1.31%, 16, 0, 14, 1466.14
1636415531, 3, 69, 508, 342, 0, 1.31%, 16, 0, 14, 1947.97
1636415546, 3, 79, 508, 341, 0, 1.31%, 16, 0, 14, 2077.19
1636415561, 3, 89, 508, 340, 0, 1.31%, 16, 0, 14, 1393.14
1636415846, 3, 91, 508, 339, 0, 1.31%, 16, 0, 14, 1334.95
1636416127, 3, 92, 508, 338, 0, 1.31%, 16, 0, 14, 1359.24
1636416418, 3, 100, 508, 337, 0, 1.31%, 16, 0, 14, 1275.91
1636416714, 3, 109, 508, 336, 0, 1.31%, 16, 0, 14, 1423.00
1636416734, 3, 111, 508, 335, 0, 1.31%, 16, 0, 14, 1414.09
1636416760, 3, 113, 508, 334, 0, 1.31%, 16, 0, 14, 1376.37
1636417060, 3, 115, 508, 333, 0, 1.31%, 16, 0, 14, 1392.55
1636417091, 3, 121, 508, 332, 0, 1.31%, 16, 0, 14, 1382.72
1636417132, 3, 139, 508, 331, 0, 1.31%, 16, 0, 14, 1456.40
1636417295, 3, 140, 508, 330, 0, 1.31%, 16, 0, 14, 1354.52
1636417646, 3, 141, 509, 330, 0, 1.31%, 16, 0, 14, 1320.39
1636417692, 3, 142, 509, 329, 0, 1.31%, 16, 0, 14, 1350.62
1636418024, 3, 154, 509, 328, 0, 1.31%, 16, 0, 14, 1366.78
1636418110, 3, 155, 509, 327, 0, 1.31%, 16, 0, 14, 1456.16
1636418156, 3, 157, 509, 326, 0, 1.31%, 16, 0, 14, 1373.17
1636418438, 3, 158, 509, 325, 0, 1.31%, 16, 0, 14, 1532.39
1636418483, 3, 163, 509, 324, 0, 1.31%, 16, 0, 14, 1503.38
1636418809, 3, 167, 509, 323, 0, 1.31%, 16, 0, 14, 1478.69
1636418845, 3, 170, 509, 322, 0, 1.31%, 16, 0, 14, 1365.54
1636419201, 3, 172, 509, 321, 0, 1.31%, 16, 0, 14, 1316.34
1636419503, 3, 175, 509, 320, 0, 1.31%, 17, 0, 14, 1394.61
1636419518, 3, 177, 509, 319, 0, 1.31%, 17, 0, 14, 1529.40
1636419798, 3, 197, 509, 318, 0, 1.31%, 17, 0, 14, 1944.02
1636419813, 3, 199, 509, 317, 0, 1.31%, 17, 0, 14, 1593.31
1636419854, 3, 200, 509, 316, 0, 1.31%, 17, 0, 14, 1556.20
1636419895, 3, 215, 509, 315, 0, 1.31%, 17, 0, 14, 1403.35
1636420221, 3, 223, 510, 315, 0, 1.31%, 17, 0, 14, 1399.62
1636420292, 3, 310, 511, 315, 1, 1.32%, 17, 0, 14, 1349.21
1636420660, 3, 510, 511, 314, 1, 1.32%, 17, 0, 14, 1384.48
1636421623, 3, 510, 512, 315, 1, 1.32%, 17, 0, 14, 1094.37
1636421643, 3, 510, 513, 316, 1, 1.32%, 17, 0, 14, 1201.38
1636421648, 3, 510, 514, 317, 1, 1.32%, 17, 0, 14, 1322.62
1636421653, 3, 510, 515, 318, 1, 1.32%, 17, 0, 14, 1399.51
1636421659, 3, 510, 516, 319, 1, 1.32%, 17, 0, 14, 1402.53
1636421664, 3, 511, 516, 318, 1, 1.32%, 17, 0, 14, 1189.78
1636422650, 4, 1, 516, 317, 0, 1.32%, 17, 0, 14, 1681.51
1636422661, 4, 9, 516, 316, 0, 1.32%, 17, 0, 14, 1693.76
1636422676, 4, 10, 516, 315, 0, 1.32%, 17, 0, 14, 1399.37
1636422967, 4, 17, 516, 314, 0, 1.32%, 17, 0, 14, 1370.76
1636423145, 4, 18, 516, 313, 0, 1.32%, 17, 0, 14, 1370.21
1636423431, 4, 34, 516, 312, 0, 1.32%, 17, 0, 14, 1391.09
1636423717, 4, 41, 516, 311, 0, 1.32%, 17, 0, 14, 1411.71
1636424027, 4, 42, 516, 310, 0, 1.32%, 17, 0, 14, 1324.18
1636424329, 4, 45, 516, 309, 0, 1.32%, 17, 0, 14, 1422.37
1636424334, 4, 48, 516, 309, 0, 1.32%, 17, 0, 14, 1690.97
1636424350, 4, 49, 516, 308, 0, 1.32%, 17, 0, 14, 1913.13
1636424355, 4, 49, 517, 309, 0, 1.33%, 17, 0, 14, 1546.23
1636424365, 4, 353, 517, 308, 1, 1.33%, 17, 0, 14, 1434.68
1636424523, 4, 516, 517, 307, 1, 1.33%, 17, 0, 14, 1578.42
1636424554, 5, 16, 517, 306, 0, 1.33%, 17, 0, 14, 1501.10
1636424840, 5, 25, 517, 305, 0, 1.33%, 17, 0, 14, 1344.93
1636425140, 5, 36, 517, 304, 0, 1.33%, 17, 0, 14, 1381.32
1636425314, 5, 56, 517, 303, 0, 1.33%, 17, 0, 14, 1548.19
1636425354, 5, 63, 517, 302, 0, 1.33%, 17, 0, 14, 1405.89
1636425661, 5, 73, 517, 301, 0, 1.33%, 17, 0, 14, 1400.53
1636425711, 5, 74, 517, 300, 0, 1.33%, 17, 0, 14, 1382.21
1636425767, 5, 75, 517, 299, 0, 1.33%, 17, 0, 14, 1394.57
1636425828, 5, 76, 517, 298, 0, 1.33%, 17, 0, 14, 1401.03
1636425884, 5, 81, 517, 297, 0, 1.33%, 17, 0, 14, 1492.04
1636425924, 5, 84, 517, 296, 0, 1.33%, 17, 0, 14, 2012.14
1636425939, 5, 86, 518, 296, 0, 1.33%, 17, 0, 14, 1647.56
1636425975, 5, 93, 518, 295, 0, 1.33%, 17, 0, 14, 1433.51
1636426261, 5, 98, 518, 294, 0, 1.33%, 17, 0, 14, 1362.83
1636426536, 5, 101, 518, 293, 0, 1.33%, 17, 0, 14, 1334.67
1636426821, 5, 120, 518, 292, 0, 1.33%, 17, 0, 14, 1352.88
1636426898, 5, 120, 518, 292, 0, 1.33%, 18, 0, 14, 1244.56
1636427138, 5, 126, 518, 291, 0, 1.33%, 18, 0, 14, 1256.11
1636427321, 5, 137, 518, 290, 0, 1.33%, 18, 0, 14, 1317.26
1636427664, 5, 143, 518, 289, 0, 1.33%, 18, 0, 14, 1317.84
1636427812, 5, 144, 518, 288, 0, 1.33%, 18, 0, 14, 1360.48
1636427985, 5, 146, 518, 287, 0, 1.33%, 18, 0, 14, 1354.50
1636428143, 5, 150, 518, 286, 0, 1.33%, 18, 0, 14, 1347.01
1636428199, 5, 160, 518, 285, 0, 1.33%, 18, 0, 14, 1375.31
1636428489, 5, 168, 518, 284, 0, 1.33%, 18, 0, 14, 1359.03
1636428909, 5, 173, 518, 283, 0, 1.33%, 18, 0, 14, 1349.37
1636428980, 5, 176, 518, 282, 0, 1.33%, 18, 0, 14, 1344.72
1636429266, 5, 183, 518, 281, 0, 1.33%, 18, 0, 14, 1351.89
1636429623, 5, 185, 518, 280, 0, 1.33%, 18, 0, 14, 1454.66
1636429664, 5, 195, 518, 279, 0, 1.33%, 18, 0, 14, 1461.68
1636429821, 5, 225, 519, 279, 0, 1.33%, 18, 0, 14, 1578.92
1636430126, 5, 241, 519, 278, 0, 1.33%, 18, 0, 14, 1473.54
1636430156, 5, 254, 520, 278, 0, 1.33%, 18, 0, 14, 1507.93
1636430451, 5, 255, 520, 277, 0, 1.33%, 18, 0, 14, 1337.85
1636430737, 5, 261, 520, 276, 0, 1.33%, 18, 0, 14, 1484.76
1636430768, 5, 272, 520, 275, 0, 1.33%, 18, 0, 14, 1417.54
1636430844, 5, 284, 520, 274, 0, 1.33%, 18, 0, 14, 1687.42
1636430869, 5, 284, 523, 277, 0, 1.33%, 18, 0, 14, 1907.53
1636430875, 5, 290, 523, 276, 0, 1.33%, 18, 0, 14, 2198.26
1636431093, 5, 297, 524, 276, 0, 1.33%, 18, 0, 14, 1543.43
1636431134, 5, 307, 524, 275, 0, 1.33%, 18, 0, 14, 1380.14
1636431313, 5, 307, 525, 276, 0, 1.33%, 18, 0, 14, 1544.77
1636431318, 5, 316, 527, 277, 0, 1.33%, 18, 0, 14, 1396.03
1636431681, 5, 332, 528, 277, 0, 1.33%, 18, 0, 14, 1470.25
1636431701, 5, 336, 529, 277, 0, 1.33%, 18, 0, 14, 1526.51
1636431777, 5, 336, 530, 278, 0, 1.33%, 18, 0, 14, 1533.51
1636431782, 5, 342, 530, 277, 0, 1.33%, 18, 0, 14, 1445.21
1636431925, 5, 342, 531, 278, 0, 1.33%, 18, 0, 14, 1477.85
1636431930, 5, 345, 532, 278, 0, 1.33%, 18, 0, 14, 1637.69
1636432093, 5, 345, 534, 280, 0, 1.33%, 18, 0, 14, 1634.93
1636432098, 5, 355, 534, 279, 0, 1.33%, 18, 0, 14, 1604.90
1636432272, 5, 356, 534, 278, 0, 1.33%, 18, 0, 14, 1328.61
1636432485, 5, 361, 534, 277, 0, 1.33%, 18, 0, 14, 1350.57
1636432647, 5, 368, 534, 276, 0, 1.33%, 18, 0, 14, 1587.55
1636432652, 5, 380, 534, 276, 0, 1.33%, 18, 0, 14, 1322.71
1636432708, 5, 394, 534, 275, 0, 1.33%, 18, 0, 14, 1403.45
1636432860, 5, 404, 534, 274, 0, 1.33%, 18, 0, 14, 1552.23
1636433319, 5, 407, 534, 273, 0, 1.33%, 18, 0, 14, 1260.27
1636433872, 5, 412, 534, 272, 0, 1.33%, 18, 0, 14, 1334.08
1636434245, 5, 412, 535, 273, 0, 1.33%, 18, 0, 14, 1313.79
1636434250, 5, 416, 535, 272, 0, 1.33%, 18, 0, 14, 1532.38
1636434567, 5, 419, 535, 271, 0, 1.33%, 18, 0, 14, 1447.37
1636435057, 5, 419, 538, 274, 0, 1.33%, 18, 0, 14, 1495.23
1636435062, 5, 419, 539, 275, 0, 1.33%, 18, 0, 14, 1550.31
1636435077, 5, 420, 539, 274, 0, 1.33%, 18, 0, 14, 1345.06
1636435357, 5, 420, 541, 276, 0, 1.33%, 18, 0, 14, 1473.55
1636435362, 5, 420, 543, 278, 0, 1.33%, 18, 0, 14, 1641.24
1636435377, 5, 425, 543, 277, 0, 1.33%, 18, 0, 14, 1414.42
1636435683, 5, 425, 545, 279, 0, 1.33%, 18, 0, 14, 1583.88
1636435688, 5, 425, 546, 280, 0, 1.33%, 18, 0, 14, 1657.80
1636435698, 5, 426, 546, 279, 0, 1.33%, 18, 0, 14, 1647.11
1636436039, 5, 426, 547, 280, 0, 1.33%, 18, 0, 14, 1527.83
1636436044, 5, 433, 547, 279, 0, 1.33%, 18, 0, 14, 1385.24
1636436227, 5, 438, 547, 278, 0, 1.33%, 18, 0, 14, 1406.94
1636436650, 5, 438, 549, 280, 0, 1.33%, 18, 0, 14, 1477.62
1636436656, 5, 438, 551, 282, 0, 1.33%, 18, 0, 14, 1578.98
1636436661, 5, 438, 552, 283, 0, 1.33%, 18, 0, 14, 1580.90
1636436666, 5, 445, 552, 282, 0, 1.33%, 18, 0, 14, 1443.27
1636437016, 5, 445, 554, 284, 0, 1.33%, 18, 0, 14, 1480.46
1636437031, 5, 455, 554, 283, 0, 1.33%, 18, 0, 14, 1202.72
1636437260, 5, 455, 555, 284, 0, 1.33%, 18, 0, 14, 1386.15
1636437265, 5, 455, 556, 285, 0, 1.33%, 18, 0, 14, 1644.38
1636437275, 5, 457, 556, 284, 0, 1.33%, 18, 0, 14, 1204.90
1636437812, 5, 457, 557, 285, 0, 1.33%, 18, 0, 14, 800.82
1636437817, 5, 457, 558, 286, 0, 1.33%, 18, 0, 14, 1234.93
1636437828, 5, 457, 559, 287, 0, 1.33%, 18, 0, 14, 1357.99
1636437833, 5, 458, 559, 286, 0, 1.33%, 18, 0, 14, 1274.72
1636438066, 5, 459, 559, 285, 0, 1.33%, 18, 0, 14, 1441.08
1636438284, 5, 463, 559, 284, 0, 1.33%, 18, 0, 14, 1129.54
1636438447, 5, 466, 559, 283, 0, 1.33%, 18, 0, 14, 1201.51
1636438660, 5, 466, 560, 284, 0, 1.33%, 18, 0, 14, 1024.50
1636438670, 5, 471, 560, 283, 0, 1.33%, 18, 0, 14, 1389.96
1636439358, 5, 476, 560, 282, 0, 1.33%, 18, 0, 14, 1172.67
1636441179, 5, 488, 560, 281, 0, 1.33%, 18, 0, 14, 1076.73
1636450379, 5, 490, 560, 280, 0, 1.33%, 18, 0, 14, 756.78
1636454285, 5, 491, 560, 279, 0, 1.33%, 18, 0, 14, 885.29
1636457626, 5, 491, 561, 280, 0, 1.33%, 18, 0, 14, 950.50
1636457631, 5, 493, 561, 279, 0, 1.33%, 18, 0, 14, 724.84
1636465464, 5, 500, 561, 278, 0, 1.33%, 18, 0, 14, 728.52
1636470476, 5, 506, 561, 277, 0, 1.33%, 18, 0, 14, 684.96
1636478800, 5, 508, 562, 277, 0, 1.33%, 18, 0, 14, 661.70
1636485101, 5, 513, 562, 276, 0, 1.33%, 18, 0, 14, 881.27
1636487806, 5, 531, 562, 275, 0, 1.33%, 18, 0, 14, 1083.32
1636487970, 5, 531, 564, 277, 0, 1.33%, 18, 0, 14, 1745.41
1636487985, 5, 532, 564, 276, 0, 1.33%, 18, 0, 14, 1564.98
1636488344, 5, 532, 565, 277, 0, 1.33%, 18, 0, 14, 1523.07
1636488349, 5, 532, 566, 278, 0, 1.33%, 18, 0, 14, 1626.69
1636488365, 5, 536, 566, 277, 0, 1.33%, 18, 0, 14, 1191.46
1636489950, 5, 546, 566, 276, 0, 1.33%, 18, 0, 14, 1109.51
1636491366, 5, 546, 568, 278, 0, 1.33%, 18, 0, 14, 1214.57
1636491376, 5, 546, 569, 279, 0, 1.33%, 18, 0, 14, 1269.99
1636491391, 5, 549, 569, 278, 0, 1.33%, 18, 0, 14, 859.58
1636496107, 5, 549, 570, 279, 0, 1.33%, 18, 0, 14, 868.85
1636496127, 5, 552, 570, 278, 0, 1.33%, 18, 0, 14, 1018.66
1636496173, 5, 552, 570, 278, 0, 1.33%, 19, 0, 14, 1088.70
1636497253, 5, 552, 571, 279, 0, 1.33%, 19, 0, 14, 1314.86
1636497264, 5, 557, 571, 278, 0, 1.33%, 19, 0, 14, 983.36
1636498391, 5, 557, 573, 280, 0, 1.33%, 19, 0, 14, 958.12
1636498416, 5, 563, 573, 279, 0, 1.33%, 19, 0, 14, 1046.70
1636499738, 5, 563, 574, 280, 0, 1.33%, 19, 0, 14, 1059.44
1636499743, 5, 563, 575, 281, 0, 1.33%, 19, 0, 14, 1211.02
1636499753, 5, 563, 576, 282, 0, 1.33%, 19, 0, 14, 1254.03
1636499768, 5, 566, 576, 281, 0, 1.33%, 19, 0, 14, 835.75
1636504849, 5, 568, 576, 280, 0, 1.33%, 19, 0, 14, 961.87
1636504885, 5, 568, 577, 281, 0, 1.33%, 19, 0, 14, 1004.28
1636506525, 5, 568, 578, 282, 0, 1.33%, 19, 0, 14, 1186.23
1636506530, 5, 568, 579, 283, 0, 1.33%, 19, 0, 14, 1203.14
1636506535, 5, 568, 581, 285, 0, 1.33%, 19, 0, 14, 1247.48
1636506540, 5, 568, 582, 286, 0, 1.33%, 19, 0, 14, 1236.86
1636506545, 5, 578, 582, 285, 0, 1.33%, 19, 0, 14, 1015.63
1636509109, 6, 13, 582, 284, 0, 1.33%, 19, 0, 14, 1327.83
1636509399, 6, 20, 582, 283, 0, 1.33%, 19, 0, 14, 1363.88
1636509710, 6, 21, 582, 282, 0, 1.33%, 19, 0, 14, 1352.31
1636510016, 6, 46, 582, 281, 0, 1.33%, 19, 0, 14, 1859.87
1636510031, 6, 66, 582, 280, 0, 1.33%, 20, 0, 14, 1910.26
1636510041, 6, 68, 582, 279, 0, 1.33%, 20, 0, 14, 1647.34
1636510057, 6, 77, 582, 278, 0, 1.33%, 20, 0, 14, 1491.56
1636510112, 6, 85, 582, 277, 0, 1.33%, 20, 0, 14, 1668.78
1636510127, 6, 87, 582, 276, 0, 1.33%, 20, 0, 14, 1459.98
1636510416, 6, 95, 582, 275, 0, 1.33%, 20, 0, 14, 1353.41
1636510686, 6, 105, 582, 274, 0, 1.33%, 20, 0, 14, 1353.47
1636511002, 6, 108, 582, 273, 0, 1.33%, 20, 0, 14, 1326.20
1636511332, 6, 129, 582, 272, 0, 1.33%, 20, 0, 14, 1349.67
1636511639, 6, 147, 582, 271, 0, 1.33%, 20, 0, 14, 1317.13
1636511924, 6, 148, 582, 270, 0, 1.33%, 20, 0, 14, 1264.04
1636512256, 6, 151, 582, 269, 0, 1.33%, 20, 0, 14, 1287.46
1636512451, 6, 156, 582, 268, 0, 1.33%, 20, 0, 14, 1345.55
1636512787, 6, 166, 582, 267, 0, 1.33%, 20, 0, 14, 1404.96
1636513093, 6, 174, 582, 266, 0, 1.33%, 20, 0, 14, 1382.56
1636513272, 6, 181, 582, 265, 0, 1.33%, 20, 0, 14, 1390.01
1636513606, 6, 188, 582, 264, 0, 1.33%, 20, 0, 14, 1467.89
1636513622, 6, 196, 582, 263, 0, 1.33%, 20, 0, 14, 1591.45
1636513784, 6, 199, 582, 262, 0, 1.33%, 20, 0, 14, 1468.72
1636513789, 6, 210, 582, 262, 0, 1.33%, 20, 0, 14, 1397.57
1636514080, 6, 228, 582, 261, 0, 1.33%, 20, 0, 14, 1374.60
1636514375, 6, 229, 582, 260, 0, 1.33%, 20, 0, 14, 1328.64
1636514695, 6, 230, 582, 259, 0, 1.33%, 20, 0, 14, 1466.55
1636514730, 6, 238, 582, 258, 0, 1.33%, 20, 0, 14, 1660.76
1636514756, 6, 250, 582, 257, 0, 1.33%, 20, 0, 14, 1363.75
1636515047, 6, 270, 582, 256, 0, 1.33%, 20, 0, 14, 1390.86
1636515418, 6, 282, 582, 255, 0, 1.33%, 20, 0, 14, 1611.02
1636515444, 6, 289, 582, 254, 0, 1.33%, 20, 0, 14, 1332.08
1636515932, 6, 294, 582, 253, 0, 1.33%, 20, 0, 14, 1317.32
1636516074, 6, 296, 582, 252, 0, 1.33%, 20, 0, 14, 1443.38
1636516125, 6, 304, 582, 251, 0, 1.33%, 20, 0, 14, 1442.39
1636516262, 6, 312, 583, 251, 0, 1.33%, 20, 0, 14, 1451.76
1636516588, 6, 314, 583, 250, 0, 1.33%, 20, 0, 14, 1422.86
1636516593, 6, 329, 583, 250, 0, 1.33%, 20, 0, 14, 1001.99
1636517175, 6, 333, 583, 249, 0, 1.33%, 20, 0, 14, 1039.90
1636517220, 6, 344, 583, 248, 0, 1.33%, 20, 0, 14, 1517.97
1636517378, 6, 346, 583, 247, 0, 1.33%, 20, 0, 14, 1517.28
1636517689, 6, 352, 583, 246, 0, 1.33%, 20, 0, 14, 1407.20
1636517853, 6, 372, 583, 245, 0, 1.33%, 20, 0, 14, 1640.87
1636518021, 6, 378, 583, 244, 0, 1.33%, 20, 0, 14, 1393.26
1636518179, 6, 391, 583, 243, 0, 1.33%, 20, 0, 14, 1576.80
1636518185, 6, 396, 583, 243, 0, 1.33%, 20, 0, 14, 1266.78
1636518485, 6, 400, 583, 242, 0, 1.33%, 20, 0, 14, 1377.53
1636518627, 6, 405, 583, 241, 0, 1.33%, 20, 0, 14, 1596.29
1636519169, 6, 405, 584, 242, 0, 1.33%, 20, 0, 14, 1248.81
1636519174, 6, 408, 584, 241, 0, 1.33%, 20, 0, 14, 1379.19
1636519485, 6, 418, 584, 240, 0, 1.33%, 20, 0, 14, 1358.15
1636519917, 6, 421, 584, 239, 0, 1.33%, 20, 0, 14, 1336.65
1636520260, 6, 430, 584, 238, 0, 1.33%, 20, 0, 14, 1559.46
1636520280, 6, 440, 584, 237, 0, 1.33%, 20, 0, 14, 1587.84
1636520361, 6, 444, 584, 236, 0, 1.33%, 20, 0, 14, 1423.27
1636520417, 6, 448, 584, 235, 0, 1.33%, 20, 0, 14, 1422.14
1636520529, 6, 451, 584, 234, 0, 1.33%, 20, 0, 14, 1350.67
1636520631, 6, 464, 584, 233, 0, 1.33%, 20, 0, 14, 1583.10
1636520636, 6, 473, 584, 233, 0, 1.33%, 20, 0, 14, 1223.64
1636521632, 6, 474, 584, 232, 0, 1.33%, 20, 0, 14, 1146.58
1636523052, 6, 482, 584, 231, 0, 1.33%, 20, 0, 14, 898.99
1636525331, 6, 487, 584, 230, 0, 1.33%, 20, 0, 14, 721.37
