# unix_time, cycles_done, cur_path, paths_total, pending_total, pending_favs, map_size, unique_crashes, unique_hangs, max_depth, execs_per_sec
1650988854, 0, 0, 1, 1, 1, 0.01%, 0, 0, 1, 0.20
1650988870, 0, 0, 7, 7, 1, 0.02%, 0, 0, 2, 54.81
1650988875, 0, 0, 14, 14, 1, 0.02%, 0, 0, 2, 41.36
1650988880, 0, 0, 15, 15, 1, 0.02%, 0, 0, 2, 42.73
1650988900, 0, 0, 17, 17, 1, 0.02%, 0, 0, 2, 36.19
1650988905, 0, 0, 18, 18, 1, 0.02%, 0, 0, 2, 35.77
1650988920, 0, 0, 19, 19, 1, 0.02%, 0, 0, 2, 41.82
1650988931, 0, 0, 22, 22, 1, 0.02%, 0, 0, 2, 38.13
1650988936, 0, 0, 26, 26, 1, 0.02%, 0, 0, 2, 36.33
1650988941, 0, 0, 27, 27, 1, 0.02%, 0, 0, 2, 41.16
1650988986, 0, 0, 29, 29, 1, 0.02%, 0, 0, 2, 40.04
1650988991, 0, 0, 33, 33, 1, 0.02%, 0, 0, 2, 38.60
1650989027, 0, 0, 34, 34, 1, 0.02%, 0, 0, 2, 42.73
1650989032, 0, 0, 35, 35, 1, 0.02%, 0, 0, 2, 42.57
1650989037, 0, 0, 37, 37, 1, 0.02%, 0, 0, 2, 39.42
1650989047, 0, 0, 38, 38, 1, 0.02%, 0, 0, 2, 40.54
1650989052, 0, 0, 39, 39, 1, 0.02%, 0, 0, 2, 41.83
1650989057, 0, 0, 40, 40, 1, 0.02%, 0, 0, 2, 41.65
1650989062, 0, 0, 43, 43, 1, 0.02%, 0, 0, 2, 57.41
1650989067, 0, 0, 50, 50, 1, 0.02%, 0, 0, 2, 38.19
1650989073, 0, 0, 51, 51, 1, 0.02%, 0, 0, 2, 32.61
1650989088, 0, 0, 53, 53, 1, 0.02%, 0, 0, 2, 39.13
1650989098, 0, 0, 55, 55, 1, 0.02%, 0, 0, 2, 42.43
1650989113, 0, 0, 56, 56, 1, 0.02%, 0, 0, 2, 42.69
1650989225, 0, 0, 57, 57, 1, 0.02%, 0, 0, 2, 42.08
1650989235, 0, 0, 59, 59, 1, 0.02%, 0, 0, 2, 42.35
1650989266, 0, 0, 60, 60, 1, 0.02%, 0, 0, 2, 42.20
1650989312, 0, 0, 61, 61, 1, 0.02%, 0, 0, 2, 42.55
1650989378, 0, 0, 62, 62, 1, 0.02%, 0, 0, 2, 41.53
1650989414, 0, 0, 63, 63, 1, 0.02%, 0, 0, 2, 36.24
1650989455, 0, 0, 64, 64, 1, 0.02%, 0, 0, 2, 34.66
1650989496, 0, 0, 65, 65, 1, 0.02%, 0, 0, 2, 36.43
1650989674, 0, 0, 67, 67, 1, 0.02%, 0, 0, 2, 48.19
1650989679, 0, 0, 70, 70, 1, 0.02%, 0, 0, 2, 37.42
1650989969, 0, 0, 76, 76, 1, 0.02%, 0, 0, 2, 39.30
1650989975, 0, 0, 78, 78, 1, 0.02%, 0, 0, 2, 34.43
1650989980, 0, 0, 83, 83, 1, 0.02%, 0, 0, 2, 35.48
1650989985, 0, 0, 85, 85, 1, 0.02%, 0, 0, 2, 33.58
1650990042, 0, 0, 87, 87, 1, 0.02%, 0, 0, 2, 40.41
1650990047, 0, 0, 88, 88, 1, 0.02%, 0, 0, 2, 41.47
1650990052, 0, 0, 90, 90, 1, 0.02%, 0, 0, 2, 41.78
1650990057, 0, 0, 91, 91, 1, 0.02%, 0, 0, 2, 41.87
1650990072, 0, 0, 93, 93, 1, 0.02%, 0, 0, 2, 42.23
1650990078, 0, 0, 95, 95, 1, 0.02%, 0, 0, 2, 41.87
1650990118, 0, 0, 96, 96, 1, 0.02%, 0, 0, 2, 42.69
1650990432, 0, 0, 97, 97, 1, 0.02%, 0, 0, 2, 41.76
1650990691, 0, 0, 98, 98, 1, 0.02%, 0, 0, 2, 41.85
1650990833, 0, 0, 99, 99, 1, 0.02%, 0, 0, 2, 41.79
1650990859, 0, 0, 100, 100, 1, 0.02%, 0, 0, 2, 41.94
1650990960, 0, 0, 101, 101, 1, 0.02%, 0, 0, 2, 40.21
1650991194, 0, 0, 103, 103, 1, 0.02%, 0, 0, 2, 52.23
1650991245, 0, 0, 104, 104, 1, 0.02%, 0, 0, 2, 30.95
1650991251, 0, 0, 105, 105, 1, 0.02%, 0, 0, 2, 30.80
1650991256, 0, 0, 108, 108, 1, 0.02%, 0, 0, 2, 30.16
1650991261, 0, 0, 109, 109, 1, 0.02%, 0, 0, 2, 30.27
1650991266, 0, 0, 110, 110, 1, 0.02%, 0, 0, 2, 28.10
1650991271, 0, 0, 113, 113, 1, 0.02%, 0, 0, 2, 29.55
1650991276, 0, 0, 116, 116, 1, 0.02%, 0, 0, 2, 30.01
1650991281, 0, 0, 117, 117, 1, 0.03%, 0, 0, 2, 30.47
1650991287, 0, 0, 121, 121, 1, 0.03%, 0, 0, 2, 30.86
1650991292, 0, 0, 123, 123, 1, 0.03%, 0, 0, 2, 30.96
1650991297, 0, 0, 125, 125, 1, 0.03%, 0, 0, 2, 31.74
1650991302, 0, 0, 126, 126, 1, 0.03%, 0, 0, 2, 39.08
1650991307, 0, 0, 128, 128, 1, 0.03%, 0, 0, 2, 38.31
1650991312, 0, 0, 131, 131, 1, 0.03%, 0, 0, 2, 39.76
1650991317, 0, 0, 133, 133, 1, 0.03%, 0, 0, 2, 40.14
1650991333, 0, 0, 134, 134, 1, 0.03%, 0, 0, 2, 31.38
1650998347, 0, 0, 135, 135, 1, 0.03%, 0, 0, 2, 39.74
1650998352, 0, 0, 136, 136, 1, 0.03%, 0, 0, 2, 32.05
1650998362, 0, 0, 137, 137, 1, 0.03%, 0, 0, 2, 29.86
1650998738, 0, 0, 143, 143, 1, 0.03%, 0, 0, 2, 38.10
1650998743, 0, 0, 149, 149, 1, 0.03%, 0, 0, 2, 42.02
1650998748, 0, 0, 152, 152, 1, 0.03%, 0, 0, 2, 43.50
1650998753, 0, 0, 153, 153, 1, 0.03%, 0, 0, 2, 48.05
1650998758, 0, 0, 154, 154, 1, 0.03%, 0, 0, 2, 45.91
1650998763, 0, 0, 155, 155, 1, 0.03%, 0, 0, 2, 46.41
1650998773, 0, 0, 157, 157, 1, 0.03%, 0, 0, 2, 48.15
1650998778, 0, 0, 159, 159, 1, 0.03%, 0, 0, 2, 44.49
1650998804, 0, 0, 160, 160, 1, 0.03%, 0, 0, 2, 45.49
1650998809, 0, 0, 161, 161, 1, 0.03%, 0, 0, 2, 44.86
1650998835, 0, 0, 162, 162, 1, 0.03%, 0, 0, 2, 45.86
1650998840, 0, 0, 163, 163, 1, 0.03%, 0, 0, 2, 49.19
1650998875, 0, 0, 164, 164, 1, 0.03%, 0, 0, 2, 46.71
1650998886, 0, 0, 165, 165, 1, 0.03%, 0, 0, 2, 44.86
1650998911, 0, 0, 166, 166, 1, 0.03%, 0, 0, 2, 46.27
1650998916, 0, 0, 167, 167, 1, 0.03%, 0, 0, 2, 46.77
1650998942, 0, 0, 168, 168, 1, 0.03%, 0, 0, 2, 45.67
1650998952, 0, 0, 170, 170, 1, 0.03%, 0, 0, 2, 44.78
1650998957, 0, 0, 172, 172, 1, 0.03%, 0, 0, 2, 46.80
1650999013, 0, 0, 173, 173, 1, 0.03%, 0, 0, 2, 45.12
1650999034, 0, 0, 174, 174, 1, 0.03%, 0, 0, 2, 46.05
1650999054, 0, 0, 175, 175, 1, 0.03%, 0, 0, 2, 45.27
1650999090, 0, 0, 176, 176, 1, 0.03%, 0, 0, 2, 45.59
1650999095, 0, 4, 177, 176, 46, 0.03%, 0, 0, 3, 41.22
1650999131, 0, 4, 178, 177, 46, 0.03%, 0, 0, 3, 35.02
1650999693, 0, 5, 179, 177, 45, 0.03%, 0, 0, 3, 66.79
1650999698, 0, 5, 180, 178, 45, 0.03%, 1, 0, 3, 57.00
1650999708, 0, 5, 181, 179, 45, 0.03%, 1, 0, 3, 48.41
1650999713, 0, 5, 183, 181, 45, 0.03%, 1, 0, 3, 47.61
1650999719, 0, 5, 184, 182, 45, 0.03%, 1, 0, 3, 47.08
1650999821, 0, 5, 185, 183, 45, 0.03%, 1, 0, 3, 32.84
1650999846, 0, 5, 186, 184, 45, 0.03%, 1, 0, 3, 32.19
1650999876, 0, 5, 187, 185, 45, 0.03%, 1, 0, 3, 38.59
1651000161, 0, 5, 189, 187, 45, 0.03%, 1, 0, 3, 64.11
1651000171, 0, 7, 189, 186, 44, 0.03%, 1, 0, 3, 68.13
1651000765, 0, 8, 189, 185, 43, 0.03%, 1, 0, 3, 58.04
1651000909, 0, 8, 190, 186, 43, 0.03%, 1, 0, 3, 30.10
1651000949, 0, 8, 191, 187, 43, 0.03%, 1, 0, 3, 42.09
1651001327, 0, 9, 191, 186, 42, 0.03%, 1, 0, 3, 60.78
1651001921, 0, 14, 191, 185, 41, 0.03%, 1, 0, 3, 57.47
1651001932, 0, 14, 192, 186, 41, 0.03%, 1, 0, 3, 42.67
1651003312, 0, 14, 193, 187, 41, 0.03%, 1, 0, 3, 42.05
1651010922, 0, 22, 193, 186, 41, 0.03%, 1, 0, 3, 40.65
1651010937, 0, 22, 194, 187, 41, 0.03%, 1, 0, 3, 39.52
1651011522, 0, 32, 194, 186, 41, 0.03%, 1, 0, 3, 58.62
1651012872, 0, 32, 195, 187, 41, 0.03%, 1, 0, 3, 42.31
1651020483, 0, 34, 195, 186, 41, 0.03%, 1, 0, 3, 44.52
1651020529, 0, 34, 196, 187, 41, 0.03%, 1, 0, 3, 42.37
1651029443, 0, 34, 197, 188, 41, 0.03%, 1, 0, 3, 48.84
1651029453, 0, 36, 197, 187, 41, 0.03%, 1, 0, 3, 43.26
1651030000, 0, 36, 198, 188, 41, 0.03%, 1, 0, 3, 30.12
1651031398, 0, 36, 199, 189, 41, 0.03%, 1, 0, 3, 29.98
1651031961, 0, 36, 200, 190, 41, 0.03%, 1, 0, 3, 29.98
1651042255, 0, 36, 201, 191, 41, 0.03%, 1, 0, 3, 35.29
1651042265, 0, 36, 202, 192, 41, 0.03%, 1, 0, 3, 38.93
1651042270, 0, 36, 203, 193, 41, 0.03%, 1, 0, 3, 41.70
1651042357, 0, 41, 203, 192, 42, 0.03%, 1, 0, 3, 37.94
1651055115, 0, 44, 203, 191, 42, 0.03%, 1, 0, 3, 42.66
1651055279, 0, 44, 204, 192, 42, 0.03%, 1, 0, 3, 29.25
1651055299, 0, 44, 205, 193, 42, 0.03%, 1, 0, 3, 29.98
1651055315, 0, 44, 206, 194, 42, 0.03%, 1, 0, 3, 29.95
1651055720, 0, 52, 206, 193, 40, 0.03%, 1, 0, 3, 62.02
1651057878, 0, 52, 208, 195, 40, 0.03%, 1, 0, 3, 42.69
1651057883, 0, 52, 209, 196, 40, 0.03%, 1, 0, 3, 42.51
1651057888, 0, 52, 210, 197, 40, 0.03%, 1, 0, 3, 42.60
1651064688, 0, 52, 211, 198, 40, 0.03%, 1, 0, 3, 46.02
1651064699, 0, 53, 211, 197, 42, 0.03%, 1, 0, 3, 44.33
1651064913, 0, 53, 212, 198, 42, 0.03%, 1, 0, 3, 42.12
1651073654, 0, 53, 213, 199, 42, 0.03%, 1, 0, 3, 43.62
1651073670, 0, 54, 213, 198, 42, 0.03%, 1, 0, 3, 42.86
1651082637, 0, 58, 213, 197, 41, 0.03%, 1, 0, 3, 43.39
1651082902, 0, 58, 214, 198, 41, 0.03%, 1, 0, 3, 42.19
1651091581, 0, 60, 214, 197, 40, 0.03%, 1, 0, 3, 45.31
1651092636, 0, 60, 215, 198, 40, 0.03%, 1, 0, 3, 40.59
1651096463, 0, 61, 215, 197, 39, 0.03%, 1, 0, 3, 48.02
1651096916, 0, 61, 216, 198, 39, 0.03%, 1, 0, 3, 41.60
1651097216, 0, 61, 217, 199, 39, 0.03%, 1, 0, 3, 33.73
1651105435, 0, 63, 217, 198, 39, 0.03%, 1, 0, 3, 46.00
1651105822, 0, 64, 217, 197, 39, 0.03%, 1, 0, 3, 78.63
1651106139, 0, 72, 218, 197, 37, 0.03%, 1, 0, 3, 56.80
1651106312, 0, 72, 219, 198, 37, 0.03%, 1, 0, 3, 34.25
1651106455, 0, 72, 220, 199, 37, 0.03%, 1, 0, 3, 30.91
1651106600, 0, 72, 221, 200, 37, 0.03%, 1, 0, 3, 30.83
1651106657, 0, 72, 222, 201, 37, 0.03%, 1, 0, 3, 33.29
1651107613, 0, 72, 223, 202, 37, 0.03%, 1, 0, 3, 67.32
1651107624, 0, 82, 223, 201, 37, 0.03%, 1, 0, 3, 58.38
1651107788, 0, 82, 224, 202, 37, 0.03%, 1, 0, 3, 30.79
1651107825, 0, 82, 225, 203, 37, 0.03%, 1, 0, 3, 30.85
1651108192, 0, 89, 225, 202, 35, 0.03%, 1, 0, 3, 74.77
1651109226, 0, 89, 226, 203, 35, 0.03%, 1, 0, 3, 42.79
1651116924, 0, 97, 226, 202, 35, 0.03%, 1, 0, 3, 44.37
1651117753, 0, 97, 227, 203, 35, 0.03%, 1, 0, 3, 42.03
1651125965, 0, 102, 227, 202, 35, 0.03%, 1, 0, 3, 49.03
1651126077, 0, 102, 228, 203, 35, 0.03%, 1, 0, 3, 48.11
1651126898, 0, 109, 228, 202, 35, 0.03%, 1, 0, 3, 82.57
1651127031, 0, 109, 229, 203, 35, 0.03%, 1, 0, 3, 29.47
1651127128, 0, 109, 230, 204, 35, 0.03%, 1, 0, 3, 31.03
1651127840, 0, 109, 231, 205, 35, 0.03%, 1, 0, 3, 33.39
1651128213, 0, 109, 232, 206, 35, 0.03%, 1, 0, 3, 32.67
1651128218, 0, 109, 233, 207, 35, 0.03%, 1, 0, 3, 30.03
1651129621, 0, 109, 234, 208, 35, 0.03%, 1, 0, 3, 30.14
1651129897, 0, 109, 235, 209, 35, 0.03%, 1, 0, 3, 24.54
1651129918, 0, 109, 236, 210, 35, 0.03%, 1, 0, 3, 24.28
1651129923, 0, 109, 237, 211, 35, 0.03%, 1, 0, 3, 24.53
1651129938, 0, 109, 238, 212, 35, 0.03%, 1, 0, 3, 26.46
1651129964, 0, 109, 239, 213, 35, 0.03%, 1, 0, 3, 24.31
1651129969, 0, 109, 240, 214, 35, 0.03%, 1, 0, 3, 24.29
1651138621, 0, 130, 240, 213, 37, 0.03%, 1, 0, 3, 39.23
1651138821, 0, 130, 241, 214, 37, 0.03%, 1, 0, 3, 41.43
1651138836, 0, 130, 242, 215, 37, 0.03%, 1, 0, 3, 40.86
1651138877, 0, 130, 243, 216, 37, 0.03%, 1, 0, 3, 38.86
1651138933, 0, 130, 244, 217, 37, 0.03%, 1, 0, 3, 38.95
1651140013, 0, 130, 245, 218, 37, 0.03%, 1, 0, 3, 37.84
1651140981, 0, 130, 246, 219, 37, 0.03%, 1, 0, 3, 34.43
1651149046, 0, 131, 246, 218, 38, 0.03%, 1, 0, 3, 43.18
1651149944, 0, 131, 247, 219, 38, 0.03%, 1, 0, 3, 37.86
1651159481, 0, 132, 247, 218, 37, 0.03%, 1, 0, 3, 43.30
1651170039, 0, 132, 248, 219, 37, 0.03%, 1, 0, 3, 44.14
1651170044, 0, 132, 249, 220, 37, 0.03%, 1, 0, 3, 45.94
1651170054, 0, 132, 250, 221, 37, 0.03%, 1, 0, 3, 47.09
1651170106, 0, 132, 251, 222, 37, 0.03%, 1, 0, 3, 45.04
1651170197, 0, 132, 252, 223, 37, 0.03%, 1, 0, 3, 46.24
1651170381, 0, 140, 252, 222, 36, 0.03%, 1, 0, 3, 46.29
1651174385, 0, 142, 252, 221, 35, 0.03%, 1, 0, 3, 48.13
1651176346, 0, 142, 253, 222, 35, 0.03%, 1, 0, 3, 57.58
1651176361, 0, 151, 253, 221, 35, 0.03%, 1, 0, 3, 46.36
1651181244, 0, 160, 253, 220, 35, 0.03%, 1, 0, 3, 46.85
1651181627, 0, 160, 254, 221, 35, 0.03%, 1, 0, 3, 31.98
1651181815, 0, 161, 254, 220, 34, 0.03%, 1, 0, 3, 51.19
1651182456, 0, 161, 255, 221, 34, 0.03%, 1, 0, 3, 43.58
1651183907, 0, 161, 256, 222, 34, 0.03%, 1, 0, 3, 43.39
1651187073, 0, 168, 256, 221, 34, 0.03%, 1, 0, 3, 48.16
1651187657, 0, 168, 257, 222, 34, 0.03%, 1, 0, 3, 32.89
1651189509, 0, 173, 257, 221, 33, 0.03%, 1, 0, 3, 59.00
1651189555, 0, 173, 258, 222, 33, 0.03%, 1, 0, 3, 31.31
1651190101, 0, 173, 259, 223, 33, 0.03%, 1, 0, 3, 30.14
1651196213, 0, 176, 259, 222, 32, 0.03%, 1, 0, 3, 44.62
1651196811, 0, 177, 259, 221, 31, 0.03%, 1, 0, 3, 57.55
1651197408, 0, 180, 259, 220, 30, 0.03%, 1, 0, 3, 80.22
1651197418, 0, 180, 261, 222, 30, 0.04%, 1, 0, 4, 37.22
1651197423, 0, 180, 263, 224, 30, 0.04%, 1, 0, 4, 50.10
1651197469, 0, 180, 264, 225, 30, 0.04%, 1, 0, 4, 32.61
1651197673, 0, 180, 265, 226, 30, 0.04%, 1, 0, 4, 29.96
1651198005, 0, 181, 266, 226, 30, 0.04%, 1, 0, 4, 65.12
1651198010, 0, 181, 267, 227, 30, 0.04%, 2, 0, 4, 52.54
1651198163, 0, 181, 268, 228, 30, 0.04%, 2, 0, 4, 44.80
1651198362, 0, 181, 269, 229, 30, 0.04%, 2, 0, 4, 45.05
1651198367, 0, 181, 270, 230, 30, 0.04%, 2, 0, 4, 46.18
1651198479, 0, 184, 270, 229, 31, 0.04%, 2, 0, 4, 89.10
1651198970, 0, 184, 272, 231, 31, 0.04%, 2, 0, 4, 28.67
1651199027, 0, 184, 273, 232, 31, 0.04%, 2, 0, 4, 28.72
1651199442, 0, 188, 274, 232, 31, 0.04%, 2, 0, 4, 45.84
1651200420, 0, 189, 274, 231, 30, 0.04%, 2, 0, 4, 45.81
1651200971, 0, 189, 275, 232, 30, 0.04%, 2, 0, 4, 25.42
1651201394, 0, 193, 275, 231, 29, 0.04%, 2, 0, 4, 55.69
1651201958, 0, 194, 275, 230, 28, 0.04%, 2, 0, 4, 63.96
1651201999, 0, 194, 282, 237, 28, 0.04%, 2, 0, 4, 41.70
1651202102, 0, 194, 283, 238, 28, 0.04%, 2, 0, 4, 42.41
1651202276, 0, 194, 285, 240, 28, 0.04%, 2, 0, 4, 42.16
1651203369, 0, 194, 286, 241, 28, 0.04%, 2, 0, 4, 42.28
1651208953, 0, 194, 287, 242, 28, 0.04%, 2, 0, 4, 42.21
1651208999, 0, 194, 288, 243, 28, 0.04%, 2, 0, 4, 41.53
1651211053, 0, 194, 289, 244, 28, 0.04%, 2, 0, 4, 43.17
1651211073, 0, 195, 289, 243, 32, 0.04%, 2, 0, 4, 48.39
