# unix_time, cycles_done, cur_path, paths_total, pending_total, pending_favs, map_size, unique_crashes, unique_hangs, max_depth, execs_per_sec
1630486553, 0, 0, 1, 1, 1, 0.00%, 0, 0, 1, 0.12
1630486574, 0, 0, 2, 2, 1, 0.01%, 0, 0, 2, 4.14
1630486579, 0, 0, 3, 3, 1, 0.01%, 1, 0, 2, 3.27
1630486600, 0, 0, 5, 5, 1, 0.01%, 1, 0, 2, 5.37
1630486610, 0, 0, 6, 6, 1, 0.01%, 1, 0, 2, 5.77
1630486625, 0, 0, 7, 7, 1, 0.01%, 1, 0, 2, 6.28
1630486630, 0, 0, 8, 8, 1, 0.01%, 1, 0, 2, 6.58
1630486677, 0, 0, 10, 10, 1, 0.01%, 1, 0, 2, 8.77
1630486703, 0, 0, 11, 11, 1, 0.01%, 1, 0, 2, 8.56
1630486728, 0, 0, 12, 12, 1, 0.01%, 1, 0, 2, 8.57
1630486759, 0, 0, 13, 13, 1, 0.01%, 1, 0, 2, 7.32
1630486769, 0, 0, 14, 14, 1, 0.01%, 1, 0, 2, 8.92
1630486775, 0, 0, 15, 15, 1, 0.01%, 1, 0, 2, 8.37
1630486826, 0, 0, 16, 16, 1, 0.01%, 1, 0, 2, 8.95
1630486913, 0, 0, 17, 17, 1, 0.01%, 1, 0, 2, 8.85
1630486954, 0, 0, 18, 18, 1, 0.01%, 1, 0, 2, 8.80
1630486985, 0, 0, 19, 19, 1, 0.01%, 1, 0, 2, 8.83
1630487031, 0, 0, 20, 20, 1, 0.01%, 1, 0, 2, 8.42
1630487062, 0, 0, 21, 21, 1, 0.01%, 1, 0, 2, 8.63
1630487200, 0, 0, 22, 22, 1, 0.01%, 1, 0, 2, 8.44
1630487230, 0, 0, 23, 23, 1, 0.01%, 1, 0, 2, 8.29
1630487256, 0, 0, 24, 24, 1, 0.01%, 1, 0, 2, 8.41
1630487467, 0, 0, 25, 25, 1, 0.01%, 1, 0, 2, 9.19
1630487477, 0, 0, 27, 27, 1, 0.01%, 1, 0, 2, 8.53
1630487482, 0, 0, 28, 28, 1, 0.01%, 1, 0, 2, 8.03
1630488169, 0, 0, 29, 29, 1, 0.01%, 1, 0, 2, 7.07
1630488195, 0, 0, 30, 30, 1, 0.01%, 1, 0, 2, 6.53
1630488226, 0, 0, 31, 31, 1, 0.01%, 1, 0, 2, 6.53
1630488231, 0, 0, 32, 32, 1, 0.01%, 1, 0, 2, 6.45
1630488257, 0, 0, 35, 35, 1, 0.01%, 1, 0, 2, 9.31
1630488282, 0, 0, 36, 36, 1, 0.01%, 1, 0, 2, 10.13
1630488390, 0, 0, 37, 37, 1, 0.01%, 1, 0, 2, 9.99
1630488493, 0, 0, 38, 38, 1, 0.01%, 1, 0, 2, 8.45
1630488498, 0, 0, 39, 39, 1, 0.01%, 1, 0, 2, 8.12
1630489396, 0, 0, 40, 40, 1, 0.01%, 1, 0, 2, 8.45
1630490070, 0, 0, 41, 41, 1, 0.01%, 1, 0, 2, 6.39
1630490085, 0, 0, 42, 42, 1, 0.01%, 1, 0, 2, 6.47
1630490317, 0, 0, 43, 43, 1, 0.01%, 1, 0, 2, 6.27
1630490831, 0, 0, 44, 44, 1, 0.01%, 1, 0, 2, 9.25
1630491056, 0, 0, 45, 45, 1, 0.01%, 1, 0, 2, 8.94
1630491067, 0, 0, 46, 46, 1, 0.01%, 1, 0, 2, 9.08
1630493644, 0, 0, 47, 47, 1, 0.01%, 1, 0, 2, 10.52
1630493716, 0, 0, 48, 48, 1, 0.01%, 1, 0, 2, 10.47
1630493737, 0, 0, 49, 49, 1, 0.01%, 1, 0, 2, 10.63
1630495681, 0, 0, 50, 50, 1, 0.01%, 1, 0, 2, 8.66
1630501086, 0, 0, 51, 51, 1, 0.01%, 1, 0, 2, 8.63
1630501239, 0, 0, 52, 52, 1, 0.01%, 1, 0, 2, 9.20
1630501260, 0, 0, 53, 53, 1, 0.01%, 1, 0, 2, 9.03
1630501280, 0, 0, 54, 54, 1, 0.01%, 1, 0, 2, 9.17
1630519987, 0, 0, 55, 55, 1, 0.01%, 1, 0, 2, 11.11
1630519998, 0, 0, 56, 56, 1, 0.01%, 1, 0, 2, 14.09
1630520044, 0, 0, 57, 57, 1, 0.01%, 1, 0, 2, 12.21
1630520100, 0, 0, 58, 58, 1, 0.01%, 1, 0, 2, 13.10
1630520126, 0, 0, 59, 59, 1, 0.01%, 1, 0, 2, 11.73
1630520142, 0, 0, 60, 60, 1, 0.01%, 1, 0, 2, 12.64
1630520265, 0, 0, 61, 61, 1, 0.01%, 1, 0, 2, 13.12
1630520332, 0, 0, 62, 62, 1, 0.01%, 1, 0, 2, 12.47
1630520363, 0, 0, 63, 63, 1, 0.01%, 1, 0, 2, 12.62
1630520664, 0, 0, 64, 64, 1, 0.01%, 1, 0, 2, 12.42
1630520762, 0, 0, 65, 65, 1, 0.01%, 1, 0, 2, 13.42
1630521178, 0, 6, 65, 64, 23, 0.01%, 1, 0, 2, 13.89
1630523207, 0, 6, 66, 65, 23, 0.01%, 1, 0, 3, 8.21
1630524813, 0, 6, 67, 66, 23, 0.01%, 1, 0, 3, 5.73
1630554874, 0, 12, 67, 65, 24, 0.01%, 1, 0, 3, 14.40
1630555733, 0, 12, 68, 66, 24, 0.01%, 1, 0, 3, 6.38
1630557930, 0, 13, 68, 65, 23, 0.01%, 1, 0, 3, 33.34
