# unix_time, cycles_done, cur_path, paths_total, pending_total, pending_favs, map_size, unique_crashes, unique_hangs, max_depth, execs_per_sec
1629441778, 0, 0, 1, 1, 1, 0.81%, 0, 0, 1, 1.01
1629441789, 0, 0, 4, 4, 1, 0.84%, 0, 0, 2, 5.77
1629441799, 0, 0, 5, 5, 1, 0.84%, 0, 0, 2, 5.64
1629441841, 0, 0, 6, 6, 1, 0.84%, 0, 0, 2, 5.72
1629441846, 0, 0, 7, 7, 1, 0.84%, 0, 0, 2, 5.62
1629441888, 0, 0, 8, 8, 1, 0.84%, 0, 0, 2, 5.53
1629441908, 0, 0, 9, 9, 1, 0.85%, 0, 0, 2, 5.53
1629441955, 0, 0, 10, 10, 1, 0.85%, 0, 0, 2, 6.90
1629442006, 0, 0, 11, 11, 1, 0.85%, 0, 0, 2, 8.58
1629442027, 0, 0, 12, 12, 1, 0.85%, 0, 0, 2, 8.86
1629442052, 0, 0, 13, 13, 1, 0.85%, 0, 0, 2, 8.93
1629442083, 0, 0, 14, 14, 1, 0.85%, 0, 0, 2, 9.06
1629442114, 0, 0, 15, 15, 1, 0.85%, 0, 0, 2, 8.79
1629442323, 0, 0, 16, 16, 1, 0.85%, 0, 0, 2, 9.34
1629442644, 0, 0, 24, 24, 1, 0.88%, 0, 0, 2, 124.93
1629442649, 0, 0, 27, 27, 1, 0.89%, 0, 0, 2, 11.25
1629442859, 0, 0, 28, 28, 1, 0.90%, 0, 0, 2, 8.93
1629443221, 0, 0, 31, 31, 1, 0.90%, 0, 0, 2, 115.27
1629443257, 0, 0, 35, 35, 1, 0.91%, 0, 0, 2, 29.62
1629443265, 0, 0, 36, 36, 1, 0.91%, 0, 0, 2, 0.63
1629443283, 0, 0, 37, 37, 1, 0.91%, 0, 0, 2, 1.00
1629443303, 0, 0, 38, 38, 1, 0.91%, 0, 0, 2, 2.95
1629443309, 0, 0, 40, 40, 1, 0.96%, 0, 0, 2, 0.79
1629443340, 0, 0, 41, 41, 1, 0.96%, 0, 0, 2, 0.42
1629443358, 0, 0, 42, 42, 1, 0.99%, 0, 0, 2, 4.18
1629443486, 0, 0, 42, 42, 1, 0.99%, 1, 0, 2, 0.06
