# unix_time, cycles_done, cur_path, paths_total, pending_total, pending_favs, map_size, unique_crashes, unique_hangs, max_depth, execs_per_sec
1636528294, 0, 0, 1, 1, 1, 0.30%, 0, 0, 1, 784.31
1636528299, 0, 0, 38, 38, 1, 0.63%, 0, 0, 2, 1279.92
1636528304, 0, 0, 57, 57, 1, 0.69%, 0, 0, 2, 1376.50
1636528310, 0, 0, 63, 63, 1, 0.69%, 0, 0, 2, 1364.96
1636528315, 0, 0, 66, 66, 1, 0.70%, 0, 0, 2, 1368.01
1636528320, 0, 0, 71, 71, 1, 0.70%, 0, 0, 2, 1359.96
1636528330, 0, 0, 94, 94, 1, 0.72%, 0, 0, 2, 1377.14
1636528335, 0, 0, 100, 100, 1, 0.72%, 0, 0, 2, 1347.87
1636528351, 0, 0, 101, 101, 1, 0.72%, 0, 0, 2, 1340.69
1636528356, 0, 0, 104, 104, 1, 0.74%, 0, 0, 2, 1321.97
1636528361, 0, 0, 107, 107, 1, 0.74%, 0, 0, 2, 1339.94
1636528366, 0, 0, 108, 108, 1, 0.74%, 0, 0, 2, 1345.71
1636528371, 0, 0, 134, 134, 1, 0.87%, 0, 0, 2, 1478.40
1636528611, 0, 0, 160, 160, 1, 0.87%, 0, 0, 2, 1450.28
1636528616, 0, 0, 178, 178, 1, 0.89%, 0, 0, 2, 1493.90
1636528621, 0, 0, 180, 180, 1, 0.89%, 0, 0, 2, 1523.44
1636528626, 0, 0, 183, 183, 1, 0.89%, 0, 0, 2, 1554.73
1636528631, 0, 4, 186, 185, 41, 0.89%, 0, 0, 2, 1546.33
1636528636, 0, 4, 187, 186, 41, 0.90%, 0, 0, 3, 1567.39
1636528647, 0, 6, 188, 186, 41, 0.90%, 0, 0, 3, 1507.25
1636528662, 0, 7, 189, 186, 40, 0.90%, 0, 0, 3, 1947.13
1636528677, 0, 8, 189, 185, 39, 0.90%, 0, 0, 3, 1877.37
1636528682, 0, 8, 191, 187, 39, 0.90%, 0, 0, 3, 1445.96
1636528692, 0, 9, 191, 186, 38, 0.90%, 0, 0, 3, 1551.78
1636528708, 0, 14, 191, 185, 37, 0.90%, 0, 0, 3, 1399.75
1636528992, 0, 22, 194, 187, 36, 0.90%, 0, 0, 3, 1882.10
1636528997, 0, 22, 197, 190, 36, 0.90%, 0, 0, 3, 1427.88
1636529008, 0, 35, 198, 190, 36, 0.90%, 0, 0, 3, 1376.94
1636529294, 0, 37, 198, 189, 36, 0.90%, 0, 0, 3, 1339.32
1636529304, 0, 37, 199, 190, 36, 0.90%, 0, 0, 3, 1315.64
1636529589, 0, 37, 205, 196, 36, 0.91%, 0, 0, 3, 1420.69
1636529599, 0, 37, 210, 201, 36, 0.91%, 0, 0, 3, 1522.64
1636529604, 0, 37, 213, 204, 36, 0.91%, 0, 0, 3, 1529.25
1636529609, 0, 45, 214, 204, 37, 0.91%, 0, 0, 3, 1595.01
1636529614, 0, 45, 216, 206, 37, 0.91%, 0, 0, 3, 1533.57
1636529624, 0, 52, 216, 205, 35, 0.91%, 0, 0, 3, 1437.90
1636529640, 0, 54, 216, 204, 34, 0.91%, 0, 0, 3, 1510.64
1636529685, 0, 54, 217, 205, 34, 0.91%, 0, 0, 3, 1320.24
1636529711, 0, 54, 218, 206, 34, 0.91%, 0, 0, 3, 1321.04
1636529925, 0, 59, 218, 205, 35, 0.91%, 0, 0, 3, 1364.24
1636529935, 0, 59, 219, 206, 35, 0.91%, 0, 0, 3, 1320.35
1636530209, 0, 62, 220, 206, 35, 0.91%, 0, 0, 3, 1376.47
1636530225, 0, 62, 221, 207, 35, 0.91%, 0, 0, 3, 1318.77
1636530495, 0, 64, 221, 206, 33, 0.91%, 0, 0, 3, 1749.31
1636530505, 0, 71, 221, 205, 32, 0.91%, 0, 0, 3, 1477.43
1636530510, 0, 71, 222, 206, 32, 0.92%, 0, 0, 3, 2005.06
1636530546, 0, 73, 222, 205, 32, 0.92%, 0, 0, 3, 1524.85
1636530551, 0, 73, 223, 206, 32, 0.92%, 0, 0, 3, 1681.99
1636530556, 0, 73, 224, 207, 32, 0.93%, 0, 0, 3, 1391.97
1636530582, 0, 78, 224, 206, 32, 0.93%, 0, 0, 3, 1791.57
1636530587, 0, 78, 226, 208, 32, 0.93%, 0, 0, 3, 1486.11
1636530597, 0, 81, 229, 210, 31, 0.93%, 0, 0, 3, 1574.61
1636530607, 0, 81, 230, 211, 31, 0.93%, 0, 0, 3, 1898.57
1636530617, 0, 81, 231, 212, 31, 0.93%, 0, 0, 3, 1306.61
1636530653, 0, 93, 231, 211, 30, 0.93%, 0, 0, 3, 1440.42
1636530683, 0, 93, 232, 212, 30, 0.93%, 0, 0, 3, 1345.70
1636530933, 0, 99, 232, 211, 30, 0.93%, 0, 0, 3, 1359.55
1636530953, 0, 99, 233, 212, 30, 0.93%, 0, 0, 3, 1346.51
1636531213, 0, 113, 236, 214, 30, 0.93%, 0, 0, 3, 1413.72
1636531218, 0, 113, 239, 217, 30, 0.94%, 0, 0, 3, 1771.56
1636531223, 0, 113, 240, 218, 30, 0.94%, 0, 0, 3, 1421.78
1636531228, 0, 113, 246, 224, 30, 1.00%, 0, 0, 3, 1302.47
1636531243, 0, 131, 247, 224, 33, 1.00%, 0, 0, 3, 1313.20
1636531249, 0, 131, 249, 226, 33, 1.00%, 0, 0, 3, 1289.89
1636531254, 0, 131, 251, 228, 33, 1.00%, 0, 0, 3, 1264.60
1636531269, 0, 131, 252, 229, 33, 1.00%, 0, 0, 3, 1344.31
1636531295, 0, 131, 253, 230, 33, 1.02%, 0, 0, 3, 1253.63
1636531315, 0, 131, 254, 231, 33, 1.02%, 0, 0, 3, 1297.01
1636531565, 0, 132, 255, 231, 35, 1.02%, 0, 0, 3, 1301.22
1636531625, 0, 132, 256, 232, 35, 1.15%, 0, 0, 3, 1520.60
1636531890, 0, 150, 256, 231, 34, 1.15%, 0, 0, 3, 1528.43
1636531993, 0, 165, 256, 230, 33, 1.15%, 0, 0, 3, 1703.97
1636531998, 0, 165, 257, 231, 33, 1.15%, 0, 0, 3, 1377.88
1636532165, 0, 169, 258, 231, 33, 1.15%, 0, 0, 3, 1346.91
1636532342, 0, 170, 264, 236, 32, 1.16%, 0, 0, 3, 1336.30
1636532383, 0, 171, 269, 240, 31, 1.16%, 1, 0, 3, 1429.49
1636532393, 0, 171, 270, 241, 31, 1.16%, 2, 0, 3, 1599.44
1636532418, 0, 171, 273, 244, 31, 1.16%, 3, 0, 3, 1791.35
1636532424, 0, 171, 277, 248, 31, 1.16%, 3, 0, 3, 2252.42
1636532429, 0, 171, 279, 250, 31, 1.16%, 3, 0, 3, 2353.28
1636532434, 0, 178, 279, 249, 33, 1.16%, 4, 0, 3, 1802.53
1636532475, 0, 183, 279, 248, 32, 1.16%, 4, 0, 3, 1314.46
1636532511, 0, 183, 284, 253, 32, 1.18%, 4, 0, 3, 1230.39
1636532629, 0, 186, 286, 254, 33, 1.18%, 4, 0, 3, 1607.51
1636532644, 0, 187, 286, 253, 32, 1.18%, 4, 0, 3, 2086.92
1636532654, 0, 189, 286, 252, 31, 1.18%, 4, 0, 3, 1590.59
1636532669, 0, 189, 287, 253, 31, 1.19%, 4, 0, 4, 1302.80
1636532679, 0, 190, 287, 252, 31, 1.19%, 4, 0, 4, 1447.00
1636532710, 0, 192, 287, 251, 30, 1.19%, 4, 0, 4, 1520.66
1636532725, 0, 193, 287, 250, 29, 1.19%, 4, 0, 4, 1616.43
1636532735, 0, 200, 287, 249, 29, 1.19%, 4, 0, 4, 1590.57
1636532740, 0, 200, 291, 253, 29, 1.19%, 4, 0, 4, 1514.88
1636532745, 0, 200, 292, 254, 29, 1.19%, 4, 0, 4, 1604.16
1636532775, 0, 202, 293, 254, 29, 1.19%, 4, 0, 4, 1425.88
1636532914, 0, 214, 294, 254, 28, 1.19%, 4, 0, 4, 1398.56
1636532934, 0, 215, 294, 253, 28, 1.19%, 4, 0, 4, 1410.51
1636532944, 0, 215, 295, 254, 28, 1.19%, 4, 0, 4, 1421.83
1636532954, 0, 215, 296, 255, 28, 1.19%, 4, 0, 4, 1240.82
1636532970, 0, 217, 296, 254, 27, 1.19%, 4, 0, 4, 1331.53
1636532975, 0, 217, 297, 255, 27, 1.19%, 4, 0, 4, 1318.06
1636533000, 0, 217, 298, 256, 27, 1.19%, 4, 0, 4, 1325.53
1636533286, 0, 219, 299, 256, 27, 1.19%, 4, 0, 4, 1364.96
1636533460, 0, 221, 299, 255, 26, 1.19%, 4, 0, 4, 1452.87
1636533496, 0, 231, 299, 254, 25, 1.19%, 4, 0, 4, 1446.41
1636533531, 0, 231, 300, 255, 25, 1.19%, 4, 0, 4, 1329.82
1636533775, 0, 232, 300, 254, 25, 1.19%, 4, 0, 4, 1341.79
1636533927, 0, 232, 301, 255, 25, 1.19%, 4, 0, 4, 1291.09
1636534060, 0, 235, 301, 254, 24, 1.19%, 4, 0, 4, 1437.82
1636534075, 0, 235, 303, 256, 24, 1.20%, 4, 0, 4, 1331.34
1636534090, 0, 236, 303, 255, 24, 1.20%, 4, 0, 4, 2018.19
1636534111, 0, 237, 303, 254, 23, 1.20%, 4, 0, 4, 1507.37
1636534126, 0, 237, 305, 256, 23, 1.20%, 4, 0, 4, 1382.78
1636534141, 0, 240, 305, 255, 22, 1.20%, 4, 0, 4, 1527.19
1636534177, 0, 245, 306, 255, 21, 1.20%, 4, 0, 4, 1370.01
1636534182, 0, 245, 307, 256, 21, 1.21%, 4, 0, 4, 1648.87
1636534197, 0, 245, 308, 257, 21, 1.21%, 4, 0, 4, 1228.03
1636534207, 0, 245, 310, 259, 21, 1.22%, 4, 0, 4, 1213.72
1636534222, 0, 247, 310, 258, 21, 1.22%, 4, 0, 4, 1458.32
1636534253, 0, 248, 310, 257, 20, 1.22%, 4, 0, 4, 1480.73
1636534299, 0, 255, 310, 256, 19, 1.22%, 4, 0, 4, 1020.94
1636534309, 0, 255, 311, 257, 19, 1.23%, 4, 0, 4, 883.62
1636534345, 0, 255, 312, 258, 19, 1.23%, 4, 0, 4, 1189.30
1636534406, 0, 255, 313, 259, 19, 1.23%, 4, 0, 4, 1234.51
1636534832, 0, 259, 313, 258, 19, 1.23%, 4, 0, 4, 1122.62
1636534873, 0, 262, 314, 258, 18, 1.23%, 4, 0, 4, 1381.50
1636534914, 0, 264, 314, 257, 17, 1.23%, 5, 0, 4, 1483.35
1636534950, 0, 268, 315, 257, 16, 1.23%, 6, 0, 4, 1643.42
1636534985, 0, 274, 315, 256, 15, 1.23%, 6, 0, 4, 1606.14
1636535026, 0, 279, 316, 256, 14, 1.23%, 6, 0, 4, 1521.74
1636535128, 0, 279, 318, 258, 14, 1.24%, 6, 0, 4, 1232.40
1636535189, 0, 280, 326, 265, 15, 1.24%, 6, 0, 4, 1329.93
1636535240, 0, 280, 328, 267, 15, 1.25%, 6, 0, 4, 1237.17
1636535245, 0, 280, 329, 268, 15, 1.25%, 6, 0, 4, 1222.61
1636535296, 0, 280, 330, 269, 15, 1.25%, 6, 0, 4, 1218.80
1636535352, 0, 281, 330, 268, 18, 1.25%, 6, 0, 4, 1314.94
1636535459, 0, 281, 331, 269, 18, 1.25%, 6, 0, 4, 1205.84
1636535515, 0, 282, 331, 268, 17, 1.25%, 6, 0, 4, 1283.26
1636535621, 0, 282, 332, 269, 17, 1.25%, 6, 0, 4, 1218.27
1636535672, 0, 283, 332, 268, 17, 1.25%, 6, 0, 4, 1288.50
1636535769, 0, 283, 333, 269, 17, 1.25%, 6, 0, 4, 1242.97
1636535829, 0, 285, 333, 268, 17, 1.25%, 6, 0, 4, 1304.44
1636535839, 0, 285, 334, 269, 17, 1.25%, 6, 0, 4, 1254.92
1636536048, 0, 286, 335, 269, 16, 1.25%, 6, 0, 5, 1292.17
1636536053, 0, 286, 336, 270, 16, 1.25%, 6, 0, 5, 1326.11
1636536083, 0, 286, 338, 272, 16, 1.25%, 6, 0, 5, 1164.09
1636536099, 0, 290, 338, 271, 17, 1.25%, 6, 0, 5, 1400.31
1636536139, 0, 293, 338, 270, 16, 1.25%, 6, 0, 5, 1908.40
1636536159, 0, 296, 338, 269, 15, 1.25%, 6, 0, 5, 1445.00
1636536165, 0, 296, 339, 270, 15, 1.25%, 6, 0, 5, 1340.50
1636536475, 0, 296, 340, 271, 15, 1.25%, 6, 0, 5, 1389.64
1636536480, 0, 299, 341, 271, 14, 1.25%, 6, 0, 5, 1462.15
1636536526, 0, 299, 342, 272, 14, 1.25%, 6, 0, 5, 1693.93
1636536760, 0, 306, 342, 271, 13, 1.25%, 6, 0, 5, 1461.88
1636536765, 0, 306, 343, 272, 13, 1.26%, 6, 0, 5, 1486.81
1636536796, 0, 306, 344, 273, 13, 1.26%, 6, 0, 5, 1339.49
1636536801, 0, 306, 345, 274, 13, 1.26%, 6, 0, 5, 1564.74
1636536806, 0, 309, 347, 275, 13, 1.27%, 6, 0, 5, 1480.01
1636536867, 0, 310, 349, 276, 13, 1.28%, 6, 0, 5, 1449.18
1636536872, 0, 310, 352, 279, 13, 1.29%, 6, 0, 5, 1280.27
1636536923, 0, 317, 352, 278, 18, 1.29%, 6, 0, 5, 1266.69
1636537085, 0, 318, 352, 277, 17, 1.29%, 6, 0, 5, 1352.90
1636537253, 0, 319, 353, 277, 16, 1.29%, 6, 0, 5, 1378.75
1636537415, 0, 324, 354, 277, 15, 1.29%, 6, 0, 5, 1375.21
1636537577, 0, 326, 355, 277, 14, 1.29%, 6, 0, 5, 1360.52
1636537587, 0, 326, 356, 278, 14, 1.29%, 6, 0, 5, 1284.83
1636537598, 0, 326, 358, 280, 14, 1.29%, 6, 0, 5, 1253.47
1636537638, 0, 326, 360, 282, 14, 1.29%, 6, 0, 5, 1208.11
1636537745, 0, 326, 362, 284, 14, 1.30%, 6, 0, 5, 1223.20
1636537751, 0, 327, 364, 285, 16, 1.30%, 7, 0, 5, 1383.45
1636537919, 0, 331, 365, 285, 16, 1.30%, 7, 0, 5, 1441.66
1636538082, 0, 332, 366, 285, 15, 1.30%, 7, 0, 5, 1388.24
1636538251, 0, 332, 367, 286, 15, 1.30%, 7, 0, 5, 1400.31
1636538256, 0, 334, 367, 285, 14, 1.30%, 7, 0, 5, 1394.99
1636538302, 0, 342, 367, 284, 12, 1.30%, 7, 0, 5, 1354.27
1636538347, 0, 346, 367, 283, 11, 1.30%, 7, 0, 5, 1336.58
1636538409, 0, 347, 367, 282, 10, 1.30%, 7, 0, 5, 1276.29
1636538465, 0, 348, 369, 283, 9, 1.30%, 7, 0, 6, 1262.89
1636538505, 0, 348, 370, 284, 9, 1.30%, 7, 0, 6, 890.97
1636538516, 0, 349, 370, 283, 10, 1.30%, 7, 0, 6, 1326.17
1636538571, 0, 350, 370, 282, 9, 1.30%, 7, 0, 6, 1231.36
1636538627, 0, 351, 370, 281, 8, 1.30%, 7, 0, 6, 1264.29
1636538678, 0, 355, 370, 280, 7, 1.30%, 7, 0, 6, 1287.44
1636538683, 0, 355, 371, 281, 7, 1.30%, 7, 0, 6, 1278.26
1636538688, 0, 355, 372, 282, 7, 1.30%, 7, 0, 6, 1258.62
1636538739, 0, 355, 373, 283, 7, 1.30%, 7, 0, 6, 1234.88
1636538850, 0, 358, 373, 282, 8, 1.30%, 7, 0, 6, 1300.60
1636539014, 0, 358, 375, 284, 8, 1.30%, 7, 0, 6, 1325.39
1636539019, 0, 360, 375, 283, 8, 1.30%, 7, 0, 6, 1355.19
1636539024, 0, 360, 376, 284, 8, 1.30%, 7, 0, 6, 1251.58
1636539080, 0, 360, 377, 285, 8, 1.30%, 7, 0, 6, 1206.83
1636539191, 0, 360, 380, 288, 8, 1.30%, 7, 0, 6, 1597.74
1636539196, 0, 363, 380, 287, 7, 1.30%, 7, 0, 6, 1524.43
1636539354, 0, 363, 381, 288, 7, 1.30%, 7, 0, 6, 1400.32
1636539359, 0, 367, 382, 288, 6, 1.30%, 7, 0, 7, 1300.56
1636539410, 0, 367, 383, 289, 6, 1.30%, 7, 0, 7, 1360.21
1636539415, 0, 369, 384, 289, 5, 1.30%, 7, 0, 7, 1294.09
1636539466, 0, 370, 384, 288, 5, 1.30%, 7, 0, 7, 1279.95
1636539629, 0, 372, 385, 288, 4, 1.30%, 7, 0, 7, 1429.03
1636539690, 0, 372, 386, 289, 4, 1.30%, 7, 0, 7, 1228.07
1636539802, 0, 373, 386, 288, 4, 1.30%, 7, 0, 7, 1276.18
1636539971, 0, 383, 387, 288, 3, 1.30%, 7, 0, 7, 1355.40
1636539976, 0, 383, 388, 289, 3, 1.30%, 7, 0, 8, 1262.23
1636540027, 0, 385, 388, 288, 2, 1.30%, 7, 0, 8, 1277.99
1636540088, 0, 385, 389, 289, 2, 1.30%, 7, 0, 8, 1212.03
1636540195, 0, 385, 390, 290, 2, 1.30%, 7, 0, 8, 1408.06
1636540200, 1, 160, 391, 290, 1, 1.30%, 7, 0, 8, 1472.08
1636540378, 1, 160, 394, 293, 1, 1.30%, 7, 0, 8, 1497.55
1636540383, 1, 160, 398, 297, 1, 1.30%, 7, 0, 8, 1720.54
1636540388, 1, 160, 400, 299, 1, 1.30%, 7, 0, 8, 1767.72
1636540398, 1, 241, 400, 298, 1, 1.30%, 7, 0, 8, 1485.37
1636540444, 1, 246, 400, 297, 0, 1.30%, 7, 0, 8, 1383.53
1636540795, 1, 256, 400, 296, 0, 1.30%, 7, 0, 8, 1327.04
1636540932, 1, 269, 400, 295, 0, 1.30%, 7, 0, 8, 1501.08
1636540983, 1, 275, 401, 295, 0, 1.30%, 8, 0, 8, 1513.12
1636541058, 1, 275, 404, 298, 0, 1.30%, 8, 0, 8, 1619.68
1636541063, 1, 275, 405, 299, 0, 1.30%, 8, 0, 8, 2025.48
1636541069, 1, 277, 407, 300, 0, 1.30%, 8, 0, 8, 1811.43
1636541109, 1, 381, 408, 300, 1, 1.30%, 8, 0, 8, 1671.90
1636541114, 1, 381, 409, 301, 1, 1.30%, 8, 0, 8, 1346.63
1636541165, 1, 405, 409, 300, 1, 1.30%, 9, 0, 8, 1433.11
1636541180, 1, 405, 411, 302, 1, 1.32%, 9, 0, 8, 1432.17
1636541206, 1, 405, 412, 303, 1, 1.32%, 9, 0, 8, 1575.41
1636541211, 1, 405, 414, 305, 1, 1.32%, 9, 0, 8, 2230.67
1636541216, 1, 405, 414, 305, 1, 1.32%, 10, 0, 8, 2331.18
1636541221, 1, 409, 414, 304, 2, 1.32%, 10, 0, 8, 2062.08
1636541272, 1, 409, 415, 305, 2, 1.32%, 10, 0, 8, 1614.95
1636541277, 1, 412, 416, 305, 1, 1.32%, 10, 0, 8, 1838.74
1636541307, 1, 414, 417, 305, 0, 1.32%, 10, 0, 8, 2021.86
1636541649, 1, 414, 421, 309, 0, 1.32%, 10, 0, 8, 1429.31
1636541654, 1, 414, 424, 312, 0, 1.32%, 10, 0, 8, 1464.00
1636541669, 1, 416, 425, 312, 0, 1.32%, 10, 0, 8, 1457.91
1636541715, 1, 416, 429, 316, 0, 1.32%, 10, 0, 8, 2041.40
1636541720, 1, 416, 430, 317, 0, 1.32%, 10, 0, 8, 2239.09
1636541725, 1, 416, 431, 318, 0, 1.32%, 10, 0, 8, 2269.02
1636541730, 2, 5, 431, 317, 0, 1.32%, 10, 0, 8, 1942.05
1636541740, 2, 5, 432, 318, 0, 1.32%, 10, 0, 8, 1721.81
1636541745, 2, 29, 432, 317, 2, 1.32%, 10, 0, 8, 1811.98
1636541755, 2, 123, 432, 316, 2, 1.32%, 10, 0, 8, 1592.01
1636542082, 2, 198, 432, 315, 2, 1.32%, 10, 0, 8, 1297.50
1636542413, 2, 222, 433, 315, 2, 1.32%, 10, 0, 8, 1384.34
1636542484, 2, 250, 434, 315, 2, 1.32%, 10, 0, 8, 1488.07
1636542647, 2, 261, 434, 314, 2, 1.32%, 10, 0, 8, 1356.53
1636542687, 2, 288, 434, 313, 2, 1.32%, 10, 0, 8, 1456.66
1636542722, 2, 313, 434, 312, 2, 1.32%, 10, 0, 8, 1561.21
1636542768, 2, 431, 434, 311, 1, 1.32%, 10, 0, 8, 1016.01
1636544553, 2, 434, 435, 311, 1, 1.33%, 10, 0, 8, 1012.18
1636546410, 3, 2, 435, 310, 0, 1.33%, 10, 0, 8, 1060.05
1636546430, 3, 13, 436, 310, 0, 1.33%, 10, 0, 8, 1455.01
1636546716, 3, 19, 436, 309, 0, 1.33%, 10, 0, 8, 1403.18
1636547023, 3, 23, 436, 308, 0, 1.33%, 10, 0, 8, 1666.62
1636547038, 3, 30, 436, 307, 0, 1.33%, 10, 0, 8, 1598.37
1636547053, 3, 40, 437, 307, 0, 1.33%, 10, 0, 8, 1449.68
1636547094, 3, 46, 437, 306, 0, 1.33%, 10, 0, 8, 1420.08
1636547114, 3, 60, 437, 305, 0, 1.33%, 10, 0, 8, 1405.11
1636547251, 3, 67, 437, 304, 0, 1.33%, 10, 0, 8, 1719.21
1636547266, 3, 76, 437, 303, 0, 1.33%, 10, 0, 8, 1459.95
1636547327, 3, 79, 437, 302, 0, 1.33%, 10, 0, 8, 1537.62
1636547363, 3, 80, 437, 301, 0, 1.33%, 10, 0, 8, 1460.33
1636547403, 3, 82, 437, 300, 0, 1.33%, 10, 0, 8, 1492.31
1636547454, 3, 86, 437, 299, 0, 1.33%, 10, 0, 8, 1918.63
1636547469, 3, 87, 437, 298, 0, 1.33%, 10, 0, 8, 1637.94
1636547504, 3, 89, 437, 297, 0, 1.33%, 10, 0, 8, 1529.91
1636547570, 3, 92, 437, 296, 0, 1.33%, 10, 0, 8, 1388.97
1636547850, 3, 96, 437, 295, 0, 1.33%, 10, 0, 8, 1338.40
1636548131, 3, 122, 438, 295, 1, 1.33%, 10, 0, 8, 1481.86
1636548187, 3, 364, 438, 294, 1, 1.33%, 10, 0, 8, 1384.89
1636548192, 3, 364, 439, 295, 1, 1.33%, 10, 0, 8, 1263.54
1636548310, 3, 364, 440, 296, 1, 1.33%, 10, 0, 8, 1205.41
1636548366, 3, 364, 444, 300, 1, 1.33%, 10, 0, 8, 1615.80
1636548371, 3, 364, 446, 302, 1, 1.33%, 10, 0, 8, 1827.82
1636548376, 3, 364, 447, 303, 1, 1.33%, 10, 0, 8, 1846.27
1636548381, 3, 437, 448, 303, 1, 1.33%, 10, 0, 8, 1750.86
1636548682, 3, 444, 448, 302, 0, 1.33%, 10, 0, 8, 1229.33
1636548692, 3, 444, 449, 303, 0, 1.33%, 10, 0, 8, 775.02
1636549383, 3, 444, 450, 304, 0, 1.33%, 10, 0, 8, 1152.19
1636552653, 3, 444, 451, 305, 0, 1.33%, 10, 0, 8, 781.29
1636552658, 3, 444, 455, 309, 0, 1.33%, 10, 0, 8, 914.65
1636552663, 3, 444, 456, 310, 0, 1.33%, 10, 0, 8, 922.26
1636552673, 3, 444, 457, 311, 0, 1.33%, 10, 0, 8, 940.65
1636552678, 3, 444, 458, 312, 0, 1.33%, 10, 0, 8, 934.67
1636552683, 3, 450, 458, 311, 0, 1.33%, 10, 0, 8, 702.57
1636554090, 3, 450, 459, 312, 0, 1.33%, 10, 0, 8, 1088.89
1636560581, 3, 450, 460, 313, 0, 1.33%, 10, 0, 8, 680.90
1636560586, 3, 458, 460, 312, 1, 1.33%, 10, 0, 8, 659.89
1636560591, 3, 458, 462, 314, 1, 1.33%, 10, 0, 9, 592.88
1636560684, 3, 458, 463, 315, 1, 1.33%, 10, 0, 9, 577.90
1636569150, 3, 458, 468, 320, 1, 1.33%, 10, 0, 9, 673.93
1636569166, 3, 458, 469, 321, 1, 1.33%, 10, 0, 9, 716.38
1636569171, 3, 458, 470, 322, 1, 1.33%, 10, 0, 9, 693.90
1636569176, 3, 462, 470, 321, 1, 1.33%, 10, 0, 9, 667.70
1636576290, 3, 462, 471, 322, 1, 1.33%, 10, 0, 10, 784.32
1636576300, 3, 464, 471, 321, 0, 1.33%, 10, 0, 10, 677.66
1636587552, 3, 467, 471, 320, 0, 1.33%, 10, 0, 10, 734.82
1636587562, 3, 467, 472, 321, 0, 1.33%, 10, 0, 10, 768.18
1636590746, 3, 467, 477, 326, 0, 1.33%, 10, 0, 10, 971.52
1636590752, 3, 467, 478, 327, 0, 1.33%, 10, 0, 10, 1000.77
1636590757, 3, 467, 479, 328, 0, 1.33%, 10, 0, 10, 987.40
1636590772, 3, 471, 479, 327, 0, 1.33%, 10, 0, 10, 891.31
1636593951, 3, 471, 480, 328, 0, 1.33%, 10, 0, 11, 924.81
1636593956, 3, 471, 481, 329, 0, 1.33%, 10, 0, 11, 987.95
1636593976, 3, 472, 482, 329, 0, 1.33%, 10, 0, 11, 827.01
1636599626, 3, 475, 482, 328, 0, 1.33%, 10, 0, 11, 778.57
1636609356, 3, 476, 482, 327, 0, 1.33%, 10, 0, 11, 649.67
1636614960, 3, 476, 485, 330, 0, 1.33%, 10, 0, 11, 805.89
1636614990, 3, 480, 485, 329, 0, 1.33%, 10, 0, 11, 664.82
1636614995, 3, 480, 486, 330, 0, 1.33%, 10, 0, 12, 615.37
1636621931, 3, 480, 488, 332, 0, 1.33%, 10, 0, 12, 693.53
1636621936, 3, 480, 489, 333, 0, 1.33%, 10, 0, 12, 724.21
1636621941, 3, 480, 490, 334, 0, 1.33%, 10, 0, 12, 754.27
1636621967, 3, 484, 490, 333, 0, 1.33%, 10, 0, 12, 852.06
1636621972, 3, 484, 495, 338, 0, 1.33%, 10, 0, 12, 926.90
1636621977, 3, 484, 496, 339, 0, 1.33%, 10, 0, 12, 956.83
1636623319, 3, 484, 498, 341, 0, 1.33%, 10, 0, 12, 1151.20
1636623334, 3, 484, 499, 342, 0, 1.33%, 10, 0, 12, 1263.21
1636623339, 3, 489, 499, 341, 0, 1.33%, 10, 0, 12, 753.94
1636634842, 3, 489, 500, 342, 0, 1.33%, 10, 0, 13, 519.23
1636634857, 3, 491, 500, 341, 0, 1.33%, 10, 0, 13, 776.36
1636636205, 3, 499, 500, 340, 0, 1.33%, 10, 0, 13, 718.18
1636646417, 4, 10, 500, 339, 0, 1.33%, 10, 0, 13, 955.06
1636646707, 4, 12, 500, 338, 0, 1.33%, 10, 0, 13, 1351.38
1636646998, 4, 16, 500, 337, 0, 1.33%, 10, 0, 13, 1365.36
1636647279, 4, 28, 500, 336, 0, 1.33%, 10, 0, 13, 1450.19
1636647299, 4, 48, 500, 334, 0, 1.33%, 10, 0, 13, 1820.89
1636647314, 4, 49, 500, 333, 0, 1.33%, 11, 0, 13, 1494.71
1636647330, 4, 51, 500, 332, 0, 1.33%, 11, 0, 13, 1705.19
1636647340, 4, 55, 500, 331, 0, 1.33%, 11, 0, 13, 1451.56
1636647625, 4, 56, 500, 330, 0, 1.33%, 11, 0, 13, 1406.74
1636647666, 4, 68, 501, 330, 0, 1.33%, 11, 0, 13, 1847.37
1636647676, 4, 83, 501, 329, 0, 1.33%, 11, 0, 13, 1809.01
1636647691, 4, 100, 501, 328, 0, 1.33%, 11, 0, 13, 1492.86
1636647957, 4, 101, 501, 327, 0, 1.33%, 11, 0, 13, 1361.13
1636648253, 4, 106, 501, 326, 0, 1.33%, 11, 0, 13, 1269.01
1636648564, 4, 108, 501, 325, 0, 1.33%, 11, 0, 13, 1318.59
1636648895, 4, 120, 501, 324, 0, 1.33%, 11, 0, 13, 1435.99
1636648935, 4, 128, 501, 323, 0, 1.33%, 11, 0, 13, 1337.08
1636649242, 4, 137, 501, 322, 0, 1.33%, 11, 0, 13, 1260.60
1636649582, 4, 140, 501, 321, 0, 1.33%, 11, 0, 13, 1315.68
1636649898, 4, 143, 501, 320, 0, 1.33%, 11, 0, 13, 1378.06
1636650203, 4, 147, 501, 319, 0, 1.33%, 11, 0, 13, 1375.58
1636650398, 4, 152, 501, 318, 0, 1.33%, 11, 0, 13, 1358.49
1636650724, 4, 155, 501, 317, 0, 1.33%, 11, 0, 13, 1446.85
1636650815, 4, 159, 501, 316, 0, 1.33%, 11, 0, 13, 1457.95
1636650978, 4, 161, 502, 316, 0, 1.33%, 11, 0, 13, 1393.97
1636651300, 4, 175, 503, 316, 0, 1.33%, 11, 0, 13, 1368.86
1636651594, 4, 176, 503, 315, 0, 1.33%, 11, 0, 13, 1381.79
1636651906, 4, 177, 503, 314, 0, 1.33%, 11, 0, 13, 1302.60
1636652268, 4, 182, 503, 313, 0, 1.33%, 11, 0, 13, 1347.30
1636652599, 4, 203, 503, 312, 0, 1.33%, 11, 0, 13, 1479.93
1636652890, 4, 214, 503, 311, 0, 1.33%, 11, 0, 13, 1373.46
1636652895, 4, 225, 504, 312, 0, 1.33%, 11, 0, 13, 1392.42
1636652945, 4, 227, 504, 311, 0, 1.33%, 11, 0, 13, 1389.53
1636652991, 4, 230, 504, 310, 0, 1.33%, 11, 0, 13, 1408.12
1636653057, 4, 234, 504, 309, 0, 1.33%, 11, 0, 13, 1485.08
1636653087, 4, 253, 504, 308, 0, 1.33%, 11, 0, 13, 1402.40
1636653589, 4, 260, 504, 307, 0, 1.33%, 11, 0, 13, 1313.76
1636653629, 4, 263, 504, 306, 0, 1.33%, 11, 0, 13, 1424.64
1636653670, 4, 265, 504, 305, 0, 1.33%, 11, 0, 13, 1489.06
1636653705, 4, 266, 504, 304, 0, 1.33%, 11, 0, 13, 1649.18
1636653741, 4, 294, 505, 304, 0, 1.33%, 11, 0, 13, 1741.91
1636653746, 4, 294, 506, 305, 0, 1.33%, 11, 0, 13, 1413.96
1636653792, 4, 294, 507, 306, 0, 1.33%, 11, 0, 13, 1661.92
1636653797, 4, 295, 507, 305, 0, 1.33%, 11, 0, 13, 1469.31
1636653832, 4, 301, 508, 305, 0, 1.33%, 11, 0, 13, 1525.95
1636653878, 4, 303, 508, 304, 0, 1.33%, 11, 0, 13, 1594.44
1636653918, 4, 304, 508, 303, 0, 1.33%, 11, 0, 13, 1387.49
1636654107, 4, 305, 508, 302, 0, 1.33%, 11, 0, 13, 1401.61
1636654153, 4, 312, 508, 301, 0, 1.33%, 11, 0, 13, 1261.24
1636654719, 4, 312, 509, 302, 0, 1.34%, 11, 0, 13, 786.79
1636654729, 4, 508, 509, 301, 1, 1.34%, 11, 0, 13, 1078.53
1636655312, 4, 508, 510, 302, 1, 1.34%, 11, 0, 13, 1281.32
1636655323, 5, 3, 510, 301, 0, 1.34%, 11, 0, 13, 1906.16
1636655338, 5, 17, 510, 300, 0, 1.34%, 11, 0, 13, 1513.69
1636655517, 5, 18, 510, 299, 0, 1.34%, 11, 0, 13, 1370.73
1636655802, 5, 20, 510, 298, 0, 1.34%, 11, 0, 13, 1356.40
1636656109, 5, 24, 510, 297, 0, 1.34%, 11, 0, 13, 1823.19
1636656124, 5, 26, 510, 296, 0, 1.34%, 11, 0, 13, 1480.93
1636656430, 5, 27, 510, 295, 0, 1.34%, 11, 0, 13, 1329.64
1636656736, 5, 31, 510, 294, 0, 1.34%, 11, 0, 13, 1914.45
1636656746, 5, 34, 510, 293, 0, 1.34%, 11, 0, 13, 1445.07
1636657036, 5, 44, 510, 292, 0, 1.34%, 11, 0, 13, 1731.87
1636657052, 5, 47, 510, 291, 0, 1.34%, 11, 0, 13, 1996.54
1636657067, 5, 72, 510, 290, 0, 1.34%, 11, 0, 13, 1525.77
1636657108, 5, 90, 510, 289, 0, 1.34%, 11, 0, 13, 1386.94
1636657406, 5, 103, 510, 288, 0, 1.34%, 11, 0, 13, 1376.60
1636657697, 5, 104, 510, 287, 0, 1.34%, 11, 0, 13, 1356.69
1636657984, 5, 105, 510, 286, 0, 1.34%, 11, 0, 13, 1368.15
1636658306, 5, 111, 510, 285, 0, 1.34%, 11, 0, 13, 1713.15
1636658331, 5, 136, 510, 284, 0, 1.34%, 11, 0, 13, 1485.14
1636658367, 5, 139, 510, 283, 0, 1.34%, 11, 0, 13, 1465.15
1636658540, 5, 142, 510, 282, 0, 1.34%, 11, 0, 13, 1387.31
1636658708, 5, 145, 510, 281, 0, 1.34%, 11, 0, 13, 1363.56
1636658867, 5, 146, 510, 280, 0, 1.34%, 11, 0, 13, 1422.76
1636659214, 5, 168, 510, 279, 0, 1.34%, 11, 0, 13, 1376.98
1636659408, 5, 172, 511, 279, 0, 1.34%, 11, 0, 13, 1387.73
1636659750, 5, 185, 511, 278, 0, 1.34%, 12, 0, 13, 1458.16
1636659785, 5, 195, 511, 277, 0, 1.34%, 12, 0, 13, 1645.61
1636659826, 5, 205, 511, 276, 0, 1.34%, 12, 0, 13, 1264.69
1636660167, 5, 206, 511, 275, 0, 1.34%, 12, 0, 13, 1320.77
1636660355, 5, 209, 511, 274, 0, 1.34%, 12, 0, 13, 1395.70
1636660524, 5, 228, 512, 274, 0, 1.34%, 12, 0, 13, 1598.41
1636660585, 5, 251, 513, 274, 0, 1.34%, 12, 0, 13, 1547.97
1636660737, 5, 258, 513, 273, 0, 1.34%, 12, 0, 13, 1372.37
1636660777, 5, 278, 513, 272, 0, 1.34%, 12, 0, 13, 1508.89
1636660848, 5, 311, 515, 273, 0, 1.34%, 12, 0, 13, 1512.97
1636660934, 5, 315, 515, 272, 0, 1.34%, 12, 0, 13, 1494.86
1636661000, 5, 332, 518, 274, 0, 1.34%, 12, 0, 13, 1760.99
1636661005, 5, 333, 518, 274, 0, 1.34%, 12, 0, 13, 1388.87
1636661215, 5, 335, 518, 273, 0, 1.34%, 12, 0, 13, 1300.53
1636661261, 5, 339, 518, 272, 0, 1.34%, 12, 0, 13, 1319.49
1636661582, 5, 340, 518, 271, 0, 1.34%, 12, 0, 13, 1337.44
1636661941, 5, 345, 518, 270, 0, 1.34%, 12, 0, 13, 1395.43
1636662002, 5, 352, 518, 269, 0, 1.34%, 12, 0, 13, 1410.51
1636662191, 5, 357, 518, 268, 0, 1.34%, 12, 0, 13, 1305.84
1636662365, 5, 359, 518, 267, 0, 1.34%, 12, 0, 13, 1319.55
1636662533, 5, 361, 518, 266, 0, 1.34%, 12, 0, 13, 1346.74
1636662706, 5, 365, 518, 265, 0, 1.34%, 12, 0, 13, 1335.80
1636662879, 5, 368, 518, 264, 0, 1.34%, 12, 0, 13, 1479.71
1636662935, 5, 374, 518, 263, 0, 1.34%, 12, 0, 13, 1364.54
1636663114, 5, 377, 518, 262, 0, 1.34%, 12, 0, 13, 1322.59
1636663292, 5, 378, 519, 262, 0, 1.34%, 12, 0, 13, 1431.50
1636663471, 5, 380, 519, 261, 0, 1.34%, 12, 0, 13, 1379.73
1636663645, 5, 387, 519, 260, 0, 1.34%, 12, 0, 13, 1519.67
1636663650, 5, 387, 520, 261, 0, 1.34%, 12, 0, 13, 1324.83
1636663701, 5, 390, 520, 260, 0, 1.34%, 12, 0, 13, 1423.82
1636663880, 5, 395, 520, 259, 0, 1.34%, 12, 0, 13, 1355.68
1636664290, 5, 398, 520, 258, 0, 1.34%, 12, 0, 13, 1374.68
1636664468, 5, 402, 520, 257, 0, 1.34%, 12, 0, 13, 1571.47
1636664559, 5, 402, 522, 259, 0, 1.34%, 12, 0, 13, 1543.61
1636664569, 5, 408, 523, 259, 0, 1.34%, 12, 0, 13, 1568.70
1636664625, 5, 408, 524, 260, 0, 1.34%, 12, 0, 13, 1936.55
1636664630, 5, 411, 524, 259, 0, 1.34%, 12, 0, 13, 1709.76
1636664711, 5, 415, 524, 258, 0, 1.34%, 12, 0, 13, 1730.34
1636664742, 5, 417, 524, 257, 0, 1.34%, 12, 0, 13, 1419.82
1636665355, 5, 417, 525, 258, 0, 1.34%, 12, 0, 13, 1277.75
1636665361, 5, 417, 526, 259, 0, 1.34%, 12, 0, 13, 1418.71
1636665366, 5, 422, 526, 258, 0, 1.34%, 12, 0, 13, 1364.60
1636665651, 5, 428, 527, 258, 0, 1.34%, 12, 0, 13, 1377.19
1636665773, 5, 439, 527, 257, 0, 1.34%, 12, 0, 13, 1416.29
1636665956, 5, 442, 527, 256, 0, 1.34%, 12, 0, 13, 1313.36
1636666334, 5, 446, 527, 255, 0, 1.34%, 12, 0, 13, 1049.50
1636669161, 5, 446, 528, 256, 0, 1.34%, 12, 0, 13, 904.60
1636669172, 5, 448, 528, 255, 0, 1.34%, 12, 0, 13, 1053.11
1636670417, 5, 455, 528, 254, 0, 1.34%, 12, 0, 13, 869.01
1636677592, 5, 456, 528, 253, 0, 1.34%, 12, 0, 13, 600.75
1636688001, 5, 456, 529, 254, 0, 1.34%, 12, 0, 13, 644.09
1636688006, 5, 457, 529, 253, 0, 1.34%, 12, 0, 13, 733.72
1636691944, 5, 470, 529, 252, 0, 1.34%, 12, 0, 13, 666.64
