# unix_time, cycles_done, cur_path, paths_total, pending_total, pending_favs, map_size, unique_crashes, unique_hangs, max_depth, execs_per_sec
1619934315, 0, 0, 1, 1, 1, 1.62%, 0, 0, 1, 0.84
1619934320, 0, 0, 20, 20, 1, 2.30%, 0, 0, 2, 85.66
1619934325, 0, 0, 26, 26, 1, 2.31%, 0, 0, 2, 57.42
1619934336, 0, 0, 32, 32, 1, 2.35%, 0, 0, 2, 50.64
1619934341, 0, 0, 42, 42, 1, 2.40%, 0, 0, 2, 43.47
1619934346, 0, 0, 51, 51, 1, 2.42%, 0, 0, 2, 55.83
1619934351, 0, 0, 57, 57, 1, 2.44%, 0, 0, 2, 64.08
1619934356, 0, 0, 58, 58, 1, 2.44%, 0, 0, 2, 48.43
1619934366, 0, 0, 59, 59, 1, 2.44%, 0, 0, 2, 42.70
1619934371, 0, 0, 62, 62, 1, 2.45%, 0, 0, 2, 43.06
1619934377, 0, 0, 67, 67, 1, 2.48%, 0, 0, 2, 243.15
1619934382, 0, 0, 71, 71, 1, 2.48%, 0, 0, 2, 44.07
1619934402, 0, 0, 73, 73, 1, 2.48%, 0, 0, 2, 49.01
1619934412, 0, 0, 78, 78, 1, 2.49%, 0, 0, 2, 49.28
1619934417, 0, 0, 87, 87, 1, 2.55%, 0, 0, 2, 263.39
1619934423, 0, 0, 92, 92, 1, 2.56%, 0, 0, 2, 42.14
1619934433, 0, 0, 94, 94, 1, 2.56%, 0, 0, 2, 41.17
1619934443, 0, 0, 96, 96, 1, 2.56%, 0, 0, 2, 54.12
1619934464, 0, 0, 97, 97, 1, 2.56%, 0, 0, 2, 42.61
1619934505, 0, 0, 98, 98, 1, 2.56%, 0, 0, 2, 41.00
1619934515, 0, 0, 100, 100, 1, 2.57%, 0, 0, 2, 48.70
1619934536, 0, 0, 101, 101, 1, 2.57%, 0, 0, 2, 39.32
1619934546, 0, 0, 102, 102, 1, 2.57%, 0, 0, 2, 38.03
1619934556, 0, 0, 103, 103, 1, 2.57%, 0, 0, 2, 42.08
1619934561, 0, 0, 104, 104, 1, 2.57%, 0, 0, 2, 38.64
1619934592, 0, 0, 105, 105, 1, 2.57%, 0, 0, 2, 54.09
1619934623, 0, 0, 111, 111, 1, 2.58%, 0, 0, 2, 73.32
1619934628, 0, 0, 115, 115, 1, 2.58%, 0, 0, 2, 49.44
1619934633, 0, 0, 116, 116, 1, 2.58%, 0, 0, 2, 45.11
1619934638, 0, 0, 118, 118, 1, 2.58%, 0, 0, 2, 46.08
1619934644, 0, 0, 122, 122, 1, 2.59%, 0, 0, 2, 104.81
1619934654, 0, 0, 123, 123, 1, 2.60%, 0, 0, 2, 57.43
1619934710, 0, 0, 124, 124, 1, 2.60%, 0, 0, 2, 63.46
1619934721, 0, 0, 127, 127, 1, 2.60%, 0, 0, 2, 204.64
1619934807, 0, 0, 128, 128, 1, 2.60%, 0, 0, 2, 57.90
1619934812, 0, 0, 129, 129, 1, 2.60%, 0, 0, 2, 79.15
1619934828, 0, 0, 131, 131, 1, 2.60%, 0, 0, 2, 59.61
1619934843, 0, 0, 148, 148, 1, 2.64%, 0, 0, 2, 234.28
1619934848, 0, 0, 150, 150, 1, 2.64%, 0, 0, 2, 186.85
1619934853, 0, 0, 155, 155, 1, 2.64%, 0, 0, 2, 160.98
1619934858, 0, 0, 156, 156, 1, 2.64%, 0, 0, 2, 70.49
1619934863, 0, 0, 157, 157, 1, 2.64%, 0, 0, 2, 48.61
1619934868, 0, 0, 162, 162, 1, 2.65%, 0, 0, 2, 51.72
1619934874, 0, 0, 163, 163, 1, 2.65%, 0, 0, 2, 51.11
1619934879, 0, 0, 164, 164, 1, 2.65%, 0, 0, 2, 63.36
1619934889, 0, 0, 165, 165, 1, 2.66%, 0, 0, 2, 67.20
1619934899, 0, 0, 166, 166, 1, 2.66%, 0, 0, 2, 94.55
1619934904, 0, 0, 167, 167, 1, 2.66%, 0, 0, 2, 111.57
1619934909, 0, 0, 168, 168, 1, 2.67%, 0, 0, 2, 78.28
1619934914, 0, 0, 170, 170, 1, 2.67%, 0, 0, 2, 49.48
1619934971, 0, 0, 171, 171, 1, 2.67%, 0, 0, 2, 41.06
1619935083, 0, 0, 172, 172, 1, 2.67%, 0, 0, 2, 43.89
1619935124, 0, 0, 173, 173, 1, 2.67%, 0, 0, 2, 41.81
1619935139, 0, 0, 174, 174, 1, 2.69%, 0, 0, 2, 58.65
1619935149, 0, 0, 175, 175, 1, 2.69%, 0, 0, 2, 83.57
1619935160, 0, 0, 177, 177, 1, 2.69%, 0, 0, 2, 40.71
1619935231, 0, 0, 178, 178, 1, 2.70%, 0, 0, 2, 45.06
1619935277, 0, 0, 179, 179, 1, 2.70%, 0, 0, 2, 53.94
1619935282, 0, 0, 181, 181, 1, 2.71%, 0, 0, 2, 47.60
1619935287, 0, 0, 182, 182, 1, 2.71%, 0, 0, 2, 47.20
1619935297, 0, 0, 183, 183, 1, 2.71%, 0, 0, 2, 123.40
1619935302, 0, 0, 184, 184, 1, 2.71%, 0, 0, 2, 108.28
1619935364, 0, 0, 186, 186, 1, 2.72%, 0, 0, 2, 408.47
1619935374, 0, 0, 191, 191, 1, 2.72%, 0, 0, 2, 262.55
1619935379, 0, 0, 208, 208, 1, 2.77%, 1, 0, 2, 80.61
1619935384, 0, 0, 216, 216, 1, 2.79%, 1, 0, 2, 141.31
1619935390, 0, 0, 222, 222, 1, 2.79%, 1, 0, 2, 150.15
1619935410, 0, 0, 223, 223, 1, 2.79%, 1, 0, 2, 171.82
1619935415, 0, 0, 225, 225, 1, 2.79%, 1, 0, 2, 166.85
1619935420, 0, 0, 226, 226, 1, 2.79%, 1, 0, 2, 161.87
1619935466, 0, 0, 228, 228, 1, 2.79%, 1, 0, 2, 43.12
1619935471, 0, 0, 229, 229, 1, 2.81%, 1, 0, 2, 41.91
1619935476, 0, 0, 230, 230, 1, 2.82%, 1, 0, 2, 41.85
1619935481, 0, 0, 232, 232, 1, 2.82%, 1, 0, 2, 40.61
1619935793, 0, 0, 233, 233, 1, 2.82%, 1, 0, 2, 40.71
1619935798, 0, 0, 234, 234, 1, 2.82%, 1, 0, 2, 40.96
1619936639, 0, 0, 235, 235, 1, 2.82%, 1, 0, 2, 41.53
1619936644, 0, 0, 237, 237, 1, 2.82%, 1, 0, 2, 40.15
1619936654, 0, 0, 238, 238, 1, 2.82%, 1, 0, 2, 43.13
1619937023, 0, 0, 239, 239, 1, 2.82%, 1, 0, 2, 37.95
1619937028, 0, 0, 241, 241, 1, 2.83%, 1, 0, 2, 37.44
1619937033, 0, 0, 242, 242, 1, 2.83%, 1, 0, 2, 38.62
1619937038, 0, 0, 243, 243, 1, 2.83%, 1, 0, 2, 38.67
1619937043, 0, 0, 245, 245, 1, 2.83%, 1, 0, 2, 38.55
1619937111, 0, 0, 246, 246, 1, 2.83%, 1, 0, 2, 36.62
1619937280, 0, 0, 247, 247, 1, 2.83%, 1, 0, 2, 37.01
1619937398, 0, 0, 249, 249, 1, 2.84%, 1, 0, 2, 36.51
1619937418, 0, 0, 250, 250, 1, 2.84%, 1, 0, 2, 35.35
1619937459, 0, 0, 251, 251, 1, 2.84%, 1, 0, 2, 40.79
1619937576, 0, 0, 253, 253, 1, 2.84%, 1, 0, 2, 41.74
1619937596, 0, 0, 254, 254, 1, 2.84%, 1, 0, 2, 41.49
1619937612, 0, 0, 255, 255, 1, 2.84%, 1, 0, 2, 40.97
1619937867, 0, 0, 256, 256, 1, 2.88%, 1, 0, 2, 139.67
1619938158, 0, 0, 266, 266, 1, 2.88%, 1, 0, 2, 87.67
1619938163, 0, 0, 272, 272, 1, 2.88%, 1, 0, 2, 130.51
1619938168, 0, 0, 278, 278, 1, 2.88%, 1, 0, 2, 139.94
1619938173, 0, 0, 288, 288, 1, 2.89%, 1, 0, 2, 114.56
1619938178, 0, 0, 290, 290, 1, 2.89%, 1, 0, 2, 136.65
1619938184, 0, 0, 299, 299, 1, 2.89%, 1, 0, 2, 122.35
1619938189, 0, 0, 304, 304, 1, 2.89%, 1, 0, 2, 119.85
1619938194, 0, 0, 310, 310, 1, 2.89%, 1, 0, 2, 149.05
1619938199, 0, 0, 314, 314, 1, 2.89%, 1, 0, 2, 153.45
1619938204, 0, 0, 317, 317, 1, 2.90%, 1, 0, 2, 139.88
1619938209, 0, 0, 319, 319, 1, 2.90%, 1, 0, 2, 128.90
1619938214, 0, 0, 322, 322, 1, 2.90%, 1, 0, 2, 117.71
1619938219, 0, 0, 325, 325, 1, 2.90%, 1, 0, 2, 112.09
1619938225, 0, 0, 327, 327, 1, 2.90%, 1, 0, 2, 116.54
1619938230, 0, 0, 328, 328, 1, 2.90%, 1, 0, 2, 136.39
1619938235, 0, 0, 330, 330, 1, 2.90%, 1, 0, 2, 120.31
1619938240, 0, 0, 332, 332, 1, 2.90%, 1, 0, 2, 116.15
1619938260, 0, 0, 334, 334, 1, 2.90%, 1, 0, 2, 125.97
1619938265, 0, 0, 335, 335, 1, 2.90%, 1, 0, 2, 118.01
1619938270, 0, 0, 338, 338, 1, 2.90%, 1, 0, 2, 118.54
1619938276, 0, 0, 339, 339, 1, 2.90%, 1, 0, 2, 121.32
1619938281, 0, 0, 340, 340, 1, 2.90%, 1, 0, 2, 115.85
1619938296, 0, 1, 341, 340, 80, 2.90%, 1, 0, 2, 171.37
1619938392, 0, 3, 341, 339, 79, 2.90%, 1, 0, 2, 188.35
1619938539, 0, 3, 342, 340, 79, 2.90%, 1, 0, 3, 197.31
1619938549, 0, 3, 344, 342, 79, 2.90%, 1, 0, 3, 160.66
1619938554, 0, 3, 345, 343, 79, 2.90%, 1, 0, 3, 166.59
1619938671, 0, 3, 346, 344, 79, 2.90%, 1, 0, 3, 170.93
1619938697, 0, 3, 347, 345, 79, 2.91%, 2, 0, 3, 182.43
1619938732, 0, 3, 348, 346, 79, 2.91%, 2, 0, 3, 157.39
1619939285, 0, 3, 350, 348, 79, 2.91%, 2, 0, 3, 153.56
1619939381, 0, 3, 351, 349, 79, 2.91%, 2, 0, 3, 208.40
1619939386, 0, 13, 351, 348, 81, 2.91%, 2, 0, 3, 218.71
1619939391, 0, 13, 355, 352, 81, 2.91%, 2, 0, 3, 132.50
1619939412, 0, 13, 356, 353, 81, 3.02%, 2, 0, 3, 360.25
1619939432, 0, 13, 356, 353, 81, 3.02%, 3, 0, 3, 188.29
1619939437, 0, 13, 357, 354, 81, 3.02%, 3, 0, 3, 177.77
1619939468, 0, 13, 358, 355, 81, 3.02%, 3, 0, 3, 161.69
1619939586, 0, 13, 359, 356, 81, 3.02%, 3, 0, 3, 280.69
1619939591, 0, 16, 359, 355, 80, 3.02%, 3, 0, 3, 255.45
1619939703, 0, 27, 359, 354, 79, 3.02%, 3, 0, 3, 59.73
1619940174, 0, 27, 360, 355, 79, 3.02%, 3, 0, 3, 191.21
1619940687, 0, 27, 360, 355, 79, 3.02%, 4, 0, 3, 219.60
1619943175, 0, 40, 360, 354, 78, 3.02%, 4, 0, 3, 71.42
1619943673, 0, 40, 361, 355, 78, 3.02%, 4, 0, 3, 264.44
1619944190, 0, 40, 362, 356, 78, 3.03%, 4, 0, 3, 193.91
1619944195, 0, 40, 363, 357, 78, 3.03%, 4, 0, 3, 160.44
1619944276, 0, 40, 364, 358, 78, 3.03%, 4, 0, 3, 38.88
1619945998, 0, 40, 365, 359, 78, 3.03%, 4, 0, 3, 42.63
1619946893, 0, 40, 366, 360, 78, 3.03%, 4, 0, 3, 98.00
1619946898, 0, 40, 367, 361, 78, 3.03%, 4, 0, 3, 120.70
1619946958, 0, 42, 367, 360, 79, 3.03%, 4, 0, 3, 189.70
1619946983, 0, 42, 368, 361, 79, 3.03%, 4, 0, 3, 187.31
1619947937, 0, 42, 369, 362, 79, 3.03%, 4, 0, 3, 182.27
1619947942, 0, 45, 369, 361, 78, 3.03%, 4, 0, 3, 171.63
1619948029, 0, 45, 370, 362, 78, 3.03%, 4, 0, 3, 186.77
1619948894, 0, 45, 370, 362, 78, 3.03%, 5, 0, 3, 188.45
1619950948, 0, 45, 371, 363, 78, 3.04%, 5, 0, 3, 41.53
1619951087, 0, 45, 372, 364, 78, 3.04%, 5, 0, 3, 42.48
1619951395, 0, 45, 373, 365, 78, 3.04%, 5, 0, 3, 91.40
1619951400, 0, 48, 373, 364, 78, 3.04%, 5, 0, 3, 132.34
1619952230, 0, 48, 374, 365, 78, 3.04%, 5, 0, 3, 175.30
1619952368, 0, 48, 376, 367, 78, 3.04%, 5, 0, 3, 226.42
1619952383, 0, 48, 378, 369, 78, 3.04%, 5, 0, 3, 224.87
1619952393, 0, 48, 379, 370, 78, 3.04%, 5, 0, 3, 223.06
1619952404, 0, 48, 380, 371, 78, 3.04%, 5, 0, 3, 210.57
1619952409, 0, 48, 382, 373, 78, 3.04%, 5, 0, 3, 224.02
1619952414, 0, 48, 384, 375, 78, 3.04%, 5, 0, 3, 228.64
1619952419, 0, 48, 385, 376, 78, 3.04%, 5, 0, 3, 233.48
1619952424, 0, 48, 387, 378, 78, 3.04%, 5, 0, 3, 233.07
1619952434, 0, 48, 389, 380, 78, 3.04%, 5, 0, 3, 226.42
1619952439, 0, 51, 390, 380, 77, 3.04%, 5, 0, 3, 175.29
1619952465, 0, 51, 391, 381, 77, 3.05%, 5, 0, 3, 173.46
1619952546, 0, 51, 393, 383, 77, 3.05%, 5, 0, 3, 176.14
1619952591, 0, 51, 394, 384, 77, 3.05%, 5, 0, 3, 198.73
1619952758, 0, 51, 394, 384, 77, 3.05%, 6, 0, 3, 182.06
1619952763, 0, 51, 395, 385, 77, 3.05%, 6, 0, 3, 161.42
1619953459, 0, 53, 395, 384, 77, 3.05%, 6, 0, 3, 237.13
1619953478, 0, 53, 396, 385, 77, 3.17%, 6, 0, 3, 0.26
1619953509, 0, 53, 398, 387, 77, 3.18%, 6, 0, 3, 174.02
1619953516, 0, 53, 399, 388, 77, 3.20%, 6, 0, 3, 0.30
1619953565, 0, 53, 400, 389, 77, 3.20%, 6, 0, 3, 160.81
1619953596, 0, 60, 401, 389, 76, 3.20%, 6, 0, 3, 57.69
1619957506, 0, 77, 401, 388, 75, 3.20%, 6, 0, 3, 97.12
1619958552, 0, 77, 402, 389, 75, 3.20%, 6, 0, 3, 159.94
1619960726, 0, 77, 403, 390, 75, 3.20%, 6, 0, 3, 38.81
1619961382, 0, 77, 404, 391, 75, 3.20%, 6, 0, 3, 91.27
1619961392, 0, 83, 404, 390, 75, 3.20%, 6, 0, 3, 142.88
1619961397, 0, 83, 406, 392, 75, 3.20%, 6, 0, 3, 172.99
1619961553, 0, 84, 407, 392, 76, 3.22%, 6, 0, 3, 227.16
1619961664, 0, 85, 408, 392, 75, 3.22%, 6, 0, 3, 273.80
1619961771, 0, 86, 408, 391, 75, 3.22%, 6, 0, 3, 273.36
1619961883, 0, 92, 408, 390, 74, 3.22%, 6, 0, 3, 49.68
1619961898, 0, 92, 409, 391, 74, 3.22%, 6, 0, 3, 44.92
1619962517, 0, 92, 410, 392, 74, 3.22%, 6, 0, 3, 41.49
1619962558, 0, 92, 410, 392, 74, 3.22%, 7, 0, 3, 230.08
1619963855, 0, 92, 411, 393, 74, 3.22%, 7, 0, 3, 42.08
1619965079, 0, 92, 412, 394, 74, 3.22%, 7, 0, 3, 125.38
1619965084, 0, 92, 413, 395, 74, 3.22%, 7, 0, 3, 157.19
1619965089, 0, 93, 413, 394, 74, 3.22%, 7, 0, 3, 133.05
1619965873, 0, 93, 414, 395, 74, 3.22%, 7, 0, 3, 68.09
1619966067, 0, 93, 414, 395, 74, 3.22%, 8, 0, 3, 191.48
1619968176, 0, 93, 415, 396, 74, 3.22%, 8, 0, 3, 41.46
1619968621, 0, 93, 416, 397, 74, 3.22%, 8, 0, 3, 101.89
1619968626, 0, 93, 417, 398, 74, 3.22%, 8, 0, 3, 119.44
1619968631, 0, 93, 418, 399, 74, 3.22%, 8, 0, 3, 116.68
1619968642, 0, 93, 419, 400, 74, 3.22%, 8, 0, 3, 135.50
1619968647, 0, 93, 420, 401, 74, 3.22%, 8, 0, 3, 137.91
1619968657, 0, 93, 421, 402, 74, 3.22%, 8, 0, 3, 127.25
1619968662, 0, 93, 422, 403, 74, 3.22%, 8, 0, 3, 128.23
1619968672, 0, 93, 423, 404, 74, 3.22%, 8, 0, 3, 119.05
1619968683, 0, 93, 424, 405, 74, 3.22%, 8, 0, 3, 127.54
1619968713, 0, 93, 425, 406, 74, 3.22%, 8, 0, 3, 129.60
1619968718, 0, 93, 426, 407, 74, 3.22%, 8, 0, 3, 128.97
1619968724, 0, 93, 427, 408, 74, 3.22%, 8, 0, 3, 121.56
1619968739, 0, 93, 428, 409, 74, 3.22%, 8, 0, 3, 121.34
1619968749, 0, 105, 428, 408, 73, 3.22%, 8, 0, 3, 153.86
1619968785, 0, 105, 428, 408, 73, 3.22%, 9, 0, 3, 208.77
1619968856, 0, 106, 428, 407, 72, 3.22%, 9, 0, 3, 220.56
1619968968, 0, 110, 428, 406, 71, 3.22%, 9, 0, 3, 242.77
1619969007, 0, 110, 429, 407, 71, 3.22%, 9, 0, 3, 0.33
1619969207, 0, 112, 429, 406, 71, 3.22%, 9, 0, 3, 250.90
1619969320, 0, 112, 430, 407, 71, 3.22%, 9, 0, 3, 48.40
1619969443, 0, 112, 431, 408, 71, 3.22%, 9, 0, 3, 46.80
1619969976, 0, 112, 431, 408, 71, 3.22%, 10, 0, 3, 218.41
1619972335, 0, 121, 431, 407, 70, 3.22%, 10, 0, 3, 210.83
1619972350, 0, 121, 432, 408, 70, 3.23%, 10, 0, 3, 8.13
1619972433, 0, 121, 433, 409, 70, 3.23%, 10, 0, 3, 41.34
1619972505, 0, 122, 433, 408, 70, 3.23%, 10, 0, 3, 79.70
1619972729, 0, 122, 434, 409, 70, 3.23%, 10, 0, 3, 60.29
1619973226, 0, 122, 434, 409, 70, 3.23%, 11, 0, 3, 203.63
1619975660, 0, 131, 434, 408, 70, 3.23%, 11, 0, 3, 126.11
1619975670, 0, 131, 435, 409, 70, 3.23%, 11, 0, 3, 208.47
1619975696, 0, 131, 436, 410, 70, 3.23%, 11, 0, 3, 2.05
1619975767, 0, 133, 436, 409, 69, 3.23%, 11, 0, 3, 269.87
1619975803, 0, 133, 437, 410, 69, 3.23%, 11, 0, 3, 193.72
1619975854, 0, 133, 438, 411, 69, 3.23%, 11, 0, 3, 183.50
1619975882, 0, 133, 439, 412, 69, 3.23%, 11, 0, 3, 318.32
1619975887, 0, 136, 439, 411, 68, 3.23%, 11, 0, 3, 248.29
1619975988, 0, 136, 440, 412, 68, 3.23%, 11, 0, 3, 180.53
1619976039, 0, 136, 441, 413, 68, 3.41%, 11, 0, 3, 222.18
1619976395, 0, 136, 442, 414, 68, 3.41%, 11, 0, 3, 238.61
1619976400, 0, 136, 443, 415, 68, 3.41%, 11, 0, 3, 255.15
1619976412, 0, 136, 445, 417, 68, 3.41%, 11, 0, 3, 260.85
1619976423, 0, 136, 446, 418, 68, 3.41%, 11, 0, 3, 14.71
1619976443, 0, 139, 446, 417, 67, 3.41%, 11, 0, 3, 249.13
1619976479, 0, 139, 447, 418, 67, 3.41%, 11, 0, 3, 184.08
1619976550, 0, 139, 448, 419, 67, 3.41%, 11, 0, 3, 250.83
1619976555, 0, 151, 448, 418, 68, 3.41%, 11, 0, 3, 315.21
1619977042, 0, 154, 448, 417, 67, 3.41%, 11, 0, 3, 229.96
1619977123, 0, 154, 450, 419, 67, 3.41%, 11, 0, 3, 178.53
1619977549, 0, 157, 450, 418, 66, 3.41%, 11, 0, 3, 121.78
1619978322, 0, 157, 451, 419, 66, 3.46%, 11, 0, 3, 173.83
1619979584, 0, 157, 452, 420, 66, 3.46%, 11, 0, 3, 42.02
1619980829, 0, 159, 452, 419, 66, 3.46%, 11, 0, 3, 99.02
1619981359, 0, 159, 453, 420, 66, 3.46%, 11, 0, 3, 59.08
1619981549, 0, 159, 453, 420, 66, 3.46%, 12, 0, 3, 208.43
1619984084, 0, 173, 453, 419, 66, 3.46%, 12, 0, 3, 105.24
1619984105, 0, 173, 454, 420, 66, 3.46%, 12, 0, 3, 39.32
1619984862, 0, 173, 455, 421, 66, 3.46%, 12, 0, 3, 45.64
1619984970, 0, 173, 456, 422, 66, 3.46%, 12, 0, 3, 100.85
1619985011, 0, 173, 457, 423, 66, 3.46%, 13, 0, 3, 174.39
1619985108, 0, 173, 458, 424, 66, 3.47%, 13, 0, 3, 41.45
1619986473, 0, 173, 459, 425, 66, 3.47%, 13, 0, 3, 42.65
1619987527, 0, 179, 459, 424, 67, 3.47%, 13, 0, 3, 102.46
1619987553, 0, 179, 460, 425, 67, 3.47%, 13, 0, 3, 37.81
1619990844, 0, 179, 461, 426, 67, 3.47%, 13, 0, 3, 37.76
1619990849, 0, 179, 462, 427, 67, 3.47%, 13, 0, 3, 42.31
1619991378, 0, 180, 462, 426, 67, 3.47%, 13, 0, 3, 69.35
1619991429, 0, 180, 463, 427, 67, 3.47%, 13, 0, 3, 36.77
1619994716, 0, 180, 464, 428, 67, 3.47%, 13, 0, 3, 38.39
1619995247, 0, 181, 464, 427, 67, 3.47%, 13, 0, 3, 100.74
1619996414, 0, 181, 465, 428, 67, 3.47%, 13, 0, 3, 37.58
1619998583, 0, 181, 466, 429, 67, 3.47%, 13, 0, 3, 37.05
1619999080, 0, 181, 467, 430, 67, 3.47%, 13, 0, 3, 84.03
1619999095, 0, 181, 468, 431, 67, 3.47%, 13, 0, 3, 116.34
1619999100, 0, 181, 469, 432, 67, 3.47%, 13, 0, 3, 123.00
1619999121, 0, 181, 470, 433, 67, 3.48%, 13, 0, 3, 123.33
1619999136, 0, 181, 471, 434, 67, 3.48%, 13, 0, 3, 127.07
1619999146, 0, 181, 472, 435, 67, 3.48%, 13, 0, 3, 120.43
1619999156, 0, 185, 472, 434, 67, 3.48%, 13, 0, 3, 188.09
1619999181, 0, 185, 473, 435, 67, 3.48%, 13, 0, 3, 0.54
1619999302, 0, 185, 474, 436, 67, 3.48%, 13, 0, 3, 2.61
1619999329, 0, 185, 475, 437, 67, 3.48%, 13, 0, 3, 2.57
1619999372, 0, 197, 475, 436, 66, 3.48%, 13, 0, 3, 224.37
1619999388, 0, 197, 476, 437, 66, 3.48%, 13, 0, 3, 165.03
1619999540, 0, 197, 477, 438, 66, 3.48%, 13, 0, 3, 176.48
1619999693, 0, 197, 478, 439, 66, 3.49%, 13, 0, 3, 1.14
1620000419, 0, 197, 479, 440, 66, 3.49%, 13, 0, 3, 226.03
1620000424, 0, 197, 481, 442, 66, 3.49%, 13, 0, 3, 236.18
1620000429, 0, 197, 482, 443, 66, 3.49%, 13, 0, 3, 226.64
1620000459, 0, 197, 483, 444, 66, 3.49%, 13, 0, 3, 223.15
1620000470, 0, 228, 484, 444, 66, 3.49%, 13, 0, 3, 130.80
1620000557, 0, 228, 485, 445, 66, 3.49%, 13, 0, 3, 228.01
1620001343, 0, 228, 486, 446, 66, 3.49%, 13, 0, 3, 2.58
1620001440, 0, 228, 486, 446, 66, 3.49%, 14, 0, 3, 194.17
1620003232, 0, 228, 487, 447, 66, 3.49%, 14, 0, 3, 38.51
1620003938, 0, 228, 488, 448, 66, 3.49%, 14, 0, 3, 124.84
1620004070, 0, 229, 488, 447, 66, 3.49%, 14, 0, 3, 95.04
1620004075, 0, 229, 489, 448, 66, 3.49%, 14, 0, 3, 52.90
1620004239, 0, 229, 490, 449, 66, 3.50%, 14, 0, 3, 41.64
1620005139, 0, 229, 491, 450, 66, 3.50%, 14, 0, 3, 97.56
1620005144, 0, 229, 491, 450, 66, 3.50%, 15, 0, 3, 140.47
1620006702, 0, 229, 492, 451, 66, 3.50%, 15, 0, 3, 43.41
1620007945, 0, 246, 492, 450, 68, 3.50%, 15, 0, 3, 118.88
1620012562, 0, 246, 494, 452, 68, 3.50%, 15, 0, 3, 43.79
1620012919, 0, 247, 494, 451, 68, 3.50%, 15, 0, 3, 108.42
1620013889, 0, 247, 494, 451, 68, 3.50%, 16, 0, 3, 291.01
1620016202, 0, 247, 495, 452, 68, 3.50%, 16, 0, 3, 42.90
1620016560, 0, 248, 495, 451, 67, 3.50%, 16, 0, 3, 108.47
1620017603, 0, 248, 495, 451, 67, 3.50%, 17, 0, 3, 225.69
1620020380, 0, 250, 495, 450, 66, 3.50%, 17, 0, 3, 99.24
1620021235, 0, 250, 495, 450, 66, 3.50%, 18, 0, 3, 231.08
