# unix_time, cycles_done, cur_path, paths_total, pending_total, pending_favs, map_size, unique_crashes, unique_hangs, max_depth, execs_per_sec
1629351064, 0, 0, 1, 1, 1, 0.46%, 0, 0, 1, 373.83
1629351069, 0, 0, 35, 35, 1, 0.84%, 0, 0, 2, 579.42
1629351074, 0, 0, 42, 42, 1, 0.89%, 0, 0, 2, 488.19
1629351079, 0, 0, 47, 47, 1, 0.89%, 0, 0, 2, 312.35
1629351094, 0, 0, 48, 48, 1, 0.89%, 0, 0, 2, 230.45
1629351104, 0, 0, 49, 49, 1, 0.89%, 0, 0, 2, 237.14
1629351115, 0, 0, 54, 54, 1, 0.91%, 0, 0, 2, 271.68
1629351120, 0, 0, 55, 55, 1, 0.91%, 0, 0, 2, 256.06
1629351135, 0, 0, 58, 58, 1, 0.91%, 0, 0, 2, 284.94
1629351160, 0, 0, 62, 62, 1, 0.92%, 0, 0, 2, 349.65
1629351165, 0, 0, 76, 76, 1, 0.94%, 0, 0, 2, 310.59
1629351171, 0, 0, 81, 81, 1, 0.95%, 0, 0, 2, 259.55
1629351221, 0, 0, 82, 82, 1, 0.96%, 0, 0, 2, 234.81
1629351231, 0, 0, 83, 83, 1, 0.96%, 0, 0, 2, 224.32
1629351241, 0, 0, 85, 85, 1, 0.97%, 0, 0, 2, 223.54
1629351251, 0, 0, 87, 87, 1, 0.97%, 0, 0, 2, 236.07
1629351256, 0, 0, 89, 89, 1, 0.97%, 0, 0, 2, 240.87
1629351271, 0, 0, 90, 90, 1, 0.98%, 0, 0, 2, 260.17
1629351282, 0, 0, 101, 101, 1, 1.01%, 1, 0, 2, 343.15
1629351287, 0, 0, 105, 105, 1, 1.02%, 1, 0, 2, 301.81
1629351317, 0, 0, 107, 107, 1, 1.03%, 1, 0, 2, 231.09
1629351373, 0, 0, 109, 109, 1, 1.03%, 1, 0, 2, 233.45
1629351657, 0, 0, 110, 110, 1, 1.03%, 1, 0, 2, 203.03
1629351738, 0, 0, 111, 111, 1, 1.06%, 1, 0, 2, 256.93
1629351789, 0, 0, 112, 112, 1, 1.06%, 1, 0, 2, 238.60
1629351794, 0, 0, 119, 119, 1, 1.07%, 1, 0, 2, 316.08
1629351799, 0, 0, 124, 124, 1, 1.07%, 1, 0, 2, 356.92
1629351804, 0, 0, 127, 127, 1, 1.07%, 1, 0, 2, 365.60
1629351809, 0, 0, 128, 128, 1, 1.07%, 1, 0, 2, 361.55
1629351824, 0, 0, 130, 130, 1, 1.07%, 1, 0, 2, 350.07
1629351829, 0, 0, 135, 135, 1, 1.07%, 1, 0, 2, 357.20
1629351834, 0, 0, 136, 136, 1, 1.07%, 1, 0, 2, 353.64
1629351840, 0, 0, 137, 137, 1, 1.07%, 1, 0, 2, 350.47
1629351855, 0, 0, 140, 140, 1, 1.07%, 1, 0, 2, 354.68
1629351865, 0, 0, 141, 141, 1, 1.11%, 1, 0, 2, 351.03
1629351875, 0, 0, 143, 143, 1, 1.11%, 1, 0, 2, 361.88
1629351886, 0, 3, 143, 142, 52, 1.11%, 1, 0, 2, 310.10
1629352040, 0, 3, 143, 142, 52, 1.11%, 2, 0, 2, 339.91
1629352434, 0, 3, 144, 143, 52, 1.12%, 2, 0, 3, 272.59
1629352449, 0, 7, 144, 142, 51, 1.12%, 2, 0, 3, 341.06
1629352454, 0, 7, 145, 143, 51, 1.12%, 2, 0, 3, 412.10
1629352511, 0, 8, 145, 142, 51, 1.12%, 2, 0, 3, 388.40
1629352531, 0, 8, 145, 142, 51, 1.12%, 3, 0, 3, 370.21
1629352577, 0, 9, 145, 141, 50, 1.12%, 3, 0, 3, 385.13
1629352638, 0, 9, 146, 142, 50, 1.12%, 3, 0, 3, 429.13
1629352648, 0, 18, 146, 141, 48, 1.12%, 3, 0, 3, 309.89
1629352831, 0, 18, 147, 142, 48, 1.13%, 4, 0, 3, 340.88
1629353349, 0, 19, 147, 141, 48, 1.13%, 4, 0, 3, 308.12
1629353430, 0, 19, 148, 142, 48, 1.13%, 4, 0, 3, 244.82
1629354037, 0, 20, 148, 141, 48, 1.13%, 4, 0, 3, 276.25
1629354113, 0, 20, 149, 142, 48, 1.19%, 4, 0, 3, 337.35
1629354726, 0, 20, 150, 143, 48, 1.19%, 4, 0, 3, 325.70
1629354731, 0, 20, 151, 144, 48, 1.19%, 4, 0, 3, 350.33
1629354741, 0, 20, 152, 145, 48, 1.19%, 4, 0, 3, 347.85
1629354746, 0, 20, 154, 147, 48, 1.19%, 4, 0, 3, 348.12
1629354761, 0, 20, 155, 148, 48, 1.19%, 4, 0, 3, 355.80
1629354771, 0, 20, 156, 149, 48, 1.19%, 4, 0, 3, 358.18
1629354781, 0, 20, 157, 150, 48, 1.19%, 4, 0, 3, 351.96
1629354786, 0, 20, 158, 151, 48, 1.19%, 4, 0, 3, 356.35
1629354791, 0, 21, 158, 150, 48, 1.19%, 4, 0, 3, 343.54
1629354976, 0, 21, 159, 151, 48, 1.19%, 4, 0, 3, 277.31
1629355346, 0, 21, 160, 152, 48, 1.19%, 4, 0, 3, 344.27
1629355361, 0, 22, 160, 151, 47, 1.19%, 4, 0, 3, 322.48
1629355376, 0, 22, 161, 152, 47, 1.19%, 4, 0, 3, 299.21
1629355407, 0, 22, 163, 154, 47, 1.19%, 4, 0, 3, 308.85
1629355427, 0, 22, 165, 156, 47, 1.19%, 4, 0, 3, 330.33
1629355518, 0, 22, 166, 157, 47, 1.19%, 5, 0, 3, 315.77
1629355523, 0, 22, 167, 158, 47, 1.19%, 5, 0, 3, 310.03
1629355929, 0, 23, 167, 157, 48, 1.19%, 5, 0, 3, 360.72
1629355949, 0, 23, 168, 158, 48, 1.19%, 5, 0, 3, 343.86
1629355990, 0, 24, 168, 157, 49, 1.19%, 5, 0, 3, 446.70
1629356000, 0, 24, 169, 158, 49, 1.23%, 5, 0, 3, 366.46
1629356010, 0, 24, 170, 159, 49, 1.24%, 5, 0, 3, 388.03
1629356016, 0, 24, 171, 160, 49, 1.24%, 5, 0, 3, 323.67
1629356056, 0, 24, 172, 161, 49, 1.24%, 5, 0, 3, 494.65
1629356061, 0, 24, 173, 162, 49, 1.24%, 5, 0, 3, 537.51
1629356071, 0, 24, 174, 163, 49, 1.24%, 5, 0, 3, 535.72
1629356087, 0, 24, 175, 164, 49, 1.24%, 5, 0, 3, 529.10
1629356097, 0, 27, 175, 163, 49, 1.24%, 5, 0, 3, 501.35
1629356746, 0, 28, 175, 162, 48, 1.24%, 5, 0, 3, 341.50
1629357441, 0, 28, 176, 163, 48, 1.24%, 5, 0, 3, 327.32
1629357446, 0, 33, 176, 162, 47, 1.24%, 5, 0, 3, 340.08
1629357512, 0, 35, 176, 161, 46, 1.24%, 5, 0, 3, 457.76
1629357685, 0, 35, 176, 161, 46, 1.24%, 6, 0, 3, 329.46
1629358166, 0, 37, 176, 160, 45, 1.24%, 6, 0, 3, 495.67
1629358187, 0, 38, 176, 159, 44, 1.24%, 6, 0, 3, 322.94
1629358355, 0, 38, 177, 160, 44, 1.24%, 6, 0, 3, 358.56
1629358795, 0, 39, 177, 159, 43, 1.24%, 6, 0, 3, 324.83
1629358821, 0, 39, 178, 160, 43, 1.24%, 6, 0, 3, 327.12
1629358862, 0, 40, 179, 160, 42, 1.24%, 6, 0, 3, 391.00
1629358872, 0, 40, 180, 161, 42, 1.24%, 6, 0, 3, 374.42
1629358928, 0, 42, 180, 160, 43, 1.24%, 6, 0, 3, 480.12
1629358959, 0, 42, 181, 161, 43, 1.24%, 6, 0, 3, 236.21
1629359116, 0, 42, 181, 161, 43, 1.24%, 7, 0, 3, 344.56
1629359152, 0, 42, 184, 164, 43, 1.25%, 7, 0, 3, 229.71
1629359594, 0, 42, 185, 165, 43, 1.25%, 7, 0, 3, 309.58
1629359599, 0, 45, 185, 164, 46, 1.25%, 7, 0, 3, 294.06
1629359740, 0, 45, 186, 165, 46, 1.25%, 7, 0, 3, 238.82
1629359766, 0, 45, 186, 165, 46, 1.25%, 8, 0, 3, 302.02
1629360246, 0, 46, 186, 164, 45, 1.25%, 8, 0, 3, 259.46
1629360271, 0, 46, 187, 165, 45, 1.25%, 8, 0, 3, 241.97
1629360291, 0, 46, 188, 166, 45, 1.25%, 8, 0, 3, 271.27
1629360428, 0, 46, 188, 166, 45, 1.25%, 9, 0, 3, 314.92
1629360909, 0, 49, 188, 165, 45, 1.25%, 9, 0, 3, 356.28
1629360934, 0, 49, 188, 165, 45, 1.25%, 10, 0, 3, 359.91
1629360980, 0, 50, 188, 164, 44, 1.25%, 10, 0, 3, 381.41
1629361011, 0, 50, 189, 165, 44, 1.25%, 10, 0, 3, 309.39
1629361041, 0, 51, 189, 164, 43, 1.25%, 10, 0, 3, 385.17
1629361087, 0, 51, 190, 165, 43, 1.25%, 10, 0, 3, 272.90
1629361214, 0, 51, 190, 165, 43, 1.25%, 11, 0, 3, 310.56
1629361696, 0, 51, 192, 167, 43, 1.25%, 11, 0, 3, 331.70
1629361701, 0, 51, 193, 168, 43, 1.25%, 11, 0, 3, 351.34
1629361716, 0, 52, 193, 167, 42, 1.25%, 11, 0, 3, 366.22
1629361782, 0, 53, 193, 166, 41, 1.25%, 11, 0, 3, 361.37
1629361858, 0, 54, 193, 165, 40, 1.25%, 11, 0, 3, 326.80
1629361904, 0, 54, 194, 166, 40, 1.25%, 11, 0, 3, 251.92
1629361980, 0, 54, 195, 167, 40, 1.25%, 11, 0, 3, 220.01
1629362021, 0, 54, 195, 167, 40, 1.25%, 12, 0, 3, 310.38
1629362117, 0, 54, 196, 168, 40, 1.25%, 12, 0, 3, 225.39
1629362507, 0, 61, 196, 167, 39, 1.25%, 12, 0, 3, 329.45
1629362533, 0, 61, 197, 168, 39, 1.25%, 12, 0, 3, 322.94
1629362558, 0, 61, 198, 169, 39, 1.25%, 12, 0, 3, 303.98
1629362588, 0, 65, 199, 169, 38, 1.25%, 12, 0, 3, 342.09
1629362649, 0, 65, 200, 170, 38, 1.25%, 12, 0, 3, 445.64
1629362654, 0, 66, 200, 169, 39, 1.25%, 12, 0, 3, 365.91
1629362675, 0, 66, 201, 170, 39, 1.25%, 12, 0, 3, 349.20
1629362715, 0, 66, 202, 171, 39, 1.25%, 12, 0, 3, 431.14
1629362720, 0, 68, 202, 170, 39, 1.25%, 12, 0, 3, 385.63
1629362786, 0, 78, 202, 169, 38, 1.25%, 12, 0, 3, 277.95
1629362918, 0, 78, 203, 170, 38, 1.25%, 12, 0, 3, 245.64
1629362964, 0, 78, 204, 171, 38, 1.28%, 12, 0, 3, 335.28
1629363450, 0, 79, 204, 170, 37, 1.28%, 12, 0, 3, 274.35
1629363597, 0, 79, 205, 171, 37, 1.28%, 12, 0, 3, 239.03
1629363643, 0, 79, 205, 171, 37, 1.28%, 13, 0, 3, 306.85
1629364129, 0, 88, 205, 170, 37, 1.28%, 13, 0, 3, 246.86
1629364307, 0, 88, 205, 170, 37, 1.28%, 14, 0, 3, 308.52
1629364337, 0, 88, 206, 171, 37, 1.28%, 14, 0, 3, 229.89
1629364787, 0, 89, 206, 170, 36, 1.28%, 14, 0, 3, 341.47
1629364864, 0, 98, 210, 173, 35, 1.30%, 14, 0, 3, 277.32
1629364869, 0, 98, 211, 174, 35, 1.31%, 14, 0, 3, 241.07
1629364874, 0, 98, 212, 175, 35, 1.31%, 14, 0, 3, 233.78
1629364879, 0, 98, 213, 176, 35, 1.31%, 14, 0, 3, 266.27
1629364884, 0, 98, 215, 178, 35, 1.31%, 14, 0, 3, 262.03
1629364909, 0, 98, 218, 181, 35, 1.33%, 14, 0, 3, 253.66
1629364925, 0, 98, 219, 182, 35, 1.33%, 14, 0, 3, 282.03
1629364950, 0, 98, 226, 189, 35, 1.36%, 14, 0, 3, 278.13
1629364955, 0, 98, 230, 193, 35, 1.37%, 14, 0, 3, 280.15
1629364960, 0, 98, 233, 196, 35, 1.37%, 14, 0, 3, 290.99
1629365046, 0, 98, 235, 198, 35, 1.38%, 14, 0, 3, 334.97
1629365077, 0, 98, 237, 200, 35, 1.38%, 14, 0, 3, 257.88
1629365102, 0, 98, 242, 205, 35, 1.38%, 14, 0, 3, 245.49
1629365107, 0, 98, 245, 208, 35, 1.38%, 14, 0, 3, 286.84
1629365548, 0, 99, 245, 207, 42, 1.38%, 14, 0, 3, 304.17
1629366138, 0, 103, 245, 206, 41, 1.38%, 14, 0, 3, 318.06
1629366344, 0, 103, 247, 208, 41, 1.38%, 15, 0, 3, 274.12
1629366802, 0, 103, 248, 209, 41, 1.38%, 15, 0, 3, 336.29
1629366807, 0, 105, 248, 208, 43, 1.38%, 15, 0, 3, 283.81
1629366979, 0, 105, 248, 208, 43, 1.38%, 16, 0, 3, 363.44
1629367238, 0, 105, 249, 209, 43, 1.38%, 16, 0, 3, 226.09
1629367470, 0, 110, 249, 208, 42, 1.38%, 16, 0, 3, 310.37
1629367618, 0, 110, 250, 209, 42, 1.38%, 16, 0, 3, 282.17
1629367690, 0, 110, 251, 210, 42, 1.38%, 16, 0, 3, 278.56
1629368090, 0, 114, 251, 209, 42, 1.38%, 16, 0, 3, 351.51
1629368232, 0, 130, 257, 214, 42, 1.38%, 16, 0, 3, 346.19
1629368431, 0, 135, 257, 213, 42, 1.38%, 16, 0, 3, 365.25
1629368569, 0, 137, 257, 212, 41, 1.38%, 16, 0, 3, 260.29
1629368600, 0, 137, 259, 214, 41, 1.38%, 16, 0, 3, 213.93
1629369282, 0, 143, 259, 213, 41, 1.38%, 16, 0, 3, 309.30
1629369868, 0, 147, 259, 212, 40, 1.38%, 16, 0, 3, 298.31
1629370076, 0, 147, 259, 212, 40, 1.38%, 17, 0, 3, 321.47
1629370350, 0, 147, 260, 213, 40, 1.38%, 17, 0, 4, 203.36
1629370619, 0, 148, 260, 212, 39, 1.38%, 17, 0, 4, 242.26
1629370635, 0, 148, 262, 214, 39, 1.38%, 17, 0, 4, 276.31
1629370660, 0, 148, 264, 216, 39, 1.38%, 17, 0, 4, 269.67
1629370670, 0, 148, 266, 218, 39, 1.38%, 17, 0, 4, 283.29
1629370691, 0, 148, 267, 219, 39, 1.41%, 17, 0, 4, 315.60
1629370787, 0, 148, 271, 223, 39, 1.52%, 17, 0, 4, 281.35
1629371299, 0, 159, 272, 223, 41, 1.52%, 17, 0, 4, 319.33
1629371375, 0, 159, 273, 224, 41, 1.52%, 17, 0, 4, 187.72
1629371811, 0, 159, 275, 226, 41, 1.52%, 17, 0, 4, 357.33
1629371821, 0, 160, 275, 225, 41, 1.52%, 17, 0, 4, 361.51
1629371842, 0, 160, 275, 225, 41, 1.52%, 18, 0, 4, 352.01
1629371882, 0, 166, 275, 224, 40, 1.52%, 18, 0, 4, 333.94
1629372040, 0, 166, 275, 224, 40, 1.52%, 19, 0, 4, 342.62
1629372466, 0, 167, 275, 223, 39, 1.52%, 19, 0, 4, 333.55
1629372593, 0, 168, 275, 222, 38, 1.52%, 19, 0, 4, 335.00
1629372669, 0, 168, 278, 225, 38, 1.52%, 19, 0, 4, 427.26
1629372684, 0, 168, 279, 226, 38, 1.52%, 19, 0, 4, 498.88
1629372700, 0, 169, 279, 225, 37, 1.52%, 19, 0, 4, 415.55
1629372832, 0, 172, 282, 227, 36, 1.52%, 19, 0, 4, 349.04
1629372857, 0, 172, 283, 228, 36, 1.52%, 19, 0, 4, 371.46
1629372867, 0, 172, 284, 229, 36, 1.52%, 19, 0, 4, 355.73
1629372943, 0, 174, 284, 228, 36, 1.52%, 19, 0, 4, 425.03
1629372953, 0, 177, 285, 228, 35, 1.52%, 19, 0, 4, 413.10
1629372969, 0, 177, 286, 229, 35, 1.52%, 19, 0, 4, 357.41
1629373060, 0, 179, 287, 229, 35, 1.52%, 19, 0, 4, 430.58
1629373127, 0, 179, 288, 230, 35, 1.52%, 19, 0, 4, 457.25
1629373132, 0, 181, 290, 231, 34, 1.52%, 19, 0, 4, 291.92
1629373284, 0, 181, 290, 231, 34, 1.52%, 20, 0, 4, 342.67
1629373769, 0, 181, 291, 232, 34, 1.52%, 20, 0, 4, 330.38
1629373774, 0, 182, 291, 231, 33, 1.52%, 20, 0, 4, 259.34
1629373927, 0, 182, 291, 231, 33, 1.52%, 21, 0, 4, 309.93
1629374418, 0, 182, 292, 232, 33, 1.52%, 21, 0, 4, 275.02
1629374423, 0, 183, 292, 231, 32, 1.52%, 21, 0, 4, 329.69
1629374616, 0, 183, 292, 231, 32, 1.52%, 22, 0, 4, 329.45
1629375114, 0, 183, 293, 232, 32, 1.52%, 22, 0, 4, 309.87
1629375119, 0, 184, 293, 231, 32, 1.52%, 22, 0, 4, 321.47
1629375129, 0, 184, 294, 232, 32, 1.52%, 22, 0, 4, 296.05
1629375297, 0, 187, 294, 231, 32, 1.52%, 22, 0, 4, 320.70
1629375470, 0, 187, 294, 231, 32, 1.52%, 23, 0, 4, 311.61
1629375961, 0, 196, 295, 231, 32, 1.52%, 23, 0, 4, 335.68
1629375997, 0, 196, 296, 232, 32, 1.52%, 23, 0, 4, 348.06
1629376074, 0, 197, 296, 231, 31, 1.52%, 23, 0, 4, 398.42
1629376181, 0, 197, 297, 232, 31, 1.52%, 23, 0, 4, 412.14
1629376186, 0, 199, 300, 234, 30, 1.52%, 23, 0, 4, 370.31
1629376313, 0, 200, 301, 234, 30, 1.52%, 23, 0, 4, 360.66
1629376440, 0, 203, 301, 233, 29, 1.52%, 24, 0, 4, 338.81
1629376445, 0, 203, 301, 233, 29, 1.52%, 25, 0, 4, 258.77
1629376451, 0, 203, 301, 233, 29, 1.52%, 26, 0, 4, 236.87
1629376461, 0, 203, 301, 233, 29, 1.52%, 27, 0, 4, 258.79
1629376547, 0, 203, 301, 233, 29, 1.52%, 28, 0, 4, 258.51
1629376552, 0, 203, 302, 234, 29, 1.52%, 28, 0, 4, 263.84
1629376685, 0, 203, 302, 234, 29, 1.52%, 29, 0, 4, 219.69
1629376690, 0, 203, 302, 234, 29, 1.52%, 30, 0, 4, 213.24
1629376896, 0, 203, 302, 234, 29, 1.52%, 31, 0, 4, 221.46
1629376968, 0, 203, 302, 234, 29, 1.52%, 32, 0, 4, 217.08
1629377137, 0, 204, 302, 233, 29, 1.52%, 32, 0, 4, 292.85
1629377290, 0, 204, 302, 233, 29, 1.52%, 33, 0, 4, 334.62
1629377762, 0, 204, 303, 234, 29, 1.52%, 33, 0, 4, 245.18
1629377793, 0, 208, 303, 233, 29, 1.52%, 33, 0, 4, 284.12
1629377798, 0, 208, 304, 234, 29, 1.52%, 33, 0, 4, 258.62
1629378466, 0, 215, 304, 233, 28, 1.52%, 33, 0, 4, 331.61
1629378487, 0, 215, 304, 233, 28, 1.52%, 34, 0, 4, 359.88
1629378595, 0, 219, 304, 232, 27, 1.52%, 34, 0, 4, 307.27
1629379255, 0, 219, 305, 233, 27, 1.52%, 34, 0, 4, 342.74
1629379260, 0, 224, 305, 232, 27, 1.52%, 34, 0, 4, 330.10
1629379388, 0, 226, 305, 231, 26, 1.52%, 34, 0, 4, 364.58
1629379522, 0, 227, 307, 232, 25, 1.52%, 34, 0, 4, 361.98
1629379584, 0, 227, 308, 233, 25, 1.52%, 34, 0, 4, 298.42
1629379651, 0, 228, 308, 232, 25, 1.52%, 34, 0, 4, 427.55
1629379656, 0, 228, 309, 233, 25, 1.52%, 34, 0, 4, 351.71
1629379728, 0, 228, 310, 234, 25, 1.52%, 34, 0, 4, 301.47
1629379831, 0, 233, 310, 233, 24, 1.52%, 34, 0, 4, 268.72
1629380554, 0, 239, 310, 232, 23, 1.52%, 34, 0, 4, 291.69
1629381264, 0, 245, 310, 231, 22, 1.52%, 34, 0, 4, 326.54
1629381892, 0, 245, 311, 232, 22, 1.52%, 34, 0, 4, 325.55
1629381897, 0, 246, 311, 231, 21, 1.52%, 34, 0, 4, 284.86
1629382569, 0, 247, 312, 231, 20, 1.52%, 34, 0, 4, 265.25
1629382574, 0, 247, 313, 232, 20, 1.52%, 34, 0, 4, 251.85
1629382683, 0, 247, 314, 233, 20, 1.52%, 34, 0, 4, 277.12
1629383234, 0, 247, 316, 235, 20, 1.52%, 34, 0, 4, 245.48
1629383275, 0, 247, 318, 237, 20, 1.52%, 34, 0, 4, 345.05
1629383280, 0, 247, 319, 238, 20, 1.52%, 34, 0, 4, 354.41
1629383285, 0, 247, 320, 239, 20, 1.52%, 34, 0, 4, 362.15
1629383295, 0, 247, 321, 240, 20, 1.52%, 34, 0, 4, 366.04
1629383342, 0, 249, 321, 239, 19, 1.52%, 34, 0, 4, 302.51
1629383429, 0, 249, 322, 240, 19, 1.52%, 34, 0, 4, 294.05
1629383962, 0, 255, 322, 239, 19, 1.52%, 34, 0, 4, 324.16
1629384168, 0, 266, 322, 238, 18, 1.52%, 34, 0, 4, 353.21
1629384333, 0, 267, 322, 237, 17, 1.52%, 34, 0, 4, 357.28
1629384338, 0, 267, 325, 240, 17, 1.55%, 34, 0, 5, 273.25
1629384343, 0, 267, 326, 241, 17, 1.55%, 34, 0, 5, 258.14
1629384389, 0, 267, 331, 246, 17, 1.55%, 34, 0, 5, 259.69
1629384518, 0, 267, 333, 248, 17, 1.56%, 34, 0, 5, 262.66
1629384898, 0, 267, 336, 251, 17, 1.56%, 34, 0, 5, 213.79
1629384903, 0, 267, 337, 252, 17, 1.59%, 34, 0, 5, 247.96
1629384908, 0, 267, 339, 254, 17, 1.59%, 34, 0, 5, 250.16
1629384919, 0, 267, 340, 255, 17, 1.60%, 34, 0, 5, 248.49
1629384991, 0, 267, 342, 257, 17, 1.60%, 34, 0, 5, 344.60
1629385017, 0, 267, 343, 258, 17, 1.60%, 34, 0, 5, 353.42
1629385047, 0, 267, 344, 259, 17, 1.60%, 34, 0, 5, 343.63
1629385058, 0, 269, 344, 258, 24, 1.60%, 34, 0, 5, 285.59
1629385073, 0, 269, 345, 259, 24, 1.66%, 34, 0, 5, 279.51
1629385104, 0, 269, 346, 260, 24, 1.67%, 34, 0, 5, 259.13
1629385710, 0, 272, 346, 259, 25, 1.67%, 34, 0, 5, 348.60
1629386253, 0, 278, 346, 258, 24, 1.67%, 34, 0, 5, 349.13
1629386417, 0, 278, 347, 259, 24, 1.67%, 34, 0, 5, 436.13
1629386422, 0, 282, 347, 258, 23, 1.67%, 34, 0, 5, 385.60
1629386474, 0, 282, 348, 259, 23, 1.67%, 34, 0, 5, 293.48
1629386530, 0, 282, 349, 260, 23, 1.67%, 34, 0, 5, 363.30
1629386535, 0, 282, 351, 262, 23, 1.67%, 34, 0, 5, 475.12
1629386541, 0, 282, 352, 263, 23, 1.67%, 34, 0, 5, 492.84
1629386551, 0, 282, 353, 264, 23, 1.67%, 34, 0, 5, 499.90
1629386556, 0, 282, 354, 265, 23, 1.67%, 34, 0, 5, 495.06
1629386571, 0, 282, 356, 267, 23, 1.67%, 34, 0, 5, 494.53
1629386597, 0, 284, 356, 266, 23, 1.67%, 34, 0, 5, 435.27
1629386709, 0, 292, 356, 265, 22, 1.67%, 34, 0, 5, 290.35
1629386882, 0, 292, 356, 265, 22, 1.67%, 35, 0, 5, 308.51
1629387374, 0, 292, 357, 266, 22, 1.67%, 35, 0, 5, 359.12
1629387379, 0, 293, 357, 265, 21, 1.67%, 35, 0, 5, 335.27
1629387562, 0, 293, 358, 266, 21, 1.67%, 35, 0, 5, 419.89
1629387567, 0, 294, 358, 265, 20, 1.67%, 35, 0, 5, 402.37
1629387608, 0, 294, 359, 266, 20, 1.67%, 35, 0, 5, 213.96
1629388293, 0, 294, 360, 267, 20, 1.67%, 35, 0, 5, 320.22
1629388308, 0, 298, 360, 266, 20, 1.67%, 35, 0, 5, 347.93
1629388440, 0, 301, 360, 265, 19, 1.67%, 35, 0, 5, 283.37
1629389141, 0, 302, 360, 264, 18, 1.67%, 35, 0, 5, 313.71
1629389709, 0, 302, 361, 265, 18, 1.67%, 35, 0, 5, 358.73
1629389714, 0, 304, 361, 264, 17, 1.67%, 35, 0, 5, 373.13
1629389851, 0, 306, 361, 263, 16, 1.67%, 35, 0, 5, 360.50
1629389983, 0, 321, 361, 262, 15, 1.67%, 35, 0, 5, 381.31
1629390090, 0, 321, 362, 263, 15, 1.67%, 35, 0, 5, 281.44
1629390608, 0, 322, 362, 262, 14, 1.67%, 35, 0, 5, 271.09
1629391345, 0, 323, 362, 261, 13, 1.67%, 35, 0, 5, 275.87
1629391906, 0, 323, 364, 263, 13, 1.67%, 35, 0, 6, 238.10
1629391999, 0, 331, 364, 262, 12, 1.67%, 35, 0, 6, 284.03
1629392563, 0, 331, 365, 263, 12, 1.67%, 35, 0, 6, 242.95
1629392654, 0, 332, 365, 262, 12, 1.67%, 35, 0, 6, 293.42
1629393213, 0, 332, 366, 263, 12, 1.68%, 35, 0, 6, 244.10
1629393229, 0, 332, 367, 264, 12, 1.68%, 35, 0, 6, 250.52
1629393299, 0, 336, 367, 263, 13, 1.68%, 35, 0, 6, 292.67
1629393304, 0, 336, 368, 264, 13, 1.68%, 35, 0, 6, 242.65
1629393502, 0, 336, 369, 265, 13, 1.68%, 36, 0, 6, 228.67
1629393862, 0, 336, 370, 266, 13, 1.68%, 36, 0, 6, 212.28
1629393898, 0, 336, 371, 267, 13, 1.69%, 36, 0, 6, 234.08
1629393908, 0, 336, 372, 268, 13, 1.69%, 36, 0, 6, 241.40
1629393933, 0, 336, 374, 270, 13, 1.69%, 36, 0, 6, 216.52
1629393964, 0, 336, 375, 271, 13, 1.69%, 36, 0, 6, 207.23
1629394050, 0, 339, 375, 270, 15, 1.69%, 36, 0, 6, 327.13
1629394090, 0, 339, 376, 271, 15, 1.70%, 36, 0, 6, 240.52
1629394228, 0, 339, 377, 272, 15, 1.70%, 36, 0, 6, 246.49
1629394730, 0, 340, 377, 271, 15, 1.70%, 36, 0, 6, 318.71
1629395420, 0, 344, 377, 270, 14, 1.70%, 36, 0, 6, 244.21
1629396131, 0, 345, 377, 269, 13, 1.70%, 36, 0, 6, 339.89
1629396232, 0, 349, 378, 269, 12, 1.70%, 36, 0, 6, 355.18
1629396395, 0, 349, 379, 270, 12, 1.70%, 36, 0, 6, 400.81
1629396405, 0, 358, 379, 269, 11, 1.70%, 36, 0, 6, 271.75
1629397152, 0, 358, 380, 270, 11, 1.70%, 36, 0, 6, 335.94
1629397167, 0, 360, 380, 269, 10, 1.70%, 36, 0, 6, 291.52
1629397733, 0, 360, 381, 270, 10, 1.70%, 36, 0, 6, 354.42
1629397738, 0, 364, 381, 269, 10, 1.70%, 36, 0, 6, 361.22
1629397749, 0, 364, 382, 270, 10, 1.70%, 36, 0, 7, 257.42
1629398397, 0, 365, 382, 269, 9, 1.70%, 36, 0, 7, 319.14
1629399041, 0, 366, 382, 268, 8, 1.70%, 36, 0, 7, 300.85
1629399695, 0, 366, 384, 270, 8, 1.71%, 36, 0, 7, 303.57
1629399705, 0, 366, 385, 271, 8, 1.71%, 36, 0, 7, 352.91
1629399767, 0, 368, 385, 270, 9, 1.71%, 36, 0, 7, 254.96
1629400508, 0, 370, 386, 270, 8, 1.71%, 36, 0, 7, 249.44
1629400554, 0, 370, 386, 270, 8, 1.71%, 37, 0, 7, 220.79
1629401239, 0, 373, 386, 269, 7, 1.71%, 37, 0, 7, 324.29
1629401296, 0, 373, 386, 269, 7, 1.71%, 38, 0, 7, 234.85
1629401865, 0, 373, 386, 269, 7, 1.71%, 39, 0, 7, 214.17
1629401993, 0, 374, 386, 268, 6, 1.71%, 39, 0, 7, 302.99
1629402038, 0, 374, 387, 269, 6, 1.71%, 39, 0, 7, 209.46
1629402511, 0, 374, 388, 270, 6, 1.71%, 39, 0, 7, 207.73
1629402551, 0, 374, 389, 271, 6, 1.71%, 39, 0, 7, 204.81
1629402643, 0, 374, 390, 272, 6, 1.71%, 39, 0, 7, 206.18
1629402663, 0, 374, 391, 273, 6, 1.71%, 39, 0, 7, 211.07
1629402744, 0, 374, 392, 274, 6, 1.71%, 39, 0, 7, 336.70
1629402754, 0, 375, 392, 273, 6, 1.71%, 39, 0, 7, 299.46
1629402800, 0, 375, 393, 274, 6, 1.71%, 39, 0, 7, 237.97
1629403449, 0, 382, 393, 273, 5, 1.71%, 39, 0, 7, 310.06
1629404019, 0, 382, 394, 274, 5, 1.71%, 39, 0, 8, 247.48
1629404112, 0, 383, 394, 273, 4, 1.71%, 39, 0, 8, 285.54
1629404600, 0, 383, 395, 274, 4, 1.71%, 39, 0, 8, 227.80
1629404637, 0, 383, 396, 275, 4, 1.71%, 39, 0, 8, 242.68
1629404802, 0, 386, 396, 274, 3, 1.71%, 39, 0, 8, 253.85
1629404848, 0, 386, 396, 274, 3, 1.71%, 40, 0, 8, 222.41
1629405443, 0, 386, 396, 274, 3, 1.71%, 41, 0, 8, 224.53
1629405540, 1, 15, 396, 273, 2, 1.71%, 41, 0, 8, 296.92
1629406275, 1, 26, 396, 272, 1, 1.71%, 41, 0, 8, 349.69
1629406377, 1, 198, 396, 271, 1, 1.71%, 41, 0, 8, 367.17
1629406443, 1, 201, 396, 270, 0, 1.71%, 41, 0, 8, 380.63
1629406509, 1, 202, 396, 269, 0, 1.71%, 41, 0, 8, 280.73
1629407084, 1, 202, 397, 270, 0, 1.71%, 41, 0, 8, 211.42
1629407195, 1, 202, 398, 271, 0, 1.71%, 41, 0, 8, 331.69
1629407200, 1, 209, 398, 270, 0, 1.71%, 41, 0, 8, 325.81
1629407880, 1, 210, 398, 269, 0, 1.71%, 41, 0, 8, 325.30
1629408527, 1, 212, 398, 268, 0, 1.71%, 41, 0, 8, 316.98
1629409204, 1, 218, 398, 267, 0, 1.71%, 41, 0, 8, 343.01
1629409337, 1, 221, 398, 266, 0, 1.71%, 41, 0, 8, 296.01
1629410046, 1, 228, 398, 265, 0, 1.71%, 41, 0, 8, 434.20
1629410051, 1, 229, 398, 265, 0, 1.71%, 41, 0, 8, 365.06
1629410246, 1, 230, 398, 264, 0, 1.71%, 41, 0, 8, 344.93
1629410383, 1, 234, 398, 263, 0, 1.71%, 41, 0, 8, 277.45
1629411054, 1, 235, 398, 262, 0, 1.71%, 41, 0, 8, 266.62
1629411734, 1, 295, 398, 261, 1, 1.71%, 41, 0, 8, 309.58
1629411882, 1, 295, 399, 262, 1, 1.71%, 41, 0, 8, 297.88
1629411897, 1, 295, 400, 263, 1, 1.71%, 41, 0, 8, 411.73
1629411902, 1, 295, 401, 264, 1, 1.71%, 41, 0, 8, 470.85
1629411907, 1, 295, 403, 266, 1, 1.71%, 41, 0, 8, 483.68
1629411922, 1, 295, 404, 267, 1, 1.71%, 41, 0, 8, 483.87
1629411948, 1, 303, 404, 266, 1, 1.71%, 41, 0, 8, 382.85
1629412075, 1, 303, 405, 267, 1, 1.71%, 41, 0, 8, 374.28
1629412080, 1, 303, 407, 269, 1, 1.71%, 41, 0, 8, 480.81
1629412111, 1, 310, 407, 268, 0, 1.71%, 41, 0, 8, 436.80
1629412197, 1, 318, 407, 267, 0, 1.71%, 41, 0, 8, 311.39
1629412902, 1, 318, 409, 269, 0, 1.71%, 41, 0, 8, 321.28
1629412907, 1, 318, 410, 270, 0, 1.71%, 41, 0, 8, 366.24
1629412912, 1, 318, 411, 271, 0, 1.71%, 41, 0, 8, 380.03
1629412917, 1, 318, 412, 272, 0, 1.71%, 41, 0, 8, 382.92
1629412968, 1, 320, 412, 271, 0, 1.71%, 41, 0, 8, 283.09
1629413136, 1, 320, 413, 272, 0, 1.71%, 41, 0, 8, 248.65
1629413227, 1, 320, 414, 273, 0, 1.71%, 41, 0, 8, 235.94
1629413711, 1, 322, 415, 273, 0, 1.71%, 41, 0, 8, 371.24
1629413716, 1, 327, 415, 273, 0, 1.71%, 41, 0, 8, 302.74
1629414357, 1, 328, 415, 272, 0, 1.71%, 41, 0, 8, 294.81
1629415012, 1, 331, 415, 271, 0, 1.71%, 41, 0, 8, 365.50
1629415017, 1, 333, 415, 271, 0, 1.71%, 41, 0, 8, 321.38
1629415676, 1, 337, 415, 270, 0, 1.71%, 41, 0, 8, 301.82
1629416355, 1, 343, 415, 269, 0, 1.71%, 41, 0, 8, 357.90
1629416360, 1, 343, 416, 270, 0, 1.71%, 41, 0, 8, 235.96
1629416766, 1, 344, 416, 269, 0, 1.71%, 41, 0, 8, 352.18
1629416771, 1, 347, 416, 269, 0, 1.71%, 41, 0, 8, 348.70
1629416882, 1, 350, 417, 269, 0, 1.71%, 41, 0, 8, 400.69
1629417015, 1, 350, 418, 270, 0, 1.71%, 41, 0, 8, 288.53
1629417061, 1, 350, 419, 271, 0, 1.71%, 41, 0, 8, 389.32
1629417071, 1, 358, 420, 271, 0, 1.71%, 41, 0, 8, 402.74
1629417076, 1, 368, 420, 271, 0, 1.71%, 41, 0, 8, 370.88
1629417081, 1, 374, 420, 271, 0, 1.71%, 41, 0, 8, 360.57
1629417086, 1, 379, 420, 271, 0, 1.71%, 41, 0, 8, 283.26
1629417847, 1, 383, 420, 270, 0, 1.71%, 41, 0, 8, 365.26
1629417853, 1, 384, 420, 270, 0, 1.71%, 41, 0, 8, 267.13
1629418031, 1, 388, 420, 269, 0, 1.71%, 41, 0, 8, 335.65
1629418619, 1, 388, 421, 270, 0, 1.71%, 41, 0, 8, 205.94
1629418792, 1, 389, 421, 269, 0, 1.71%, 41, 0, 8, 288.19
1629419427, 1, 389, 422, 270, 0, 1.71%, 41, 0, 8, 207.50
1629419539, 1, 389, 424, 272, 0, 1.71%, 41, 0, 8, 310.75
1629419559, 1, 389, 425, 273, 0, 1.71%, 41, 0, 8, 356.58
1629419569, 1, 389, 426, 274, 0, 1.71%, 41, 0, 8, 365.88
1629419589, 1, 389, 427, 275, 0, 1.71%, 41, 0, 8, 359.97
1629419605, 1, 390, 427, 274, 0, 1.71%, 41, 0, 8, 322.90
1629420163, 1, 390, 428, 275, 0, 1.71%, 41, 0, 8, 241.94
1629420244, 1, 390, 429, 276, 0, 1.71%, 41, 0, 8, 207.12
1629420361, 1, 390, 430, 277, 0, 1.71%, 41, 0, 8, 319.58
1629420371, 1, 396, 430, 276, 0, 1.71%, 41, 0, 8, 302.62
1629421057, 1, 396, 431, 277, 0, 1.71%, 41, 0, 8, 311.54
1629421078, 1, 402, 431, 276, 0, 1.71%, 41, 0, 8, 356.18
1629421184, 1, 402, 432, 277, 0, 1.71%, 41, 0, 8, 280.40
1629421189, 1, 402, 433, 278, 0, 1.71%, 41, 0, 8, 278.65
1629421641, 1, 402, 435, 280, 0, 1.71%, 41, 0, 8, 347.98
1629421646, 1, 402, 436, 281, 0, 1.71%, 41, 0, 8, 394.12
1629421677, 1, 402, 437, 282, 0, 1.71%, 41, 0, 8, 400.24
1629421702, 1, 405, 437, 281, 0, 1.71%, 41, 0, 8, 335.88
1629422411, 1, 405, 438, 282, 0, 1.71%, 41, 0, 8, 310.53
1629422416, 1, 405, 439, 283, 0, 1.71%, 41, 0, 8, 363.81
1629422427, 1, 405, 440, 284, 0, 1.71%, 41, 0, 8, 384.75
1629422452, 1, 405, 441, 285, 0, 1.71%, 41, 0, 8, 383.76
1629422498, 1, 411, 441, 284, 0, 1.71%, 41, 0, 8, 314.93
1629424297, 1, 411, 442, 285, 0, 1.71%, 41, 0, 8, 287.24
1629424322, 1, 414, 442, 284, 0, 1.71%, 41, 0, 8, 254.11
1629424565, 1, 414, 442, 284, 0, 1.71%, 42, 0, 8, 339.60
1629425164, 1, 414, 444, 286, 0, 1.71%, 42, 0, 8, 330.35
1629425174, 1, 414, 445, 287, 0, 1.71%, 42, 0, 8, 362.63
1629425189, 1, 414, 446, 288, 0, 1.71%, 42, 0, 8, 367.96
1629425194, 1, 414, 447, 289, 0, 1.71%, 42, 0, 8, 361.06
1629425230, 1, 423, 447, 288, 0, 1.71%, 42, 0, 8, 292.01
1629426006, 1, 423, 448, 289, 0, 1.71%, 42, 0, 9, 222.24
1629426234, 1, 423, 449, 290, 0, 1.71%, 42, 0, 9, 327.12
1629426239, 1, 423, 450, 291, 0, 1.71%, 42, 0, 9, 346.54
1629426244, 1, 423, 451, 292, 0, 1.71%, 42, 0, 9, 347.10
1629426254, 1, 423, 452, 293, 0, 1.71%, 42, 0, 9, 348.01
1629426279, 1, 423, 453, 294, 0, 1.71%, 42, 0, 9, 346.86
1629426284, 1, 424, 453, 293, 0, 1.71%, 42, 0, 9, 321.56
1629426838, 1, 424, 454, 294, 0, 1.71%, 42, 0, 9, 334.66
1629426858, 1, 424, 455, 295, 0, 1.71%, 42, 0, 9, 413.09
1629426899, 1, 428, 455, 294, 0, 1.71%, 42, 0, 9, 322.10
1629427660, 1, 428, 456, 295, 0, 1.71%, 42, 0, 9, 347.95
1629427670, 1, 428, 456, 295, 0, 1.71%, 43, 0, 9, 359.26
1629427675, 1, 428, 457, 296, 0, 1.71%, 43, 0, 9, 360.85
1629427701, 1, 434, 457, 295, 0, 1.71%, 43, 0, 9, 284.57
1629429041, 1, 435, 457, 294, 0, 1.71%, 43, 0, 9, 290.09
1629430238, 1, 439, 457, 293, 0, 1.71%, 43, 0, 9, 290.82
1629430776, 1, 439, 458, 294, 0, 1.71%, 43, 0, 9, 370.82
1629430796, 1, 444, 458, 293, 0, 1.71%, 43, 0, 9, 255.42
1629432248, 1, 445, 458, 292, 0, 1.71%, 43, 0, 9, 284.56
1629432847, 1, 445, 458, 292, 0, 1.71%, 44, 0, 9, 268.75
1629434281, 1, 445, 459, 293, 0, 1.71%, 44, 0, 9, 298.66
1629434296, 1, 446, 459, 292, 0, 1.71%, 44, 0, 9, 270.83
1629434301, 1, 446, 460, 293, 0, 1.71%, 44, 0, 9, 238.12
1629435109, 1, 446, 461, 294, 0, 1.71%, 44, 0, 9, 320.63
1629435124, 1, 451, 461, 293, 0, 1.71%, 44, 0, 9, 306.60
1629435393, 1, 451, 463, 295, 0, 1.71%, 44, 0, 10, 251.27
1629436453, 1, 451, 464, 296, 0, 1.71%, 44, 0, 10, 321.26
1629436504, 1, 452, 464, 295, 0, 1.71%, 44, 0, 10, 268.36
1629436993, 1, 452, 465, 296, 0, 1.71%, 44, 0, 10, 213.42
1629437257, 1, 452, 466, 297, 0, 1.71%, 44, 0, 10, 211.39
1629437308, 1, 452, 467, 298, 0, 1.71%, 44, 0, 10, 352.75
1629437329, 1, 452, 468, 299, 0, 1.71%, 44, 0, 10, 363.41
1629437380, 1, 453, 468, 298, 0, 1.71%, 44, 0, 10, 323.94
1629438178, 1, 456, 468, 297, 0, 1.71%, 44, 0, 10, 316.88
1629438360, 1, 456, 469, 298, 0, 1.71%, 44, 0, 10, 233.56
1629438365, 1, 456, 470, 299, 0, 1.71%, 44, 0, 10, 229.36
1629439241, 1, 456, 472, 301, 0, 1.71%, 44, 0, 10, 324.68
1629439277, 1, 456, 473, 302, 0, 1.71%, 44, 0, 10, 327.45
