# unix_time, cycles_done, cur_path, paths_total, pending_total, pending_favs, map_size, unique_crashes, unique_hangs, max_depth, execs_per_sec
1650988901, 0, 0, 1, 1, 1, 0.02%, 0, 0, 1, 0.09
1650988911, 0, 0, 13, 13, 1, 0.02%, 0, 0, 2, 39.09
1650988916, 0, 0, 17, 17, 1, 0.02%, 0, 0, 2, 29.34
1650988942, 0, 0, 18, 18, 1, 0.02%, 0, 0, 2, 26.38
1650988947, 0, 0, 20, 20, 1, 0.02%, 0, 0, 2, 26.44
1650988973, 0, 0, 21, 21, 1, 0.02%, 0, 0, 2, 26.25
1650988993, 0, 0, 28, 28, 1, 0.03%, 0, 0, 2, 40.04
1650988999, 0, 0, 29, 29, 1, 0.03%, 0, 0, 2, 29.59
1650989071, 0, 0, 33, 33, 1, 0.03%, 0, 0, 2, 42.11
1650989076, 0, 0, 36, 36, 1, 0.03%, 0, 0, 2, 31.52
1650989133, 0, 0, 37, 37, 1, 0.03%, 0, 0, 2, 26.43
1650989144, 0, 0, 38, 38, 1, 0.03%, 0, 0, 2, 26.43
1650989149, 0, 0, 39, 39, 1, 0.03%, 0, 0, 2, 31.24
1650989154, 0, 0, 40, 40, 1, 0.03%, 0, 0, 2, 27.26
1650989169, 0, 0, 42, 42, 1, 0.03%, 0, 0, 2, 28.99
1650989175, 0, 0, 45, 45, 1, 0.03%, 0, 0, 2, 194.85
1650989180, 0, 0, 51, 51, 1, 0.03%, 0, 0, 2, 72.06
1650989190, 0, 0, 52, 52, 1, 0.03%, 0, 0, 2, 42.44
1650989195, 0, 0, 53, 53, 1, 0.03%, 0, 0, 2, 30.03
1650989205, 0, 0, 54, 54, 1, 0.03%, 0, 0, 2, 26.57
1650989210, 0, 0, 55, 55, 1, 0.03%, 0, 0, 2, 26.55
1650989216, 0, 0, 56, 56, 1, 0.03%, 0, 0, 2, 26.35
1650989256, 0, 0, 57, 57, 1, 0.03%, 0, 0, 2, 26.33
1650989276, 0, 0, 58, 58, 1, 0.03%, 0, 0, 2, 26.02
1650989281, 0, 0, 59, 59, 1, 0.03%, 0, 0, 2, 26.21
1650989311, 0, 0, 60, 60, 1, 0.03%, 0, 0, 2, 26.26
1650989382, 0, 0, 61, 61, 1, 0.03%, 0, 0, 2, 26.13
1650989479, 0, 0, 62, 62, 1, 0.03%, 0, 0, 2, 26.13
1650989514, 0, 0, 63, 63, 1, 0.03%, 0, 0, 2, 34.83
1650989519, 0, 0, 64, 64, 1, 0.03%, 0, 0, 2, 35.15
1650989550, 0, 0, 65, 65, 1, 0.03%, 0, 0, 2, 40.53
1650989585, 0, 0, 67, 67, 1, 0.03%, 0, 0, 2, 42.46
1650989759, 0, 0, 71, 71, 1, 0.03%, 0, 0, 2, 36.47
1650990042, 0, 0, 72, 72, 1, 0.03%, 0, 0, 2, 120.84
1650990047, 0, 0, 76, 76, 1, 0.03%, 0, 0, 2, 87.52
1650990052, 0, 0, 84, 84, 1, 0.03%, 0, 0, 2, 58.62
1650990057, 0, 0, 89, 89, 1, 0.03%, 0, 0, 2, 41.46
1650990062, 0, 0, 91, 91, 1, 0.03%, 0, 0, 2, 47.40
1650990098, 0, 0, 93, 93, 1, 0.03%, 0, 0, 2, 28.01
1650990113, 0, 0, 94, 94, 1, 0.03%, 0, 0, 2, 26.31
1650990149, 0, 0, 96, 96, 1, 0.03%, 0, 0, 2, 26.34
1650990160, 0, 0, 97, 97, 1, 0.03%, 0, 0, 2, 26.25
1650990181, 0, 0, 98, 98, 1, 0.03%, 0, 0, 2, 26.49
1650990186, 0, 0, 99, 99, 1, 0.03%, 0, 0, 2, 26.39
1650990263, 0, 0, 100, 100, 1, 0.03%, 0, 0, 2, 26.28
1650990516, 0, 0, 101, 101, 1, 0.03%, 0, 0, 2, 26.45
1650990681, 0, 0, 102, 102, 1, 0.03%, 0, 0, 2, 26.83
1650990783, 0, 0, 103, 103, 1, 0.03%, 0, 0, 2, 26.26
1650990917, 0, 0, 104, 104, 1, 0.03%, 0, 0, 2, 26.37
1650991029, 0, 0, 105, 105, 1, 0.03%, 0, 0, 2, 26.30
1650991477, 0, 0, 106, 106, 1, 0.03%, 0, 0, 2, 105.01
1650991508, 0, 0, 107, 107, 1, 0.03%, 0, 0, 2, 55.36
1650991513, 0, 0, 110, 110, 1, 0.03%, 0, 0, 2, 52.62
1650991518, 0, 0, 112, 112, 1, 0.03%, 0, 0, 2, 49.45
1650991523, 0, 0, 116, 116, 1, 0.03%, 0, 0, 2, 47.85
1650991528, 0, 0, 118, 118, 1, 0.03%, 0, 0, 2, 51.63
1650991534, 0, 0, 124, 124, 1, 0.03%, 0, 0, 2, 47.86
1650991539, 0, 0, 126, 126, 1, 0.03%, 0, 0, 2, 47.03
1650991544, 0, 0, 129, 129, 1, 0.03%, 0, 0, 2, 34.82
1650991549, 0, 0, 130, 130, 1, 0.03%, 0, 0, 2, 31.61
1650991554, 0, 0, 132, 132, 1, 0.03%, 0, 0, 2, 31.35
1650991559, 0, 0, 134, 134, 1, 0.03%, 0, 0, 2, 32.20
1650991564, 0, 0, 136, 136, 1, 0.03%, 0, 0, 2, 30.55
1650991569, 0, 0, 138, 138, 1, 0.03%, 0, 0, 2, 36.60
1650991575, 0, 0, 139, 139, 1, 0.03%, 0, 0, 2, 48.39
1650991580, 0, 0, 140, 140, 1, 0.03%, 0, 0, 2, 50.07
1651002526, 0, 0, 142, 142, 1, 0.03%, 0, 0, 2, 48.71
1651002531, 0, 0, 143, 143, 1, 0.03%, 0, 0, 2, 53.36
1651002577, 0, 0, 144, 144, 1, 0.03%, 0, 0, 2, 29.08
1651002582, 0, 0, 147, 147, 1, 0.03%, 0, 0, 2, 39.98
1651002587, 0, 0, 150, 150, 1, 0.03%, 0, 0, 2, 41.67
1651002592, 0, 0, 153, 153, 1, 0.03%, 0, 0, 2, 43.29
1651002597, 0, 0, 154, 154, 1, 0.03%, 0, 0, 2, 45.56
1651002602, 0, 0, 156, 156, 1, 0.03%, 0, 0, 2, 46.45
1651002608, 0, 0, 157, 157, 1, 0.03%, 0, 0, 2, 41.51
1651002618, 0, 0, 158, 158, 1, 0.03%, 0, 0, 2, 43.98
1651002633, 0, 0, 159, 159, 1, 0.03%, 0, 0, 2, 45.18
1651002643, 0, 0, 162, 162, 1, 0.03%, 0, 0, 2, 40.51
1651002649, 0, 0, 163, 163, 1, 0.03%, 0, 0, 2, 44.61
1651002664, 0, 0, 166, 166, 1, 0.03%, 0, 0, 2, 42.51
1651002669, 0, 0, 168, 168, 1, 0.03%, 0, 0, 2, 45.18
1651002679, 0, 0, 169, 169, 1, 0.03%, 0, 0, 2, 41.55
1651002684, 0, 0, 170, 170, 1, 0.03%, 0, 0, 2, 42.45
1651002690, 0, 0, 172, 172, 1, 0.03%, 0, 0, 2, 46.32
1651002695, 0, 0, 174, 174, 1, 0.03%, 0, 0, 2, 44.05
1651002731, 0, 0, 175, 175, 1, 0.03%, 0, 0, 2, 42.64
1651002736, 0, 0, 176, 176, 1, 0.03%, 0, 0, 2, 45.54
1651002751, 0, 0, 178, 178, 1, 0.03%, 0, 0, 2, 43.05
1651002767, 0, 0, 179, 179, 1, 0.03%, 0, 0, 2, 44.16
1651002782, 0, 0, 181, 181, 1, 0.03%, 0, 0, 2, 41.12
1651002792, 0, 0, 183, 183, 1, 0.03%, 0, 0, 2, 42.96
1651002818, 0, 0, 184, 184, 1, 0.03%, 0, 0, 2, 43.00
1651002885, 0, 0, 186, 186, 1, 0.03%, 0, 0, 2, 42.40
1651002890, 0, 0, 187, 187, 1, 0.03%, 0, 0, 2, 42.34
1651002910, 0, 0, 188, 188, 1, 0.03%, 0, 0, 2, 46.16
1651002951, 0, 1, 188, 187, 40, 0.03%, 0, 0, 2, 52.41
1651003173, 0, 4, 188, 186, 39, 0.03%, 0, 0, 2, 91.08
1651003506, 0, 9, 188, 185, 38, 0.03%, 0, 0, 2, 96.56
1651003838, 0, 10, 188, 184, 37, 0.03%, 0, 0, 2, 75.07
1651003935, 0, 10, 189, 185, 37, 0.04%, 0, 0, 3, 46.37
1651003971, 0, 10, 190, 186, 37, 0.04%, 0, 0, 3, 30.42
1651004242, 0, 11, 190, 185, 36, 0.04%, 0, 0, 3, 44.95
1651004282, 0, 11, 191, 186, 36, 0.04%, 0, 0, 3, 84.90
1651004574, 0, 23, 191, 185, 35, 0.04%, 0, 0, 3, 76.04
1651004584, 0, 23, 192, 186, 35, 0.04%, 0, 0, 3, 59.15
1651004605, 0, 23, 193, 187, 35, 0.04%, 0, 0, 3, 59.95
1651004677, 0, 23, 194, 188, 35, 0.04%, 0, 0, 3, 53.46
1651004697, 0, 23, 195, 189, 35, 0.04%, 0, 0, 3, 53.29
1651004906, 0, 33, 195, 188, 36, 0.04%, 0, 0, 3, 95.71
1651005151, 0, 46, 195, 187, 35, 0.04%, 0, 0, 3, 85.82
1651005254, 0, 46, 196, 188, 35, 0.04%, 0, 0, 3, 52.80
1651005489, 0, 49, 196, 187, 33, 0.04%, 0, 0, 3, 65.51
1651005499, 0, 49, 197, 188, 33, 0.04%, 1, 0, 3, 184.05
1651005504, 0, 49, 200, 191, 33, 0.04%, 1, 0, 3, 29.57
1651005606, 0, 49, 201, 192, 33, 0.04%, 1, 0, 3, 51.83
1651005621, 0, 49, 202, 193, 33, 0.04%, 1, 0, 3, 38.89
1651005652, 0, 49, 203, 194, 33, 0.04%, 1, 0, 3, 46.31
1651005662, 0, 49, 204, 195, 33, 0.04%, 1, 0, 3, 30.43
1651005989, 0, 49, 205, 196, 33, 0.04%, 1, 0, 3, 100.66
1651005994, 0, 51, 205, 195, 34, 0.04%, 1, 0, 3, 73.24
1651006363, 0, 53, 205, 194, 33, 0.04%, 1, 0, 3, 88.24
1651009483, 0, 53, 206, 195, 33, 0.04%, 1, 0, 3, 26.33
1651019982, 0, 53, 207, 196, 33, 0.04%, 1, 0, 3, 42.09
1651019992, 0, 53, 208, 197, 33, 0.04%, 1, 0, 3, 46.23
1651020028, 0, 53, 209, 198, 33, 0.04%, 1, 0, 3, 42.68
1651020039, 0, 53, 210, 199, 33, 0.04%, 1, 0, 3, 45.03
1651020069, 0, 53, 211, 200, 33, 0.04%, 1, 0, 3, 42.85
1651020141, 0, 53, 212, 201, 33, 0.04%, 1, 0, 3, 43.56
1651020198, 0, 53, 213, 202, 33, 0.04%, 1, 0, 3, 46.69
1651020239, 0, 58, 213, 201, 33, 0.04%, 1, 0, 3, 33.81
1651020627, 0, 58, 214, 202, 33, 0.04%, 1, 0, 3, 26.47
1651033763, 0, 61, 214, 201, 32, 0.04%, 1, 0, 3, 40.94
1651033841, 0, 61, 215, 202, 32, 0.04%, 1, 0, 3, 26.39
1651034435, 0, 61, 216, 203, 32, 0.04%, 1, 0, 3, 27.09
1651035850, 0, 61, 218, 205, 32, 0.04%, 1, 0, 3, 26.56
1651047384, 0, 63, 218, 204, 34, 0.04%, 1, 0, 3, 50.14
1651047679, 0, 63, 219, 205, 34, 0.04%, 1, 0, 3, 55.08
1651048710, 0, 63, 220, 206, 34, 0.04%, 1, 0, 3, 54.65
1651054077, 0, 63, 221, 207, 34, 0.04%, 1, 0, 3, 59.79
1651054092, 0, 64, 221, 206, 34, 0.04%, 1, 0, 3, 74.16
1651054321, 0, 71, 221, 205, 33, 0.04%, 1, 0, 3, 106.13
1651054326, 0, 71, 222, 206, 33, 0.04%, 1, 0, 3, 73.80
1651054444, 0, 71, 223, 207, 33, 0.04%, 1, 0, 3, 52.71
1651054643, 0, 74, 223, 206, 34, 0.04%, 1, 0, 3, 92.85
1651055873, 0, 89, 223, 205, 34, 0.04%, 1, 0, 3, 62.43
1651055898, 0, 89, 223, 205, 34, 0.04%, 2, 0, 3, 32.86
1651056179, 0, 89, 224, 206, 34, 0.04%, 2, 0, 3, 51.96
1651057246, 0, 93, 224, 205, 33, 0.04%, 2, 0, 3, 48.47
1651058515, 0, 93, 225, 206, 33, 0.04%, 2, 0, 3, 26.47
1651070469, 0, 104, 225, 205, 33, 0.04%, 2, 0, 3, 32.76
1651071904, 0, 104, 226, 206, 33, 0.04%, 2, 0, 3, 26.51
1651083870, 0, 111, 226, 205, 33, 0.04%, 2, 0, 3, 51.90
1651083875, 0, 111, 227, 206, 33, 0.04%, 2, 0, 3, 50.72
1651083890, 0, 111, 228, 207, 33, 0.04%, 2, 0, 3, 61.34
1651083900, 0, 111, 229, 208, 33, 0.04%, 2, 0, 3, 43.43
1651083951, 0, 111, 230, 209, 33, 0.04%, 2, 0, 3, 29.79
1651083997, 0, 111, 231, 210, 33, 0.04%, 2, 0, 3, 36.23
1651084002, 0, 111, 232, 211, 33, 0.04%, 2, 0, 3, 33.11
1651084059, 0, 111, 233, 212, 33, 0.04%, 2, 0, 3, 53.58
1651084241, 0, 111, 234, 213, 33, 0.04%, 2, 0, 3, 31.15
1651084256, 0, 111, 235, 214, 33, 0.04%, 2, 0, 3, 29.93
1651084267, 0, 111, 236, 215, 33, 0.04%, 2, 0, 3, 48.72
1651084292, 0, 111, 237, 216, 33, 0.04%, 2, 0, 3, 30.04
1651084660, 0, 126, 237, 215, 35, 0.04%, 2, 0, 3, 92.46
1651096906, 0, 128, 237, 214, 34, 0.04%, 2, 0, 3, 56.01
1651097472, 0, 134, 237, 213, 33, 0.04%, 2, 0, 3, 49.87
1651097641, 0, 134, 238, 214, 33, 0.04%, 2, 0, 3, 31.99
1651097744, 0, 134, 239, 215, 33, 0.04%, 2, 0, 3, 42.97
1651098669, 0, 134, 240, 216, 33, 0.04%, 2, 0, 3, 33.78
1651100560, 0, 134, 241, 217, 33, 0.04%, 2, 0, 3, 38.24
1651111524, 0, 135, 241, 216, 34, 0.04%, 2, 0, 3, 42.26
1651111693, 0, 135, 242, 217, 34, 0.04%, 2, 0, 3, 47.39
1651111708, 0, 135, 243, 218, 34, 0.04%, 2, 0, 3, 59.11
1651111755, 0, 135, 244, 219, 34, 0.04%, 2, 0, 3, 58.37
1651111775, 0, 135, 245, 220, 34, 0.04%, 2, 0, 3, 56.99
1651112921, 0, 135, 246, 221, 34, 0.04%, 2, 0, 3, 52.32
1651118559, 0, 137, 246, 220, 35, 0.04%, 2, 0, 3, 58.16
1651119967, 0, 137, 247, 221, 35, 0.04%, 2, 0, 3, 51.53
1651125792, 0, 137, 248, 222, 35, 0.04%, 2, 0, 3, 58.93
1651125802, 0, 140, 248, 221, 35, 0.04%, 2, 0, 3, 58.09
1651132659, 0, 141, 248, 220, 34, 0.04%, 2, 0, 3, 64.44
1651139577, 0, 141, 249, 221, 34, 0.04%, 2, 0, 3, 64.44
1651139592, 0, 158, 249, 220, 33, 0.04%, 2, 0, 3, 44.21
1651141155, 0, 162, 249, 219, 33, 0.04%, 2, 0, 3, 70.54
1651144840, 0, 166, 249, 218, 32, 0.04%, 2, 0, 3, 76.84
1651147145, 0, 167, 249, 217, 31, 0.04%, 2, 0, 3, 81.06
1651150293, 0, 171, 249, 216, 30, 0.04%, 2, 0, 3, 63.04
1651150298, 0, 171, 251, 218, 30, 0.04%, 2, 0, 3, 56.73
1651150842, 0, 171, 252, 219, 30, 0.04%, 2, 0, 3, 55.28
1651150852, 0, 171, 253, 220, 30, 0.04%, 2, 0, 3, 55.27
1651151314, 0, 171, 254, 221, 30, 0.04%, 2, 0, 3, 54.94
1651157245, 0, 176, 254, 220, 29, 0.04%, 2, 0, 3, 66.13
1651157256, 0, 176, 255, 221, 29, 0.04%, 2, 0, 3, 77.17
1651157415, 0, 176, 256, 222, 29, 0.04%, 2, 0, 3, 54.33
1651157695, 0, 188, 256, 221, 28, 0.04%, 2, 0, 3, 58.63
1651158186, 0, 188, 257, 222, 28, 0.04%, 2, 0, 4, 27.82
1651158492, 0, 188, 258, 223, 28, 0.04%, 2, 0, 4, 98.22
1651158498, 0, 189, 258, 222, 27, 0.04%, 2, 0, 4, 101.01
1651159447, 0, 190, 258, 221, 26, 0.04%, 2, 0, 4, 72.62
1651159957, 0, 191, 258, 220, 25, 0.04%, 2, 0, 4, 92.88
1651160292, 0, 195, 259, 220, 24, 0.04%, 2, 0, 4, 94.20
1651160364, 0, 195, 260, 221, 24, 0.04%, 2, 0, 4, 54.59
1651160450, 0, 195, 261, 222, 24, 0.04%, 2, 0, 4, 54.03
1651160502, 0, 195, 262, 223, 24, 0.04%, 2, 0, 4, 53.42
1651160794, 0, 197, 262, 222, 23, 0.04%, 2, 0, 4, 56.30
1651161270, 0, 199, 262, 221, 22, 0.04%, 2, 0, 4, 68.95
1651161280, 0, 199, 262, 221, 22, 0.04%, 3, 0, 4, 30.51
1651161295, 0, 199, 263, 222, 22, 0.04%, 3, 0, 4, 29.46
1651161341, 0, 199, 264, 223, 22, 0.04%, 3, 0, 4, 83.11
1651161438, 0, 199, 265, 224, 22, 0.04%, 3, 0, 4, 30.86
1651161770, 0, 203, 265, 223, 22, 0.04%, 3, 0, 4, 104.86
1651162362, 0, 203, 266, 224, 22, 0.04%, 3, 0, 4, 43.32
1651162698, 0, 209, 266, 223, 21, 0.04%, 3, 0, 4, 73.41
1651169450, 0, 209, 267, 224, 21, 0.04%, 3, 0, 4, 60.56
1651169465, 0, 216, 267, 223, 20, 0.04%, 3, 0, 4, 44.61
1651169527, 0, 216, 272, 228, 20, 0.04%, 3, 0, 4, 26.30
1651169532, 0, 216, 274, 230, 20, 0.04%, 3, 0, 4, 26.36
1651169682, 0, 216, 275, 231, 20, 0.04%, 3, 0, 4, 26.57
1651169951, 0, 216, 277, 233, 20, 0.04%, 3, 0, 4, 26.40
1651171640, 0, 216, 278, 234, 20, 0.04%, 3, 0, 4, 26.33
1651180103, 0, 216, 279, 235, 20, 0.04%, 3, 0, 4, 26.36
1651180179, 0, 216, 280, 236, 20, 0.04%, 3, 0, 4, 26.31
1651183221, 0, 216, 282, 238, 20, 0.04%, 3, 0, 4, 42.05
1651183272, 0, 217, 282, 237, 24, 0.04%, 3, 0, 4, 35.35
1651197008, 0, 217, 283, 238, 24, 0.04%, 3, 0, 4, 42.93
1651197024, 0, 217, 284, 239, 24, 0.04%, 3, 0, 4, 45.21
1651197064, 0, 221, 284, 238, 24, 0.04%, 3, 0, 4, 61.96
1651197069, 0, 221, 284, 238, 24, 0.04%, 4, 0, 4, 82.55
1651197411, 0, 222, 284, 237, 23, 0.04%, 4, 0, 4, 87.45
1651197610, 0, 222, 285, 238, 23, 0.04%, 4, 0, 4, 59.39
1651197696, 0, 222, 286, 239, 23, 0.04%, 4, 0, 4, 54.95
1651198321, 0, 224, 286, 238, 22, 0.04%, 4, 0, 4, 62.35
1651200084, 0, 224, 287, 239, 22, 0.04%, 4, 0, 4, 26.42
1651211523, 0, 225, 287, 238, 22, 0.04%, 4, 0, 4, 32.45
1651214213, 0, 225, 288, 239, 22, 0.04%, 4, 0, 4, 26.40
