# unix_time, cycles_done, cur_path, paths_total, pending_total, pending_favs, map_size, unique_crashes, unique_hangs, max_depth, execs_per_sec
1630309225, 0, 0, 1, 1, 1, 0.12%, 0, 0, 1, 4.65
1630309230, 0, 0, 8, 8, 1, 0.26%, 1, 0, 2, 85.14
1630309235, 0, 0, 10, 10, 1, 0.26%, 1, 0, 2, 74.79
1630309240, 0, 0, 11, 11, 1, 0.26%, 1, 0, 2, 70.66
1630309245, 0, 0, 13, 13, 1, 0.27%, 1, 0, 2, 75.50
1630309250, 0, 0, 15, 15, 1, 0.27%, 1, 0, 2, 71.81
1630309255, 0, 0, 16, 16, 1, 0.27%, 1, 0, 2, 71.12
1630309265, 0, 0, 17, 17, 1, 0.27%, 1, 0, 2, 85.95
1630309270, 0, 0, 18, 18, 1, 0.28%, 1, 0, 2, 73.22
1630309275, 0, 0, 19, 19, 1, 0.28%, 1, 0, 2, 69.81
1630309280, 0, 0, 21, 21, 1, 0.28%, 1, 0, 2, 69.24
1630309301, 0, 0, 23, 23, 1, 0.28%, 1, 0, 2, 69.04
1630309306, 0, 0, 24, 24, 1, 0.28%, 1, 0, 2, 68.09
1630309331, 0, 0, 28, 28, 1, 0.28%, 1, 0, 2, 69.04
1630309413, 0, 0, 30, 30, 1, 0.29%, 1, 0, 2, 105.14
1630309418, 0, 0, 33, 33, 1, 0.31%, 1, 0, 2, 82.88
1630309423, 0, 0, 37, 37, 1, 0.31%, 1, 0, 2, 93.71
1630309433, 0, 0, 38, 38, 1, 0.32%, 1, 0, 2, 95.76
1630309443, 0, 0, 40, 40, 1, 0.32%, 1, 0, 2, 84.12
1630309545, 0, 0, 41, 41, 1, 0.32%, 1, 0, 2, 71.07
1630309682, 0, 0, 42, 42, 1, 0.32%, 1, 0, 2, 68.92
1630309688, 0, 0, 43, 43, 1, 0.32%, 1, 0, 2, 70.92
1630309713, 0, 0, 44, 44, 1, 0.32%, 1, 0, 2, 69.01
1630309789, 0, 0, 45, 45, 1, 0.32%, 1, 0, 2, 69.56
1630309795, 0, 0, 46, 46, 1, 0.32%, 1, 0, 2, 68.82
1630310115, 0, 0, 47, 47, 1, 0.36%, 1, 0, 2, 95.63
1630310120, 0, 0, 48, 48, 1, 0.37%, 1, 0, 2, 96.05
1630310125, 0, 0, 49, 49, 1, 0.37%, 1, 0, 2, 97.65
1630310343, 0, 0, 50, 50, 1, 0.37%, 1, 0, 2, 66.97
1630311023, 0, 0, 51, 51, 1, 0.37%, 1, 0, 2, 72.10
1630311033, 0, 0, 53, 53, 1, 0.37%, 1, 0, 2, 67.33
1630311038, 0, 0, 54, 54, 1, 0.37%, 1, 0, 2, 69.19
1630313428, 0, 0, 56, 56, 1, 0.37%, 1, 0, 2, 92.36
1630313444, 0, 0, 58, 58, 1, 0.37%, 1, 0, 2, 98.92
1630313449, 0, 0, 59, 59, 1, 0.37%, 1, 0, 2, 101.03
1630313464, 0, 0, 60, 60, 1, 0.37%, 1, 0, 2, 103.72
1630313469, 0, 0, 61, 61, 1, 0.41%, 1, 0, 2, 101.39
1630313525, 0, 0, 62, 62, 1, 0.41%, 1, 0, 2, 97.19
1630313530, 0, 0, 64, 64, 1, 0.41%, 1, 0, 2, 95.58
1630313591, 0, 1, 64, 63, 25, 0.41%, 1, 0, 2, 93.95
1630313993, 0, 2, 64, 62, 23, 0.41%, 1, 0, 2, 84.15
1630318209, 0, 5, 64, 61, 22, 0.41%, 1, 0, 2, 82.31
1630321948, 0, 5, 65, 62, 22, 0.41%, 1, 0, 3, 74.80
1630321958, 0, 6, 65, 61, 21, 0.41%, 1, 0, 3, 95.88
1630322206, 0, 6, 66, 62, 21, 0.41%, 1, 0, 3, 68.04
1630322424, 0, 6, 67, 63, 21, 0.46%, 1, 0, 3, 75.19
1630326145, 0, 6, 68, 64, 21, 0.46%, 1, 0, 3, 91.59
1630326155, 0, 13, 68, 63, 21, 0.46%, 1, 0, 3, 80.55
1630329729, 0, 13, 69, 64, 21, 0.46%, 1, 0, 3, 66.79
1630329892, 0, 16, 69, 63, 20, 0.46%, 1, 0, 3, 95.43
1630330374, 0, 17, 69, 62, 19, 0.46%, 1, 0, 3, 100.83
1630334116, 0, 17, 70, 63, 19, 0.46%, 1, 0, 3, 83.50
1630334126, 0, 26, 70, 62, 19, 0.46%, 1, 0, 3, 91.97
1630338118, 0, 28, 70, 61, 18, 0.46%, 1, 0, 3, 79.37
1630340984, 0, 29, 70, 60, 17, 0.46%, 1, 0, 3, 83.52
1630341274, 0, 29, 71, 61, 17, 0.46%, 1, 0, 3, 71.66
1630343153, 0, 30, 71, 60, 16, 0.46%, 1, 0, 3, 102.48
1630344175, 0, 37, 71, 59, 15, 0.46%, 1, 0, 3, 95.99
1630344545, 0, 37, 72, 60, 15, 0.47%, 1, 0, 3, 69.66
1630345545, 0, 37, 73, 61, 15, 0.48%, 1, 0, 3, 97.05
1630345555, 0, 37, 74, 62, 15, 0.48%, 1, 0, 3, 97.64
1630347124, 0, 38, 74, 61, 15, 0.48%, 1, 0, 3, 89.12
1630351337, 0, 43, 74, 60, 14, 0.48%, 1, 0, 3, 78.43
1630355822, 0, 43, 75, 61, 14, 0.48%, 1, 0, 3, 73.51
1630355827, 0, 43, 76, 62, 14, 0.48%, 1, 0, 3, 90.31
1630355858, 0, 46, 76, 61, 13, 0.48%, 1, 0, 3, 87.33
1630356045, 0, 46, 77, 62, 13, 0.51%, 1, 0, 3, 82.37
1630357010, 0, 46, 78, 63, 13, 0.51%, 1, 0, 3, 82.34
1630357046, 0, 46, 83, 68, 13, 0.51%, 1, 0, 3, 78.46
1630357056, 0, 46, 84, 69, 13, 0.51%, 1, 0, 3, 77.97
1630357137, 0, 46, 85, 70, 13, 0.51%, 1, 0, 3, 78.39
1630357147, 0, 46, 86, 71, 13, 0.51%, 1, 0, 3, 79.29
1630359071, 0, 47, 86, 70, 14, 0.51%, 1, 0, 3, 96.75
1630360406, 0, 47, 87, 71, 14, 0.51%, 1, 0, 3, 96.38
1630362130, 0, 48, 87, 70, 13, 0.51%, 1, 0, 3, 94.04
1630363536, 0, 48, 88, 71, 13, 0.51%, 1, 0, 3, 95.51
1630365265, 0, 60, 88, 70, 12, 0.51%, 1, 0, 3, 100.19
1630365285, 0, 60, 89, 71, 12, 0.54%, 1, 0, 3, 92.66
1630365382, 0, 60, 91, 73, 12, 0.54%, 1, 0, 3, 75.91
1630365823, 0, 60, 92, 74, 12, 0.54%, 1, 0, 3, 89.22
1630365828, 0, 60, 94, 76, 12, 0.55%, 1, 0, 3, 80.61
1630365833, 0, 60, 95, 77, 12, 0.55%, 1, 0, 3, 81.93
1630365848, 0, 60, 96, 78, 12, 0.55%, 1, 0, 3, 78.39
1630365864, 0, 60, 97, 79, 12, 0.55%, 1, 0, 3, 79.55
1630367390, 0, 65, 97, 78, 15, 0.55%, 1, 0, 3, 80.55
1630367852, 0, 65, 98, 79, 15, 0.57%, 1, 0, 4, 69.11
1630371560, 0, 66, 98, 78, 15, 0.57%, 1, 0, 4, 77.86
1630371581, 0, 66, 99, 79, 15, 0.57%, 1, 0, 4, 66.69
1630371789, 0, 66, 101, 81, 15, 0.57%, 1, 0, 4, 75.95
1630372069, 0, 66, 102, 82, 15, 0.57%, 1, 0, 4, 70.58
1630372481, 0, 66, 104, 84, 15, 0.58%, 1, 0, 4, 58.29
1630372486, 0, 66, 105, 85, 15, 0.59%, 1, 0, 4, 60.36
1630372496, 0, 66, 106, 86, 15, 0.59%, 1, 0, 4, 58.47
1630372537, 0, 66, 107, 87, 15, 0.59%, 1, 0, 4, 59.50
1630376346, 0, 67, 107, 86, 17, 0.59%, 1, 0, 4, 84.30
1630379567, 0, 67, 109, 88, 17, 0.59%, 1, 0, 4, 91.97
1630379587, 0, 69, 109, 87, 16, 0.59%, 1, 0, 4, 86.79
1630381740, 0, 69, 110, 88, 16, 0.59%, 1, 0, 4, 87.61
1630381745, 0, 70, 110, 87, 15, 0.59%, 1, 0, 4, 92.59
1630383421, 0, 71, 110, 86, 14, 0.59%, 1, 0, 4, 97.65
1630383446, 0, 71, 111, 87, 14, 0.59%, 1, 0, 4, 75.32
1630383471, 0, 71, 112, 88, 14, 0.59%, 1, 0, 4, 77.44
1630383502, 0, 71, 113, 89, 14, 0.59%, 1, 0, 4, 76.23
1630387192, 0, 71, 115, 91, 14, 0.59%, 1, 0, 4, 75.30
1630387253, 0, 72, 115, 90, 15, 0.59%, 1, 0, 4, 84.89
1630387274, 0, 72, 116, 91, 15, 0.60%, 1, 0, 4, 81.55
1630387304, 0, 72, 117, 92, 15, 0.60%, 1, 0, 4, 82.22
1630387314, 0, 72, 118, 93, 15, 0.60%, 1, 0, 4, 75.76
1630389219, 0, 72, 119, 94, 15, 0.60%, 1, 0, 4, 75.07
1630389270, 0, 72, 120, 95, 15, 0.60%, 1, 0, 4, 75.85
1630389457, 0, 72, 121, 96, 15, 0.60%, 1, 0, 4, 77.29
1630390231, 0, 72, 123, 98, 15, 0.60%, 1, 0, 4, 78.53
1630390281, 0, 73, 123, 97, 16, 0.60%, 1, 0, 4, 102.71
1630392365, 0, 73, 124, 98, 16, 0.60%, 1, 0, 4, 96.55
1630393015, 0, 73, 125, 99, 16, 0.60%, 1, 0, 4, 103.57
1630393020, 0, 76, 125, 98, 15, 0.60%, 1, 0, 4, 101.69
1630393025, 0, 76, 127, 100, 15, 0.60%, 1, 0, 4, 88.16
1630393031, 0, 76, 128, 101, 15, 0.62%, 1, 0, 4, 84.84
1630393071, 0, 76, 129, 102, 15, 0.62%, 1, 0, 4, 83.36
1630393076, 0, 76, 132, 105, 15, 0.63%, 1, 0, 4, 80.66
1630393096, 0, 76, 133, 106, 15, 0.63%, 1, 0, 4, 84.37
1630393228, 0, 76, 134, 107, 15, 0.63%, 1, 0, 4, 80.07
1630394209, 0, 76, 135, 108, 15, 0.63%, 1, 0, 4, 81.69
1630394682, 0, 76, 138, 111, 15, 0.63%, 1, 0, 4, 80.86
1630395165, 0, 76, 139, 112, 15, 0.63%, 1, 0, 4, 79.25
1630395200, 0, 76, 141, 114, 15, 0.63%, 1, 0, 4, 81.21
1630395206, 0, 76, 143, 116, 15, 0.63%, 1, 0, 4, 79.85
1630395211, 0, 76, 144, 117, 15, 0.63%, 1, 0, 4, 79.22
1630395256, 0, 76, 145, 118, 15, 0.63%, 1, 0, 4, 79.59
1630395342, 0, 76, 146, 119, 15, 0.63%, 1, 0, 4, 79.90
1630396190, 0, 86, 146, 118, 23, 0.63%, 1, 0, 4, 101.00
