# unix_time, cycles_done, cur_path, paths_total, pending_total, pending_favs, map_size, unique_crashes, unique_hangs, max_depth, execs_per_sec
1636093828, 0, 0, 1, 1, 1, 0.30%, 0, 0, 1, 769.23
1636093834, 0, 0, 38, 38, 1, 0.63%, 0, 0, 2, 1245.12
1636093839, 0, 0, 57, 57, 1, 0.69%, 0, 0, 2, 1309.68
1636093844, 0, 0, 62, 62, 1, 0.69%, 0, 0, 2, 1347.35
1636093849, 0, 0, 66, 66, 1, 0.70%, 0, 0, 2, 1342.52
1636093854, 0, 0, 71, 71, 1, 0.70%, 0, 0, 2, 1341.21
1636093864, 0, 0, 90, 90, 1, 0.70%, 0, 0, 2, 1377.06
1636093869, 0, 0, 96, 96, 1, 0.71%, 0, 0, 2, 1343.53
1636093884, 0, 0, 98, 98, 1, 0.71%, 0, 0, 2, 1341.26
1636093889, 0, 0, 99, 99, 1, 0.71%, 0, 0, 2, 1328.58
1636093895, 0, 0, 104, 104, 1, 0.73%, 0, 0, 2, 1334.73
1636093900, 0, 0, 105, 105, 1, 0.73%, 0, 0, 2, 1321.69
1636093905, 0, 0, 120, 120, 1, 0.79%, 0, 0, 2, 1619.27
1636093910, 0, 0, 133, 133, 1, 0.87%, 0, 0, 2, 1342.15
1636093920, 0, 0, 134, 134, 1, 0.87%, 0, 0, 2, 1297.75
1636094150, 0, 0, 166, 166, 1, 0.87%, 0, 0, 2, 1474.66
1636094155, 0, 0, 175, 175, 1, 0.87%, 0, 0, 2, 1505.83
1636094160, 0, 0, 180, 180, 1, 0.87%, 0, 0, 2, 1529.89
1636094165, 0, 0, 185, 185, 1, 0.87%, 0, 0, 2, 1525.64
1636094170, 0, 4, 189, 188, 46, 0.87%, 0, 0, 2, 1522.70
1636094185, 0, 5, 190, 188, 45, 0.89%, 1, 0, 3, 1465.63
1636094190, 0, 5, 195, 193, 45, 0.90%, 1, 0, 3, 1669.21
1636094195, 0, 5, 196, 194, 45, 0.90%, 1, 0, 3, 1460.77
1636094200, 0, 7, 197, 194, 43, 0.90%, 1, 0, 3, 1590.72
1636094205, 0, 7, 198, 195, 43, 0.90%, 1, 0, 3, 1620.28
1636094221, 0, 8, 198, 194, 43, 0.90%, 1, 0, 3, 1751.33
1636094226, 0, 8, 199, 195, 43, 0.90%, 1, 0, 3, 1363.73
1636094236, 0, 11, 200, 195, 41, 0.90%, 1, 0, 3, 1433.11
1636094531, 0, 22, 201, 195, 41, 0.91%, 1, 0, 3, 1658.17
1636094536, 0, 22, 203, 197, 41, 0.91%, 1, 0, 3, 1340.89
1636094547, 0, 32, 203, 196, 41, 0.91%, 8, 0, 3, 1865.03
1636094562, 0, 35, 204, 196, 40, 0.91%, 8, 0, 3, 1384.66
1636094582, 0, 35, 205, 197, 40, 0.91%, 8, 0, 3, 1447.82
1636094849, 0, 43, 205, 196, 41, 0.91%, 8, 0, 3, 1700.09
1636094854, 0, 44, 206, 196, 40, 0.91%, 8, 0, 3, 1789.55
1636094869, 0, 45, 206, 195, 38, 0.91%, 8, 0, 3, 1943.84
1636094874, 0, 45, 208, 197, 38, 0.91%, 8, 0, 3, 1411.50
1636094884, 0, 54, 209, 197, 37, 0.91%, 8, 0, 3, 1444.68
1636094894, 0, 54, 210, 198, 37, 0.91%, 8, 0, 3, 1328.90
1636094955, 0, 54, 211, 199, 37, 0.91%, 8, 0, 3, 1302.00
1636095171, 0, 57, 211, 198, 37, 0.91%, 8, 0, 3, 1403.54
1636095186, 0, 57, 212, 199, 37, 0.91%, 8, 0, 3, 1360.86
1636095216, 0, 59, 212, 198, 37, 0.91%, 8, 0, 3, 1440.24
1636095226, 0, 59, 213, 199, 37, 0.91%, 8, 0, 3, 1340.13
1636095498, 0, 62, 213, 198, 36, 0.91%, 8, 0, 3, 1359.39
1636095513, 0, 62, 214, 199, 36, 0.91%, 8, 0, 3, 1333.46
1636095783, 0, 64, 215, 199, 35, 0.91%, 8, 0, 3, 1515.88
1636095793, 0, 65, 215, 198, 34, 0.91%, 8, 0, 3, 1608.46
1636095808, 0, 72, 216, 198, 33, 0.91%, 8, 0, 3, 1545.63
1636095818, 0, 72, 217, 199, 33, 0.91%, 8, 0, 3, 1368.64
1636095844, 0, 91, 217, 198, 32, 0.91%, 8, 0, 3, 1380.29
1636095869, 0, 91, 218, 199, 32, 0.91%, 8, 0, 3, 1323.93
1636096124, 0, 96, 218, 198, 32, 0.91%, 8, 0, 3, 1331.27
1636096155, 0, 96, 219, 199, 32, 0.92%, 8, 0, 3, 1346.71
1636096410, 0, 96, 221, 201, 32, 0.92%, 8, 0, 3, 1328.74
1636096415, 0, 96, 224, 204, 32, 0.92%, 8, 0, 3, 1476.08
1636096420, 0, 96, 225, 205, 32, 0.92%, 9, 0, 3, 1520.54
1636096430, 0, 96, 226, 206, 32, 0.92%, 9, 0, 3, 1523.05
1636096435, 0, 104, 227, 206, 32, 0.92%, 9, 0, 3, 1299.94
1636096486, 0, 104, 228, 207, 32, 0.93%, 9, 0, 3, 1364.10
1636096745, 0, 106, 228, 206, 32, 0.93%, 9, 0, 3, 1338.57
1636096750, 0, 106, 229, 207, 32, 0.94%, 9, 0, 3, 1972.11
1636096770, 0, 111, 231, 208, 32, 0.94%, 9, 0, 3, 1427.16
1636096775, 0, 111, 234, 211, 32, 0.94%, 9, 0, 3, 1967.83
1636096780, 0, 111, 235, 212, 32, 0.94%, 9, 0, 3, 1427.66
1636096785, 0, 111, 239, 216, 32, 0.98%, 9, 0, 3, 1281.05
1636096791, 0, 111, 240, 217, 32, 0.99%, 9, 0, 3, 1254.51
1636096801, 0, 126, 240, 216, 36, 0.99%, 9, 0, 3, 1388.07
1636096806, 0, 126, 241, 217, 36, 1.00%, 9, 0, 3, 1898.77
1636096811, 0, 126, 242, 218, 36, 1.00%, 9, 0, 3, 1347.84
1636096831, 0, 130, 242, 217, 36, 1.00%, 9, 0, 3, 1355.44
1636096841, 0, 130, 244, 219, 36, 1.00%, 9, 0, 3, 1268.08
1636096847, 0, 130, 245, 220, 36, 1.00%, 9, 0, 3, 1277.66
1636096862, 0, 130, 246, 221, 36, 1.00%, 9, 0, 3, 1298.90
1636096908, 0, 130, 247, 222, 36, 1.00%, 9, 0, 3, 1290.88
1636097154, 0, 130, 249, 224, 36, 1.00%, 9, 0, 3, 1408.17
1636097159, 0, 131, 249, 223, 35, 1.00%, 9, 0, 3, 1315.40
1636097220, 0, 131, 250, 224, 35, 1.13%, 9, 0, 3, 1414.15
1636097486, 0, 145, 250, 223, 34, 1.13%, 9, 0, 3, 1495.47
1636097584, 0, 152, 250, 222, 33, 1.13%, 9, 0, 3, 1594.23
1636097589, 0, 152, 254, 226, 33, 1.13%, 9, 0, 3, 1437.32
1636097726, 0, 163, 255, 226, 32, 1.13%, 9, 0, 3, 1403.17
1636098033, 0, 185, 255, 225, 31, 1.13%, 9, 0, 3, 1345.13
1636098206, 0, 188, 255, 224, 30, 1.13%, 9, 0, 3, 1430.59
1636098211, 0, 188, 256, 225, 30, 1.13%, 9, 0, 3, 1414.92
1636098237, 0, 188, 260, 229, 30, 1.16%, 9, 0, 3, 1406.02
1636098252, 0, 189, 267, 235, 33, 1.17%, 9, 0, 4, 1641.32
1636098257, 0, 189, 268, 236, 33, 1.17%, 9, 0, 4, 1507.20
1636098268, 0, 190, 270, 237, 33, 1.17%, 10, 0, 4, 1495.45
1636098273, 0, 190, 271, 238, 33, 1.17%, 10, 0, 4, 1641.42
1636098278, 0, 190, 273, 240, 33, 1.17%, 10, 0, 4, 1453.07
1636098283, 0, 191, 273, 239, 34, 1.17%, 10, 0, 4, 1619.10
1636098293, 0, 191, 274, 240, 34, 1.17%, 10, 0, 4, 1474.18
1636098298, 0, 193, 275, 240, 33, 1.17%, 10, 0, 4, 1571.32
1636098313, 0, 193, 278, 243, 33, 1.20%, 10, 0, 4, 1379.64
1636098323, 0, 197, 278, 242, 33, 1.20%, 11, 0, 4, 1765.95
1636098339, 0, 199, 278, 241, 32, 1.20%, 11, 0, 4, 1906.74
1636098344, 0, 199, 279, 242, 32, 1.20%, 11, 0, 4, 1461.64
1636098354, 0, 200, 279, 241, 31, 1.20%, 11, 0, 4, 1880.48
1636098369, 0, 205, 280, 241, 30, 1.20%, 11, 0, 4, 1926.75
1636098384, 0, 206, 280, 240, 30, 1.20%, 11, 0, 4, 1557.82
1636098390, 0, 206, 283, 243, 30, 1.20%, 11, 0, 4, 1541.40
1636098410, 0, 207, 283, 242, 30, 1.20%, 11, 0, 4, 1435.87
1636098425, 0, 207, 284, 243, 30, 1.20%, 11, 0, 4, 1236.56
1636098440, 0, 210, 284, 242, 29, 1.20%, 11, 0, 4, 1356.15
1636098446, 0, 210, 285, 243, 29, 1.20%, 11, 0, 4, 1331.04
1636098762, 0, 211, 285, 242, 29, 1.20%, 11, 0, 4, 1364.31
1636098818, 0, 217, 285, 241, 28, 1.20%, 11, 0, 4, 1367.42
1636098853, 0, 217, 286, 242, 28, 1.20%, 11, 0, 4, 1301.61
1636099107, 0, 218, 286, 241, 27, 1.20%, 11, 0, 4, 1323.96
1636099168, 0, 218, 287, 242, 27, 1.20%, 11, 0, 4, 1284.57
1636099393, 0, 220, 287, 241, 26, 1.20%, 11, 0, 4, 1379.50
1636099403, 0, 220, 288, 242, 26, 1.20%, 11, 0, 4, 1357.19
1636099561, 0, 228, 288, 241, 25, 1.20%, 12, 0, 4, 2099.93
1636099581, 0, 232, 288, 240, 24, 1.20%, 12, 0, 4, 1495.66
1636099607, 0, 235, 288, 239, 23, 1.20%, 12, 0, 4, 1444.61
1636099642, 0, 236, 288, 238, 22, 1.20%, 12, 0, 4, 1385.84
1636099677, 0, 237, 290, 239, 21, 1.20%, 12, 0, 4, 1343.93
1636099682, 0, 237, 294, 243, 21, 1.20%, 12, 0, 4, 1387.85
1636099687, 0, 237, 296, 245, 21, 1.20%, 12, 0, 4, 1598.71
1636099713, 0, 237, 301, 250, 21, 1.21%, 12, 0, 4, 1233.72
1636099728, 0, 238, 302, 250, 24, 1.21%, 12, 0, 4, 1266.02
1636099749, 0, 238, 303, 251, 24, 1.21%, 12, 0, 4, 1420.42
1636099820, 0, 238, 307, 255, 24, 1.21%, 12, 0, 4, 1567.99
1636099825, 0, 238, 308, 256, 24, 1.21%, 12, 0, 4, 1817.30
1636099830, 0, 238, 310, 258, 24, 1.21%, 12, 0, 4, 1864.95
1636099835, 0, 242, 312, 259, 24, 1.21%, 12, 0, 4, 1854.19
1636099866, 0, 249, 312, 258, 22, 1.21%, 12, 0, 4, 1066.26
1636099876, 0, 249, 313, 259, 22, 1.23%, 12, 0, 4, 898.34
1636099972, 0, 249, 314, 260, 22, 1.23%, 12, 0, 4, 1224.34
1636100406, 0, 253, 314, 259, 22, 1.23%, 12, 0, 4, 1244.09
1636100543, 0, 255, 314, 258, 21, 1.23%, 12, 0, 4, 1418.30
1636100589, 0, 256, 316, 259, 20, 1.23%, 12, 0, 4, 1585.36
1636100640, 0, 257, 324, 266, 20, 1.24%, 12, 0, 4, 1488.19
1636100645, 0, 257, 326, 268, 20, 1.25%, 12, 0, 4, 1477.14
1636100650, 0, 257, 327, 269, 20, 1.25%, 12, 0, 4, 1802.66
1636100681, 0, 257, 332, 274, 20, 1.25%, 12, 0, 4, 1417.38
1636100691, 0, 257, 334, 276, 20, 1.25%, 12, 0, 4, 1595.26
1636100696, 0, 258, 335, 276, 24, 1.25%, 12, 0, 4, 1474.15
1636100742, 0, 259, 335, 275, 23, 1.25%, 12, 0, 4, 1453.85
1636100798, 0, 265, 335, 274, 22, 1.25%, 12, 0, 4, 1753.55
1636100813, 0, 266, 335, 273, 21, 1.25%, 12, 0, 4, 2029.95
1636100828, 0, 268, 335, 272, 20, 1.25%, 12, 0, 4, 1650.49
1636100843, 0, 269, 336, 272, 19, 1.25%, 12, 0, 5, 1901.13
1636100859, 0, 272, 338, 273, 18, 1.25%, 12, 0, 5, 1902.23
1636100889, 0, 276, 339, 273, 17, 1.25%, 12, 0, 5, 1624.04
1636100894, 0, 276, 341, 275, 17, 1.26%, 12, 0, 5, 1415.92
1636100924, 0, 276, 342, 276, 17, 1.26%, 12, 0, 5, 1147.00
1636100944, 0, 279, 343, 276, 18, 1.26%, 12, 0, 5, 1839.86
1636100960, 0, 280, 343, 275, 17, 1.26%, 12, 0, 5, 1603.96
1636100980, 0, 284, 343, 274, 16, 1.26%, 12, 0, 5, 1626.55
1636100990, 0, 284, 344, 275, 16, 1.26%, 12, 0, 5, 1373.52
1636101306, 0, 288, 344, 274, 16, 1.26%, 12, 0, 5, 1364.73
1636101351, 0, 291, 344, 273, 16, 1.26%, 12, 0, 5, 1487.97
1636101392, 0, 293, 344, 272, 15, 1.26%, 12, 0, 5, 1558.61
1636101427, 0, 297, 344, 271, 14, 1.26%, 12, 0, 5, 1604.29
1636101488, 0, 301, 344, 270, 13, 1.26%, 12, 0, 5, 1430.91
1636101509, 0, 301, 345, 271, 13, 1.26%, 12, 0, 5, 1494.12
1636101575, 0, 312, 350, 275, 12, 1.28%, 12, 0, 5, 1307.54
1636101631, 0, 314, 350, 274, 16, 1.28%, 12, 0, 5, 1379.20
1636101702, 0, 315, 350, 273, 15, 1.28%, 12, 0, 5, 1369.53
1636101748, 0, 316, 351, 273, 13, 1.28%, 12, 0, 5, 1589.05
1636101794, 0, 316, 352, 274, 13, 1.28%, 12, 0, 5, 1653.24
1636101799, 0, 318, 353, 274, 12, 1.28%, 12, 0, 5, 1518.81
1636101850, 0, 323, 354, 274, 12, 1.28%, 12, 0, 5, 1540.82
1636101895, 0, 325, 354, 273, 11, 1.28%, 12, 0, 5, 1511.70
1636101900, 0, 325, 355, 274, 11, 1.29%, 12, 0, 5, 1480.75
1636101936, 0, 325, 359, 278, 11, 1.29%, 12, 0, 5, 1385.81
1636101946, 0, 325, 363, 282, 11, 1.29%, 12, 0, 5, 1586.38
1636101951, 0, 325, 364, 283, 11, 1.29%, 12, 0, 5, 1952.72
1636101956, 0, 332, 365, 283, 13, 1.29%, 12, 0, 5, 1557.23
1636102039, 0, 332, 366, 284, 13, 1.29%, 12, 0, 5, 1554.49
1636102044, 0, 334, 366, 283, 13, 1.29%, 12, 0, 5, 1381.80
1636102090, 0, 334, 368, 285, 13, 1.29%, 12, 0, 5, 1622.00
1636102095, 0, 339, 369, 285, 12, 1.30%, 12, 0, 6, 1578.38
1636102145, 0, 340, 369, 284, 12, 1.30%, 12, 0, 6, 1269.12
1636102196, 0, 340, 370, 285, 12, 1.30%, 12, 0, 6, 1432.89
1636102201, 0, 343, 370, 284, 11, 1.30%, 12, 0, 6, 1370.27
1636102206, 0, 343, 371, 285, 11, 1.30%, 12, 0, 6, 1325.97
1636102523, 0, 345, 371, 284, 10, 1.30%, 12, 0, 6, 1279.66
1636102578, 0, 346, 373, 285, 9, 1.30%, 12, 0, 6, 1197.56
1636102619, 0, 346, 374, 286, 9, 1.30%, 12, 0, 6, 930.75
1636102634, 0, 347, 374, 285, 9, 1.30%, 12, 0, 6, 1236.74
1636102690, 0, 348, 374, 284, 8, 1.30%, 12, 0, 6, 1281.87
1636102741, 0, 349, 374, 283, 7, 1.30%, 12, 0, 6, 1261.36
1636102797, 0, 352, 374, 282, 6, 1.30%, 12, 0, 6, 1370.51
1636102843, 0, 359, 377, 284, 5, 1.30%, 12, 0, 6, 1529.10
1636102883, 0, 359, 378, 285, 5, 1.30%, 12, 0, 6, 1416.26
1636102893, 0, 361, 378, 284, 5, 1.30%, 12, 0, 6, 1532.21
1636102975, 0, 363, 382, 287, 4, 1.30%, 12, 0, 6, 1453.02
1636103052, 0, 363, 385, 290, 4, 1.30%, 12, 0, 6, 1798.13
1636103057, 0, 363, 386, 291, 4, 1.30%, 12, 0, 6, 1877.15
1636103062, 0, 363, 387, 292, 4, 1.30%, 12, 0, 6, 1928.62
1636103067, 0, 368, 387, 291, 3, 1.30%, 12, 0, 6, 1591.00
1636103113, 0, 368, 388, 292, 3, 1.30%, 12, 0, 7, 1446.21
1636103118, 0, 373, 389, 292, 2, 1.30%, 12, 0, 7, 1357.67
1636103174, 0, 375, 389, 291, 2, 1.30%, 12, 0, 7, 1347.10
1636103225, 0, 388, 389, 290, 1, 1.30%, 12, 0, 7, 1470.17
1636103230, 0, 388, 390, 291, 1, 1.30%, 12, 0, 8, 1359.09
1636103281, 1, 3, 390, 290, 0, 1.30%, 12, 0, 8, 1429.92
1636103296, 1, 6, 390, 289, 0, 1.30%, 12, 0, 8, 1452.52
1636103311, 1, 9, 390, 288, 0, 1.30%, 12, 0, 8, 1893.98
1636103327, 1, 16, 390, 287, 0, 1.30%, 12, 0, 8, 1385.45
1636103608, 1, 26, 390, 286, 0, 1.30%, 12, 0, 8, 1400.27
1636103914, 1, 41, 390, 285, 0, 1.30%, 12, 0, 8, 1367.61
1636104220, 1, 42, 391, 285, 0, 1.30%, 12, 0, 8, 1373.01
1636104522, 1, 46, 391, 284, 0, 1.30%, 12, 0, 8, 1519.13
1636104537, 1, 50, 391, 283, 0, 1.30%, 12, 0, 8, 1461.53
1636104552, 1, 53, 391, 282, 0, 1.30%, 12, 0, 8, 1547.81
1636104843, 1, 74, 393, 283, 0, 1.30%, 12, 0, 8, 1459.74
1636104899, 1, 77, 393, 282, 0, 1.30%, 12, 0, 8, 1488.99
1636104914, 1, 86, 393, 281, 0, 1.30%, 12, 0, 8, 1528.32
1636104930, 1, 100, 393, 280, 0, 1.30%, 13, 0, 8, 1525.01
1636105221, 1, 103, 393, 279, 0, 1.30%, 13, 0, 8, 1289.64
1636105541, 1, 109, 393, 278, 0, 1.30%, 13, 0, 8, 1885.39
1636105567, 1, 123, 393, 277, 0, 1.30%, 13, 0, 8, 1343.71
1636105869, 1, 127, 393, 276, 0, 1.30%, 13, 0, 8, 1365.84
1636106170, 1, 137, 393, 275, 0, 1.30%, 13, 0, 8, 1389.13
1636106302, 1, 144, 395, 276, 0, 1.30%, 13, 0, 8, 1498.87
1636106480, 1, 148, 395, 275, 0, 1.30%, 13, 0, 8, 1347.02
1636106801, 1, 164, 395, 274, 0, 1.30%, 13, 0, 8, 1311.32
1636107108, 1, 171, 397, 275, 0, 1.30%, 13, 0, 8, 1434.75
1636107153, 1, 172, 397, 274, 0, 1.30%, 13, 0, 8, 1317.53
1636107612, 1, 173, 397, 273, 0, 1.30%, 13, 0, 8, 1303.40
1636107923, 1, 177, 397, 272, 0, 1.30%, 13, 0, 8, 1287.98
1636108060, 1, 179, 397, 271, 0, 1.30%, 13, 0, 8, 1442.56
1636108126, 1, 181, 397, 270, 0, 1.30%, 13, 0, 8, 1465.73
1636108456, 1, 181, 400, 273, 0, 1.30%, 13, 0, 8, 1444.58
1636108461, 1, 181, 404, 277, 0, 1.30%, 13, 0, 8, 1546.96
1636108476, 1, 183, 404, 276, 0, 1.30%, 13, 0, 8, 1505.01
1636108655, 1, 195, 404, 275, 0, 1.30%, 13, 0, 8, 1510.28
1636108817, 1, 203, 404, 274, 0, 1.30%, 13, 0, 8, 1498.16
1636109103, 1, 216, 405, 274, 0, 1.30%, 13, 0, 8, 1511.51
1636109154, 1, 405, 407, 275, 1, 1.30%, 13, 0, 8, 1502.33
1636109185, 1, 405, 408, 276, 1, 1.30%, 13, 0, 8, 1347.77
1636109328, 1, 405, 409, 277, 1, 1.30%, 13, 0, 8, 1485.78
1636109333, 1, 405, 413, 281, 1, 1.30%, 13, 0, 8, 1738.98
1636109338, 1, 405, 414, 282, 1, 1.30%, 13, 0, 8, 1774.10
1636109349, 1, 412, 415, 282, 1, 1.30%, 13, 0, 8, 1546.62
1636109506, 1, 412, 417, 284, 1, 1.30%, 13, 0, 8, 1520.87
1636109511, 1, 412, 418, 285, 1, 1.30%, 13, 0, 8, 1780.51
1636109527, 1, 413, 418, 284, 0, 1.30%, 13, 0, 8, 1312.13
1636109644, 1, 413, 419, 285, 0, 1.30%, 13, 0, 8, 1313.91
1636110114, 1, 413, 420, 286, 0, 1.30%, 13, 0, 8, 1347.75
1636110120, 1, 415, 420, 285, 0, 1.30%, 13, 0, 8, 1344.12
1636110374, 1, 418, 420, 284, 0, 1.30%, 13, 0, 8, 1145.22
1636111010, 1, 418, 421, 285, 0, 1.30%, 13, 0, 8, 1296.14
1636111015, 1, 418, 422, 286, 0, 1.30%, 13, 0, 8, 1334.17
1636111025, 1, 419, 422, 285, 0, 1.30%, 13, 0, 8, 1134.49
1636111981, 1, 419, 424, 287, 0, 1.30%, 13, 0, 8, 1102.20
1636111991, 1, 419, 425, 288, 0, 1.30%, 13, 0, 8, 1214.08
1636112006, 1, 419, 426, 289, 0, 1.30%, 13, 0, 8, 1237.03
1636112011, 1, 423, 426, 288, 0, 1.30%, 13, 0, 8, 1029.19
1636112322, 1, 423, 427, 289, 0, 1.30%, 13, 0, 8, 1236.86
1636113489, 1, 425, 427, 288, 0, 1.30%, 13, 0, 8, 1066.71
1636113495, 1, 425, 428, 289, 0, 1.30%, 13, 0, 8, 1075.00
1636114336, 1, 427, 428, 288, 0, 1.30%, 13, 0, 8, 1123.66
1636115189, 1, 427, 429, 289, 0, 1.30%, 13, 0, 9, 1249.15
1636115194, 2, 19, 429, 288, 0, 1.30%, 13, 0, 9, 1416.24
1636115500, 2, 53, 430, 288, 1, 1.31%, 13, 0, 9, 1450.70
1636115505, 2, 213, 430, 288, 1, 1.31%, 13, 0, 9, 1364.13
1636115796, 2, 429, 431, 288, 1, 1.31%, 13, 0, 9, 1037.93
1636117549, 2, 431, 432, 288, 1, 1.31%, 13, 0, 9, 1020.56
1636117610, 2, 431, 433, 289, 1, 1.32%, 13, 0, 9, 1228.43
1636118979, 2, 431, 434, 290, 1, 1.32%, 13, 0, 9, 1008.09
1636118984, 2, 432, 434, 289, 1, 1.32%, 13, 0, 9, 946.31
1636120337, 2, 432, 436, 291, 1, 1.32%, 13, 0, 9, 1034.40
1636120342, 2, 432, 438, 293, 1, 1.32%, 13, 0, 9, 1116.50
1636120347, 2, 432, 440, 295, 1, 1.32%, 13, 0, 9, 1132.04
1636120357, 2, 435, 442, 296, 0, 1.32%, 13, 0, 9, 1071.07
1636121127, 2, 435, 443, 297, 0, 1.32%, 13, 0, 9, 1130.93
1636121132, 2, 439, 443, 296, 0, 1.32%, 13, 0, 9, 1285.13
1636122927, 3, 33, 443, 295, 0, 1.32%, 13, 0, 9, 1226.85
1636123222, 3, 34, 443, 294, 0, 1.32%, 13, 0, 9, 1345.04
1636123508, 3, 48, 443, 293, 0, 1.32%, 13, 0, 9, 1489.47
1636123528, 3, 51, 443, 292, 0, 1.32%, 13, 0, 9, 1682.01
1636123533, 3, 67, 443, 291, 0, 1.32%, 13, 0, 9, 1907.05
1636123548, 3, 68, 443, 290, 0, 1.32%, 13, 0, 9, 1783.75
1636123559, 3, 80, 443, 289, 0, 1.32%, 13, 0, 9, 1616.35
1636123599, 3, 83, 443, 288, 0, 1.32%, 14, 0, 9, 1845.37
1636123614, 3, 84, 443, 287, 0, 1.32%, 14, 0, 9, 1920.04
1636123629, 3, 95, 443, 286, 0, 1.32%, 14, 0, 9, 1450.81
1636123909, 3, 105, 443, 285, 0, 1.32%, 14, 0, 9, 1335.49
1636124215, 3, 110, 443, 284, 0, 1.32%, 14, 0, 9, 1364.10
1636124516, 3, 112, 443, 283, 0, 1.32%, 14, 0, 9, 1426.18
1636124547, 3, 115, 443, 282, 0, 1.32%, 14, 0, 9, 1398.33
1636124863, 3, 132, 443, 281, 0, 1.32%, 14, 0, 9, 1314.15
1636125229, 3, 142, 443, 280, 0, 1.32%, 14, 0, 9, 1349.10
1636125550, 3, 149, 443, 279, 0, 1.32%, 14, 0, 9, 1395.96
1636125875, 3, 151, 443, 278, 0, 1.32%, 14, 0, 9, 1348.23
1636126197, 3, 154, 443, 277, 0, 1.32%, 14, 0, 9, 1333.99
1636126533, 3, 159, 443, 276, 0, 1.32%, 15, 0, 9, 1481.74
1636126564, 3, 162, 444, 276, 0, 1.32%, 15, 0, 9, 1341.58
1636126901, 3, 162, 446, 278, 0, 1.32%, 15, 0, 9, 1418.13
1636126906, 3, 167, 447, 278, 0, 1.32%, 15, 0, 9, 1598.19
1636126942, 3, 169, 447, 277, 0, 1.32%, 15, 0, 9, 1478.96
1636127263, 3, 178, 447, 276, 0, 1.32%, 15, 0, 9, 1362.93
1636127421, 3, 184, 447, 275, 0, 1.32%, 15, 0, 9, 1386.67
1636127752, 3, 186, 447, 274, 0, 1.32%, 16, 0, 9, 1505.12
1636127777, 3, 193, 447, 273, 0, 1.32%, 16, 0, 9, 1651.30
1636127782, 3, 194, 447, 273, 0, 1.32%, 16, 0, 9, 1376.34
1636127944, 3, 201, 447, 272, 0, 1.32%, 16, 0, 9, 1468.79
1636127970, 3, 204, 447, 271, 0, 1.32%, 16, 0, 9, 1813.33
1636127985, 3, 208, 447, 270, 0, 1.32%, 16, 0, 9, 1418.43
1636128036, 3, 214, 447, 269, 0, 1.32%, 16, 0, 9, 1342.93
1636128230, 3, 222, 449, 270, 0, 1.32%, 16, 0, 9, 1337.58
1636128408, 3, 226, 449, 269, 0, 1.32%, 16, 0, 9, 1335.89
1636128741, 3, 241, 449, 268, 0, 1.32%, 16, 0, 9, 1370.41
1636128792, 3, 247, 449, 267, 0, 1.32%, 16, 0, 9, 1230.49
1636129189, 3, 248, 449, 266, 0, 1.32%, 16, 0, 9, 1344.50
1636129326, 3, 250, 449, 265, 0, 1.32%, 16, 0, 9, 1420.67
1636129469, 3, 252, 449, 264, 0, 1.32%, 16, 0, 9, 1407.87
1636129605, 3, 267, 449, 263, 0, 1.32%, 16, 0, 9, 1593.36
1636129615, 3, 267, 450, 264, 0, 1.33%, 16, 0, 9, 1486.42
1636129640, 3, 344, 450, 263, 1, 1.33%, 16, 0, 9, 1491.02
1636129722, 3, 344, 452, 265, 1, 1.33%, 16, 0, 9, 1781.53
1636129727, 3, 344, 453, 266, 1, 1.33%, 16, 0, 9, 2009.40
1636129732, 3, 449, 453, 265, 1, 1.33%, 16, 0, 9, 1678.58
1636129768, 3, 449, 455, 267, 1, 1.33%, 16, 0, 9, 1796.17
1636129773, 3, 449, 456, 268, 1, 1.33%, 16, 0, 9, 2209.77
1636129783, 3, 450, 456, 267, 0, 1.33%, 16, 0, 9, 1804.96
1636129945, 3, 451, 456, 266, 0, 1.33%, 16, 0, 9, 1452.64
1636130112, 3, 451, 458, 268, 0, 1.33%, 16, 0, 9, 1800.40
1636130117, 4, 18, 458, 267, 0, 1.33%, 16, 0, 9, 1835.49
1636130403, 4, 24, 458, 266, 0, 1.33%, 16, 0, 9, 1475.24
1636130418, 4, 30, 458, 265, 0, 1.33%, 16, 0, 9, 1569.82
1636130438, 4, 37, 458, 264, 0, 1.33%, 16, 0, 9, 1343.95
1636130745, 4, 56, 458, 263, 0, 1.33%, 16, 0, 9, 1497.78
1636130781, 4, 61, 458, 262, 0, 1.33%, 16, 0, 9, 1479.91
1636130939, 4, 73, 458, 261, 0, 1.33%, 16, 0, 9, 1546.29
1636130974, 4, 81, 458, 260, 0, 1.33%, 16, 0, 9, 1523.12
1636131035, 4, 85, 458, 259, 0, 1.33%, 16, 0, 9, 1930.01
1636131050, 4, 87, 458, 258, 0, 1.33%, 16, 0, 9, 1898.24
1636131066, 4, 97, 458, 257, 0, 1.33%, 16, 0, 9, 1410.86
1636131352, 4, 107, 458, 256, 0, 1.33%, 16, 0, 9, 1319.52
1636131678, 4, 128, 458, 255, 0, 1.33%, 16, 0, 9, 1338.45
1636131991, 4, 133, 458, 254, 0, 1.33%, 16, 0, 9, 1320.37
1636132306, 4, 139, 458, 253, 0, 1.33%, 16, 0, 9, 1339.56
1636132469, 4, 155, 458, 252, 0, 1.33%, 16, 0, 9, 1451.95
1636132525, 4, 156, 458, 251, 0, 1.33%, 16, 0, 9, 1359.98
1636132861, 4, 160, 458, 250, 0, 1.33%, 16, 0, 9, 1727.19
1636132876, 4, 166, 458, 249, 0, 1.33%, 16, 0, 9, 1535.77
1636132911, 4, 175, 458, 248, 0, 1.33%, 16, 0, 9, 1407.90
1636133274, 4, 182, 459, 248, 0, 1.33%, 16, 0, 9, 1333.96
1636133631, 4, 187, 459, 247, 0, 1.33%, 16, 0, 9, 1384.22
1636133707, 4, 197, 459, 246, 0, 1.33%, 16, 0, 9, 1530.29
1636133712, 4, 198, 459, 246, 0, 1.33%, 16, 0, 9, 1676.20
1636133738, 4, 204, 459, 245, 0, 1.33%, 16, 0, 9, 1550.69
1636133743, 4, 219, 459, 245, 0, 1.33%, 16, 0, 9, 1393.66
1636134054, 4, 230, 459, 244, 0, 1.33%, 16, 0, 9, 1654.74
1636134080, 4, 231, 459, 243, 0, 1.33%, 16, 0, 9, 1523.24
1636134110, 4, 233, 459, 242, 0, 1.33%, 16, 0, 9, 1575.50
1636134141, 4, 245, 459, 241, 0, 1.33%, 16, 0, 9, 1460.45
1636134288, 4, 249, 459, 240, 0, 1.33%, 16, 0, 9, 1460.16
1636134293, 4, 270, 459, 240, 0, 1.33%, 16, 0, 9, 2085.57
1636134314, 4, 271, 459, 239, 0, 1.33%, 17, 0, 9, 2028.19
1636134334, 4, 277, 459, 238, 0, 1.33%, 17, 0, 9, 1455.34
1636134523, 4, 281, 459, 237, 0, 1.33%, 17, 0, 9, 1484.49
1636134553, 4, 282, 459, 236, 0, 1.33%, 17, 0, 9, 1431.95
1636134584, 4, 287, 459, 235, 0, 1.33%, 17, 0, 9, 1505.95
1636134752, 4, 291, 460, 235, 0, 1.33%, 17, 0, 9, 1620.37
1636134758, 4, 294, 460, 235, 0, 1.33%, 17, 0, 9, 1552.49
1636134798, 4, 295, 460, 234, 0, 1.33%, 17, 0, 9, 1536.75
1636134844, 4, 298, 460, 233, 0, 1.33%, 17, 0, 9, 1374.93
1636134915, 4, 302, 460, 232, 0, 1.33%, 17, 0, 9, 1285.67
1636135083, 4, 305, 460, 231, 0, 1.33%, 17, 0, 9, 1318.89
1636135149, 4, 306, 460, 230, 0, 1.33%, 17, 0, 9, 1336.94
1636135256, 4, 307, 460, 229, 0, 1.33%, 17, 0, 9, 1310.69
1636135343, 4, 393, 461, 229, 1, 1.33%, 17, 0, 9, 1454.71
1636135684, 4, 460, 463, 230, 1, 1.33%, 17, 0, 9, 1389.84
1636135791, 4, 460, 465, 232, 1, 1.33%, 17, 0, 9, 1675.45
1636135806, 4, 462, 465, 231, 1, 1.33%, 17, 0, 9, 1704.91
1636135913, 4, 464, 465, 230, 0, 1.33%, 17, 0, 9, 1154.91
1636137613, 4, 464, 468, 233, 0, 1.33%, 17, 0, 9, 1043.65
1636137633, 5, 1, 468, 232, 0, 1.33%, 17, 0, 9, 1868.56
1636137643, 5, 2, 468, 231, 0, 1.33%, 17, 0, 9, 1504.59
1636137663, 5, 14, 468, 230, 0, 1.33%, 17, 0, 9, 1399.61
1636137955, 5, 15, 468, 229, 0, 1.33%, 17, 0, 9, 1349.13
1636138246, 5, 23, 468, 228, 0, 1.33%, 17, 0, 9, 1740.33
1636138261, 5, 36, 468, 227, 0, 1.33%, 17, 0, 9, 1479.42
1636138440, 5, 38, 468, 226, 0, 1.33%, 17, 0, 9, 1834.09
1636138455, 5, 60, 468, 225, 0, 1.33%, 17, 0, 9, 1504.99
1636138597, 5, 66, 468, 224, 0, 1.33%, 17, 0, 9, 1740.25
1636138607, 5, 76, 468, 223, 0, 1.33%, 17, 0, 9, 1944.46
1636138622, 5, 79, 468, 222, 0, 1.33%, 17, 0, 9, 1536.42
1636138658, 5, 89, 468, 221, 0, 1.33%, 17, 0, 9, 1524.01
1636138949, 5, 99, 468, 220, 0, 1.33%, 17, 0, 9, 1333.26
1636139236, 5, 119, 468, 219, 0, 1.33%, 17, 0, 9, 1340.78
1636139251, 5, 119, 468, 219, 0, 1.33%, 18, 0, 9, 1322.67
1636139562, 5, 120, 468, 218, 0, 1.33%, 18, 0, 9, 1286.21
1636139893, 5, 134, 468, 217, 0, 1.33%, 18, 0, 9, 1320.62
1636140235, 5, 136, 468, 216, 0, 1.33%, 18, 0, 9, 1355.57
1636140403, 5, 146, 468, 215, 0, 1.33%, 18, 0, 9, 1439.96
1636140772, 5, 147, 468, 214, 0, 1.33%, 18, 0, 9, 1372.56
1636140818, 5, 153, 468, 213, 0, 1.33%, 18, 0, 9, 1491.43
1636141108, 5, 192, 468, 212, 0, 1.33%, 18, 0, 9, 1830.49
1636141124, 5, 227, 468, 211, 0, 1.33%, 18, 0, 9, 1542.02
1636141477, 5, 273, 468, 210, 0, 1.33%, 18, 0, 9, 1583.96
1636141603, 5, 275, 468, 209, 0, 1.33%, 18, 0, 9, 1554.42
1636141649, 5, 290, 468, 208, 0, 1.33%, 18, 0, 9, 1521.57
1636141689, 5, 303, 468, 207, 0, 1.33%, 18, 0, 9, 1696.60
1636141735, 5, 304, 468, 206, 0, 1.33%, 18, 0, 9, 1544.13
1636141801, 5, 317, 468, 205, 0, 1.33%, 18, 0, 9, 1501.91
1636141852, 5, 320, 468, 204, 0, 1.33%, 18, 0, 9, 1493.54
1636141898, 5, 322, 468, 203, 0, 1.33%, 18, 0, 9, 1548.01
1636141948, 5, 322, 469, 204, 0, 1.33%, 18, 0, 9, 1649.08
1636141953, 5, 324, 469, 203, 0, 1.33%, 18, 0, 9, 1559.74
1636142004, 5, 350, 469, 202, 0, 1.33%, 18, 0, 9, 1658.53
1636142076, 5, 355, 469, 201, 0, 1.33%, 18, 0, 9, 1476.63
1636142132, 5, 356, 469, 200, 0, 1.33%, 18, 0, 9, 1506.01
1636142198, 5, 366, 469, 199, 0, 1.33%, 18, 0, 9, 1624.52
1636142239, 5, 370, 469, 198, 0, 1.33%, 18, 0, 9, 1436.46
1636142565, 5, 377, 471, 199, 0, 1.33%, 18, 0, 9, 1571.96
1636142646, 5, 389, 472, 199, 0, 1.33%, 18, 0, 9, 1355.52
1636142651, 5, 389, 473, 200, 0, 1.33%, 18, 0, 9, 1402.53
1636142702, 5, 457, 474, 200, 2, 1.33%, 18, 0, 9, 1553.70
1636143537, 5, 457, 475, 201, 2, 1.33%, 18, 0, 9, 1156.94
1636143542, 5, 471, 475, 200, 2, 1.33%, 18, 0, 9, 1338.33
1636143547, 5, 471, 477, 202, 2, 1.33%, 18, 0, 10, 1234.47
1636143603, 5, 471, 478, 203, 2, 1.33%, 18, 0, 10, 2051.31
1636143613, 5, 472, 479, 203, 3, 1.33%, 18, 0, 10, 1466.60
1636143669, 5, 475, 480, 203, 2, 1.33%, 18, 0, 11, 1883.53
1636143725, 5, 475, 482, 205, 2, 1.33%, 18, 0, 11, 1763.37
1636143730, 5, 475, 483, 206, 2, 1.33%, 18, 0, 11, 2095.93
1636143736, 5, 477, 483, 205, 2, 1.33%, 18, 0, 11, 1885.36
1636143746, 5, 477, 489, 211, 2, 1.33%, 18, 0, 11, 838.52
1636144036, 5, 477, 492, 214, 2, 1.33%, 18, 0, 11, 1365.28
1636144041, 5, 477, 493, 215, 2, 1.33%, 18, 0, 11, 1536.84
1636144051, 5, 479, 493, 214, 1, 1.33%, 18, 0, 11, 1483.07
1636144112, 5, 481, 493, 213, 0, 1.33%, 18, 0, 11, 1595.28
1636144193, 5, 481, 494, 214, 0, 1.33%, 18, 0, 12, 1727.33
1636144198, 5, 481, 495, 215, 0, 1.33%, 18, 0, 12, 1978.85
1636144204, 5, 482, 495, 214, 0, 1.33%, 18, 0, 12, 1875.50
1636144295, 5, 491, 495, 213, 0, 1.33%, 18, 0, 12, 1216.12
1636144832, 5, 491, 496, 214, 0, 1.33%, 18, 0, 12, 1224.95
1636144848, 5, 491, 497, 215, 0, 1.33%, 18, 0, 12, 1340.84
1636144853, 5, 494, 497, 214, 0, 1.33%, 18, 0, 12, 1138.46
1636144995, 5, 494, 500, 217, 0, 1.33%, 18, 0, 13, 1233.02
1636145000, 5, 494, 503, 220, 0, 1.33%, 18, 0, 13, 1708.99
1636145005, 5, 494, 504, 221, 0, 1.33%, 18, 0, 13, 1794.05
1636145010, 5, 499, 504, 220, 0, 1.33%, 18, 0, 13, 1389.95
1636145258, 6, 20, 504, 219, 0, 1.33%, 18, 0, 13, 1465.25
1636145564, 6, 25, 504, 218, 0, 1.33%, 18, 0, 13, 1388.55
1636145865, 6, 28, 504, 217, 0, 1.33%, 18, 0, 13, 1828.29
1636145881, 6, 39, 504, 216, 0, 1.33%, 18, 0, 13, 1998.60
1636145896, 6, 69, 504, 215, 0, 1.33%, 18, 0, 13, 1748.43
1636145912, 6, 94, 504, 214, 0, 1.33%, 18, 0, 13, 1574.24
1636146197, 6, 114, 504, 213, 0, 1.33%, 18, 0, 13, 1451.76
1636146233, 6, 116, 504, 212, 0, 1.33%, 18, 0, 13, 1397.47
1636146554, 6, 121, 504, 211, 0, 1.33%, 18, 0, 13, 1293.50
1636146901, 6, 122, 504, 210, 0, 1.33%, 18, 0, 13, 1320.63
1636147089, 6, 140, 504, 209, 0, 1.33%, 18, 0, 13, 1316.13
1636147385, 6, 141, 504, 208, 0, 1.33%, 18, 0, 13, 1530.01
1636147405, 6, 150, 504, 207, 0, 1.33%, 18, 0, 13, 2005.45
1636147421, 6, 158, 504, 206, 0, 1.33%, 18, 0, 13, 1457.86
1636147768, 6, 161, 504, 205, 0, 1.33%, 18, 0, 13, 1973.24
1636147788, 6, 174, 504, 204, 0, 1.33%, 18, 0, 13, 1471.57
1636148171, 6, 209, 505, 204, 0, 1.33%, 18, 0, 13, 1427.17
1636148462, 6, 221, 506, 204, 0, 1.33%, 18, 0, 13, 1499.55
1636148578, 6, 223, 506, 203, 0, 1.33%, 18, 0, 13, 1403.47
1636148911, 6, 223, 507, 204, 0, 1.33%, 18, 0, 13, 1369.53
1636148916, 6, 246, 507, 203, 0, 1.33%, 18, 0, 13, 1287.41
1636149420, 6, 249, 507, 202, 0, 1.33%, 18, 0, 13, 1251.78
1636149425, 6, 251, 507, 202, 0, 1.33%, 18, 0, 13, 1360.61
1636149567, 6, 263, 507, 201, 0, 1.33%, 18, 0, 13, 1518.43
1636149588, 6, 264, 507, 200, 0, 1.33%, 18, 0, 13, 1865.64
1636149603, 6, 278, 507, 199, 0, 1.33%, 18, 0, 13, 1619.86
1636149649, 6, 285, 507, 198, 0, 1.33%, 18, 0, 13, 1584.76
1636149939, 6, 285, 508, 199, 0, 1.33%, 18, 0, 13, 1480.33
1636149944, 6, 313, 508, 198, 0, 1.33%, 18, 0, 13, 1061.46
1636150529, 6, 372, 509, 198, 0, 1.33%, 18, 0, 13, 1748.53
1636150585, 6, 376, 510, 198, 0, 1.33%, 18, 0, 13, 1388.38
1636150641, 6, 378, 510, 197, 0, 1.33%, 18, 0, 13, 1487.73
1636150697, 6, 402, 510, 196, 0, 1.33%, 18, 0, 13, 1429.61
1636151038, 6, 408, 510, 195, 0, 1.33%, 18, 0, 13, 1326.15
1636151473, 6, 408, 511, 196, 0, 1.33%, 18, 0, 13, 1536.85
1636151478, 6, 414, 511, 195, 0, 1.33%, 18, 0, 13, 1438.21
1636151636, 6, 428, 511, 194, 0, 1.33%, 18, 0, 13, 1300.87
1636152646, 6, 428, 512, 195, 0, 1.33%, 18, 0, 13, 1074.63
1636152651, 6, 428, 514, 197, 0, 1.33%, 18, 0, 13, 1284.14
1636152662, 6, 428, 515, 198, 0, 1.33%, 18, 0, 13, 1329.46
1636152667, 6, 430, 516, 198, 0, 1.33%, 18, 0, 13, 1209.81
1636153120, 6, 431, 516, 197, 0, 1.33%, 18, 0, 13, 1351.46
1636153125, 6, 433, 516, 197, 0, 1.33%, 18, 0, 13, 1100.19
1636154514, 6, 441, 516, 196, 0, 1.33%, 18, 0, 13, 1062.44
1636155271, 6, 442, 516, 195, 0, 1.33%, 18, 0, 13, 1220.89
1636157116, 6, 445, 516, 194, 0, 1.33%, 18, 0, 13, 1093.30
1636158186, 6, 445, 517, 195, 0, 1.33%, 18, 0, 13, 1175.89
1636158191, 6, 456, 517, 194, 0, 1.33%, 18, 0, 13, 1251.85
1636158820, 6, 459, 517, 193, 0, 1.33%, 18, 0, 13, 1276.80
1636159164, 6, 459, 518, 194, 0, 1.33%, 18, 0, 13, 1449.00
1636159169, 6, 459, 519, 195, 0, 1.33%, 18, 0, 13, 1619.39
1636159184, 6, 473, 521, 196, 0, 1.33%, 18, 0, 13, 1511.90
1636159276, 6, 473, 522, 197, 0, 1.33%, 18, 0, 13, 1295.07
1636159291, 6, 478, 522, 196, 0, 1.33%, 18, 0, 13, 1748.03
1636159352, 6, 490, 522, 195, 0, 1.33%, 18, 0, 13, 1962.31
1636159556, 6, 497, 522, 194, 0, 1.33%, 18, 0, 13, 1136.42
1636159779, 6, 500, 522, 193, 0, 1.33%, 18, 0, 13, 1229.41
1636160043, 6, 500, 524, 195, 0, 1.33%, 18, 0, 14, 1245.83
1636160048, 6, 500, 525, 196, 0, 1.33%, 18, 0, 14, 1601.88
1636160059, 6, 501, 525, 195, 0, 1.33%, 18, 0, 14, 1373.54
1636160064, 6, 501, 526, 196, 0, 1.33%, 18, 0, 14, 888.70
1636160461, 6, 501, 528, 198, 0, 1.33%, 18, 0, 14, 1206.97
1636160466, 6, 501, 529, 199, 0, 1.33%, 18, 0, 14, 1394.15
1636160481, 6, 503, 529, 198, 0, 1.33%, 18, 0, 14, 917.61
1636161029, 6, 503, 529, 198, 0, 1.33%, 19, 0, 14, 1096.12
1636161039, 6, 507, 529, 197, 0, 1.33%, 19, 0, 14, 996.44
1636161747, 6, 507, 530, 198, 0, 1.34%, 19, 0, 14, 1143.61
1636165998, 6, 529, 530, 197, 1, 1.34%, 19, 0, 14, 810.11
1636166186, 6, 529, 534, 201, 1, 1.34%, 19, 0, 14, 621.47
1636171967, 6, 529, 537, 204, 1, 1.34%, 19, 0, 14, 673.94
1636171982, 6, 529, 538, 205, 1, 1.34%, 19, 0, 14, 792.52
1636171998, 6, 531, 538, 204, 1, 1.34%, 19, 0, 14, 785.75
1636176346, 6, 532, 538, 203, 0, 1.34%, 19, 0, 14, 823.50
1636180795, 7, 21, 538, 202, 0, 1.34%, 19, 0, 14, 1083.17
1636181105, 7, 92, 538, 201, 0, 1.34%, 19, 0, 14, 1742.61
1636181391, 7, 93, 538, 200, 0, 1.34%, 19, 0, 14, 1379.21
1636181681, 7, 108, 538, 199, 0, 1.34%, 19, 0, 14, 1637.14
1636181702, 7, 118, 538, 198, 0, 1.34%, 19, 0, 14, 1401.75
1636181742, 7, 135, 538, 197, 0, 1.34%, 19, 0, 14, 1419.19
1636181793, 7, 157, 538, 196, 0, 1.34%, 19, 0, 14, 1396.78
1636181936, 7, 168, 538, 195, 0, 1.34%, 19, 0, 14, 1326.36
1636182251, 7, 196, 538, 194, 0, 1.34%, 19, 0, 14, 1440.06
1636182413, 7, 215, 538, 193, 0, 1.34%, 19, 0, 14, 1528.28
1636182454, 7, 224, 538, 192, 0, 1.34%, 19, 0, 14, 1425.00
1636182765, 7, 225, 538, 191, 0, 1.34%, 19, 0, 14, 1412.58
1636182821, 7, 240, 538, 190, 0, 1.34%, 19, 0, 14, 1484.87
1636182851, 7, 283, 538, 189, 0, 1.34%, 19, 0, 14, 1730.42
1636182892, 7, 292, 538, 188, 0, 1.34%, 19, 0, 14, 1481.66
1636182933, 7, 297, 538, 187, 0, 1.34%, 19, 0, 14, 1675.27
1636182938, 7, 321, 538, 187, 0, 1.34%, 19, 0, 14, 1542.60
1636182984, 7, 327, 539, 187, 0, 1.34%, 19, 0, 14, 1576.48
1636183044, 7, 333, 539, 186, 0, 1.34%, 19, 0, 14, 1538.84
1636183105, 7, 333, 540, 187, 0, 1.34%, 19, 0, 14, 1537.14
1636183111, 7, 342, 540, 186, 0, 1.34%, 19, 0, 14, 2046.82
1636183126, 7, 357, 540, 185, 0, 1.34%, 19, 0, 14, 1636.72
1636183203, 7, 365, 540, 184, 0, 1.34%, 19, 0, 14, 1414.01
1636183304, 7, 365, 541, 185, 0, 1.34%, 19, 0, 14, 1400.35
1636183309, 7, 380, 541, 184, 0, 1.34%, 19, 0, 14, 1562.48
1636183365, 7, 381, 541, 183, 0, 1.34%, 19, 0, 14, 1481.85
1636183422, 7, 386, 542, 183, 0, 1.34%, 19, 0, 14, 1641.25
1636183584, 7, 386, 544, 185, 0, 1.34%, 19, 0, 14, 1625.37
1636183589, 7, 387, 544, 184, 0, 1.34%, 19, 0, 14, 1542.71
1636183635, 7, 397, 544, 183, 0, 1.34%, 19, 0, 14, 1429.92
1636183983, 7, 399, 544, 182, 0, 1.34%, 19, 0, 14, 1375.55
1636184655, 7, 403, 545, 182, 0, 1.34%, 19, 0, 14, 1282.81
1636185135, 7, 416, 545, 181, 0, 1.34%, 19, 0, 14, 1431.41
1636185506, 7, 416, 547, 183, 0, 1.34%, 19, 0, 14, 1538.38
1636185517, 7, 422, 547, 182, 0, 1.34%, 19, 0, 14, 1157.97
1636186750, 7, 422, 549, 184, 0, 1.34%, 19, 0, 14, 1247.54
1636186760, 7, 434, 549, 183, 0, 1.34%, 19, 0, 14, 1191.35
1636187224, 7, 437, 549, 182, 0, 1.34%, 19, 0, 14, 955.54
1636189638, 7, 453, 549, 181, 0, 1.34%, 19, 0, 14, 1168.85
1636189790, 7, 453, 551, 183, 0, 1.34%, 19, 0, 14, 1866.66
1636189795, 7, 461, 551, 182, 0, 1.34%, 19, 0, 14, 1558.83
1636192004, 7, 468, 551, 181, 0, 1.34%, 19, 0, 14, 1147.17
1636194536, 7, 468, 552, 182, 0, 1.34%, 19, 0, 14, 1058.37
1636194547, 7, 468, 554, 184, 0, 1.34%, 19, 0, 14, 1118.15
1636194562, 7, 470, 554, 183, 0, 1.34%, 19, 0, 14, 1142.97
1636194766, 7, 470, 556, 185, 0, 1.34%, 19, 0, 14, 1639.63
1636194771, 7, 470, 557, 186, 0, 1.34%, 19, 0, 14, 1794.97
1636194776, 7, 470, 558, 187, 0, 1.34%, 19, 0, 14, 1834.18
1636194781, 7, 477, 559, 187, 0, 1.34%, 19, 0, 14, 1942.73
1636194786, 7, 485, 559, 187, 0, 1.34%, 19, 0, 14, 1396.31
1636194852, 7, 487, 559, 186, 0, 1.34%, 19, 0, 14, 1653.75
1636194934, 7, 489, 559, 185, 0, 1.34%, 19, 0, 14, 1760.76
1636195036, 7, 489, 560, 186, 0, 1.34%, 19, 0, 14, 1711.79
1636195046, 7, 492, 560, 185, 0, 1.34%, 19, 0, 14, 1772.07
1636195532, 7, 493, 560, 184, 0, 1.34%, 19, 0, 14, 1201.15
1636195670, 7, 498, 560, 183, 0, 1.34%, 19, 0, 14, 1234.51
1636195913, 7, 504, 560, 182, 0, 1.34%, 19, 0, 14, 1401.40
1636196459, 7, 504, 561, 183, 0, 1.34%, 19, 0, 14, 1273.14
1636196469, 7, 514, 561, 182, 0, 1.34%, 19, 0, 14, 1436.41
1636198348, 7, 520, 561, 181, 0, 1.34%, 19, 0, 14, 1177.02
1636198439, 7, 528, 561, 180, 0, 1.34%, 19, 0, 14, 999.27
1636200128, 7, 533, 561, 179, 0, 1.34%, 19, 0, 14, 819.48
1636204728, 7, 540, 561, 178, 0, 1.34%, 19, 0, 14, 1078.18
1636204927, 7, 540, 563, 180, 0, 1.34%, 19, 0, 14, 1563.74
1636204932, 7, 540, 564, 181, 0, 1.34%, 19, 0, 14, 1749.13
1636204947, 7, 547, 564, 180, 0, 1.34%, 19, 0, 14, 830.58
1636206619, 7, 547, 565, 181, 0, 1.34%, 19, 0, 14, 992.10
1636215431, 7, 547, 566, 182, 0, 1.34%, 19, 0, 14, 610.91
1636215451, 7, 549, 566, 181, 0, 1.34%, 19, 0, 14, 1196.87
1636215700, 7, 549, 567, 182, 0, 1.34%, 19, 0, 14, 1513.55
1636215705, 7, 549, 568, 183, 0, 1.34%, 19, 0, 14, 1711.93
1636215720, 7, 553, 568, 182, 0, 1.34%, 19, 0, 14, 1200.26
1636218596, 7, 553, 570, 184, 0, 1.34%, 19, 0, 14, 1070.04
1636218606, 7, 553, 571, 185, 0, 1.34%, 19, 0, 14, 1064.07
1636218611, 7, 554, 571, 184, 0, 1.34%, 19, 0, 14, 1072.36
1636219340, 7, 554, 572, 185, 0, 1.34%, 19, 0, 14, 1232.43
1636219350, 7, 554, 573, 186, 0, 1.34%, 19, 0, 14, 1470.22
1636219360, 7, 555, 574, 186, 0, 1.34%, 19, 0, 14, 1148.02
1636221419, 7, 556, 576, 187, 0, 1.34%, 19, 0, 14, 1296.75
1636221511, 7, 556, 577, 188, 0, 1.34%, 19, 0, 14, 1896.00
1636221516, 7, 556, 578, 189, 0, 1.34%, 19, 0, 14, 1974.68
1636221521, 7, 557, 578, 188, 0, 1.34%, 19, 0, 14, 1311.89
1636223255, 7, 557, 579, 189, 0, 1.34%, 19, 0, 14, 1079.89
1636223261, 7, 557, 580, 190, 0, 1.34%, 19, 0, 14, 1192.63
1636223276, 7, 560, 580, 189, 0, 1.34%, 19, 0, 14, 1123.63
1636224777, 7, 560, 582, 191, 0, 1.34%, 19, 0, 14, 1049.29
1636224803, 7, 561, 582, 190, 0, 1.34%, 19, 0, 14, 1248.00
1636225802, 7, 561, 583, 191, 0, 1.34%, 19, 0, 14, 1130.16
1636225818, 7, 580, 583, 190, 0, 1.34%, 19, 0, 14, 1005.49
1636228383, 7, 582, 583, 189, 0, 1.34%, 19, 0, 14, 1062.15
1636231772, 8, 12, 583, 188, 0, 1.34%, 19, 0, 14, 1192.15
1636232064, 8, 17, 583, 187, 0, 1.34%, 19, 0, 14, 1371.95
1636232243, 8, 31, 583, 186, 0, 1.34%, 19, 0, 14, 1764.90
1636232258, 8, 49, 583, 185, 0, 1.34%, 19, 0, 14, 1835.99
1636232273, 8, 52, 583, 184, 0, 1.34%, 19, 0, 14, 1841.73
1636232288, 8, 55, 583, 183, 0, 1.34%, 19, 0, 14, 1384.45
1636232579, 8, 71, 583, 182, 0, 1.34%, 19, 0, 14, 1480.21
1636232619, 8, 75, 583, 181, 0, 1.34%, 19, 0, 14, 1449.07
1636232675, 8, 90, 583, 180, 0, 1.34%, 19, 0, 14, 1510.67
1636232961, 8, 101, 583, 179, 0, 1.34%, 19, 0, 14, 1264.44
1636233267, 8, 113, 583, 178, 0, 1.34%, 19, 0, 14, 1404.84
1636233298, 8, 143, 583, 177, 0, 1.34%, 19, 0, 14, 1421.15
1636233603, 8, 154, 583, 176, 0, 1.34%, 19, 0, 14, 1401.79
1636233608, 8, 180, 583, 176, 0, 1.34%, 19, 0, 14, 1353.42
1636233930, 8, 202, 583, 175, 0, 1.34%, 19, 0, 14, 1448.56
1636233991, 8, 212, 583, 174, 0, 1.34%, 19, 0, 14, 1399.85
1636234277, 8, 234, 584, 174, 0, 1.34%, 19, 0, 14, 1516.72
1636234323, 8, 242, 584, 173, 0, 1.34%, 19, 0, 14, 1498.08
1636234328, 8, 260, 584, 173, 0, 1.34%, 19, 0, 14, 1385.01
1636234384, 8, 262, 584, 172, 0, 1.34%, 19, 0, 14, 1483.54
1636234404, 8, 296, 584, 171, 0, 1.34%, 19, 0, 14, 1536.23
1636234460, 8, 311, 584, 170, 0, 1.34%, 19, 0, 14, 1456.17
1636234557, 8, 330, 584, 169, 0, 1.34%, 19, 0, 14, 1500.37
1636234746, 8, 335, 584, 168, 0, 1.34%, 19, 0, 14, 1559.53
1636234776, 8, 338, 585, 168, 0, 1.34%, 19, 0, 14, 1749.93
1636234827, 8, 358, 585, 167, 0, 1.34%, 19, 0, 14, 1572.12
1636234898, 8, 362, 585, 166, 0, 1.34%, 19, 0, 14, 1506.48
1636234970, 8, 364, 585, 165, 0, 1.34%, 19, 0, 14, 1379.99
1636235056, 8, 382, 585, 164, 0, 1.34%, 19, 0, 14, 1452.01
1636235158, 8, 396, 585, 163, 0, 1.34%, 19, 0, 14, 1417.00
1636235500, 8, 400, 585, 162, 0, 1.34%, 19, 0, 14, 1236.02
1636236282, 8, 406, 585, 161, 0, 1.34%, 19, 0, 14, 1354.39
1636236455, 8, 444, 585, 160, 0, 1.34%, 19, 0, 14, 1330.47
1636236935, 8, 465, 585, 159, 0, 1.34%, 19, 0, 14, 1149.98
1636239719, 8, 486, 585, 158, 0, 1.34%, 19, 0, 14, 1379.18
1636239790, 8, 495, 585, 157, 0, 1.34%, 19, 0, 14, 1085.32
1636241460, 8, 496, 586, 157, 0, 1.34%, 19, 0, 14, 888.43
1636241800, 8, 509, 586, 156, 0, 1.34%, 19, 0, 14, 1452.77
1636241861, 8, 513, 586, 155, 0, 1.34%, 19, 0, 14, 902.35
1636252945, 8, 517, 586, 154, 0, 1.34%, 19, 0, 14, 791.06
1636255447, 8, 538, 586, 153, 0, 1.34%, 19, 0, 14, 1218.50
1636255528, 8, 541, 586, 152, 0, 1.34%, 19, 0, 14, 1654.93
1636255707, 8, 541, 587, 153, 0, 1.34%, 19, 0, 14, 1634.58
1636255712, 8, 541, 588, 154, 0, 1.34%, 19, 0, 14, 1821.67
1636255722, 8, 543, 588, 153, 0, 1.34%, 19, 0, 14, 1790.05
1636256405, 8, 543, 589, 154, 0, 1.34%, 19, 0, 14, 1297.10
1636256415, 8, 545, 589, 153, 0, 1.34%, 19, 0, 14, 1315.54
1636257291, 8, 545, 590, 154, 0, 1.34%, 19, 0, 14, 1132.40
1636257306, 8, 552, 590, 153, 0, 1.34%, 19, 0, 14, 1114.92
1636259309, 8, 552, 591, 154, 0, 1.34%, 19, 0, 14, 1046.52
1636259319, 8, 558, 591, 153, 0, 1.34%, 19, 0, 14, 1348.47
1636259728, 8, 570, 591, 152, 0, 1.34%, 19, 0, 14, 1281.30
1636262377, 8, 572, 591, 151, 0, 1.34%, 19, 0, 14, 1024.93
1636264730, 8, 574, 591, 150, 0, 1.34%, 19, 0, 14, 1150.49
1636264811, 8, 579, 591, 149, 0, 1.34%, 19, 0, 14, 1223.88
