# unix_time, cycles_done, cur_path, paths_total, pending_total, pending_favs, map_size, unique_crashes, unique_hangs, max_depth, execs_per_sec
1629446914, 0, 0, 1, 1, 1, 1.25%, 0, 0, 1, 56.18
1629446919, 0, 0, 28, 28, 1, 1.65%, 0, 0, 2, 107.67
1629446924, 0, 0, 31, 31, 1, 1.65%, 0, 0, 2, 78.00
1629446929, 0, 0, 38, 38, 1, 1.66%, 0, 0, 2, 77.64
1629446934, 0, 0, 43, 43, 1, 1.67%, 0, 0, 2, 71.31
1629446939, 0, 0, 45, 45, 1, 1.67%, 0, 0, 2, 86.55
1629446949, 0, 0, 46, 46, 1, 1.67%, 0, 0, 2, 73.77
1629446954, 0, 0, 48, 48, 1, 1.67%, 0, 0, 2, 77.42
1629446959, 0, 0, 53, 53, 1, 1.68%, 0, 0, 2, 78.54
1629446964, 0, 0, 55, 55, 1, 1.68%, 0, 0, 2, 76.67
1629446969, 0, 0, 56, 56, 1, 1.69%, 0, 0, 2, 71.81
1629446974, 0, 0, 58, 58, 1, 1.69%, 0, 0, 2, 76.01
1629446979, 0, 0, 66, 66, 1, 1.70%, 0, 0, 2, 67.34
1629446989, 0, 0, 68, 68, 1, 1.70%, 0, 0, 2, 73.46
1629446995, 0, 0, 79, 79, 1, 1.70%, 0, 0, 2, 153.96
1629447005, 0, 0, 81, 81, 1, 1.71%, 0, 0, 2, 74.21
1629447010, 0, 0, 82, 82, 1, 1.71%, 0, 0, 2, 70.63
1629447045, 0, 0, 83, 83, 1, 1.71%, 0, 0, 2, 107.14
1629447050, 0, 0, 86, 86, 1, 1.72%, 0, 0, 2, 84.31
1629447060, 0, 0, 87, 87, 1, 1.72%, 0, 0, 2, 71.17
1629447076, 0, 0, 88, 88, 1, 1.72%, 0, 0, 2, 70.40
1629447091, 0, 0, 89, 89, 1, 1.72%, 0, 0, 2, 72.00
1629447116, 0, 0, 100, 100, 1, 1.72%, 0, 0, 2, 94.98
1629447152, 0, 0, 101, 101, 1, 1.72%, 0, 0, 2, 137.20
1629447193, 0, 0, 115, 115, 1, 1.77%, 0, 0, 2, 227.56
1629447198, 0, 0, 125, 125, 1, 1.78%, 0, 0, 2, 166.81
1629447203, 0, 0, 126, 126, 1, 1.78%, 0, 0, 2, 190.37
1629447208, 0, 0, 130, 130, 1, 1.88%, 0, 0, 2, 273.85
1629447213, 0, 0, 131, 131, 1, 1.88%, 0, 0, 2, 264.76
1629447218, 0, 0, 132, 132, 1, 1.88%, 0, 0, 2, 230.45
1629447223, 0, 0, 134, 134, 1, 1.92%, 0, 0, 2, 107.80
1629447228, 0, 0, 135, 135, 1, 1.92%, 0, 0, 2, 79.51
1629447239, 0, 0, 137, 137, 1, 1.93%, 0, 0, 2, 72.57
1629447360, 0, 0, 139, 139, 1, 1.94%, 0, 0, 2, 191.44
1629447365, 0, 0, 140, 140, 1, 1.96%, 0, 0, 2, 172.91
1629447370, 0, 0, 141, 141, 1, 1.96%, 0, 0, 2, 93.18
1629447411, 0, 0, 143, 143, 1, 1.97%, 0, 0, 2, 70.19
1629447416, 0, 0, 144, 144, 1, 1.97%, 0, 0, 2, 70.98
1629447461, 0, 0, 145, 145, 1, 1.98%, 0, 0, 2, 72.70
1629447477, 0, 0, 146, 146, 1, 1.99%, 0, 0, 2, 73.98
1629447512, 0, 0, 147, 147, 1, 1.99%, 0, 0, 2, 459.72
1629447517, 0, 0, 152, 152, 1, 2.12%, 0, 0, 2, 229.81
1629447528, 0, 0, 154, 154, 1, 2.13%, 0, 0, 2, 105.82
1629447533, 0, 0, 156, 156, 1, 2.14%, 0, 0, 2, 84.06
1629447538, 0, 0, 157, 157, 1, 2.14%, 0, 0, 2, 90.10
1629447548, 0, 0, 158, 158, 1, 2.14%, 0, 0, 2, 88.61
1629447624, 0, 0, 159, 159, 1, 2.16%, 0, 0, 2, 84.74
1629447670, 0, 0, 161, 161, 1, 2.16%, 0, 0, 2, 177.99
1629447690, 0, 0, 163, 163, 1, 2.16%, 0, 0, 2, 220.79
1629447695, 0, 0, 164, 164, 1, 2.17%, 0, 0, 2, 221.87
1629447700, 0, 0, 165, 165, 1, 2.17%, 0, 0, 2, 217.67
1629447711, 0, 0, 166, 166, 1, 2.18%, 0, 0, 2, 89.93
1629447716, 0, 0, 168, 168, 1, 2.18%, 0, 0, 2, 76.35
1629448436, 0, 0, 169, 169, 1, 2.18%, 0, 0, 2, 70.82
1629449046, 0, 0, 170, 170, 1, 2.18%, 0, 0, 2, 68.43
1629449051, 0, 0, 173, 173, 1, 2.19%, 0, 0, 2, 69.30
1629449223, 0, 0, 175, 175, 1, 2.19%, 0, 0, 2, 102.16
1629449228, 0, 0, 176, 176, 1, 2.19%, 0, 0, 2, 99.11
1629449238, 0, 0, 189, 189, 1, 2.21%, 0, 0, 2, 163.64
1629449243, 0, 0, 206, 206, 1, 2.22%, 0, 0, 2, 226.04
1629449248, 0, 0, 217, 217, 1, 2.22%, 0, 0, 2, 239.70
1629449253, 0, 0, 222, 222, 1, 2.22%, 0, 0, 2, 219.57
1629449258, 0, 0, 227, 227, 1, 2.22%, 0, 0, 2, 236.98
1629449264, 0, 0, 231, 231, 1, 2.22%, 0, 0, 2, 237.65
1629449269, 0, 0, 235, 235, 1, 2.22%, 0, 0, 2, 247.00
1629449274, 0, 0, 238, 238, 1, 2.22%, 0, 0, 2, 229.45
1629449279, 0, 0, 240, 240, 1, 2.23%, 0, 0, 2, 233.09
1629449284, 0, 0, 242, 242, 1, 2.23%, 0, 0, 2, 235.37
1629449289, 0, 0, 247, 247, 1, 2.23%, 0, 0, 2, 226.08
1629449294, 0, 0, 248, 248, 1, 2.23%, 0, 0, 2, 238.87
1629449299, 0, 0, 249, 249, 1, 2.23%, 0, 0, 2, 239.80
1629449304, 0, 0, 250, 250, 1, 2.23%, 0, 0, 2, 236.49
1629449309, 0, 1, 250, 249, 76, 2.23%, 0, 0, 2, 281.74
1629449417, 0, 1, 251, 250, 76, 2.23%, 0, 0, 3, 298.41
1629449767, 0, 1, 252, 251, 76, 2.23%, 0, 0, 3, 354.01
1629449773, 0, 8, 252, 250, 75, 2.23%, 0, 0, 3, 160.34
1629449992, 0, 8, 253, 251, 75, 2.23%, 0, 0, 3, 175.49
1629450002, 0, 8, 254, 252, 75, 2.26%, 0, 0, 3, 279.50
1629450180, 0, 8, 255, 253, 75, 2.26%, 0, 0, 3, 71.11
1629450221, 0, 8, 256, 254, 75, 2.28%, 0, 0, 3, 77.43
1629450241, 0, 8, 257, 255, 75, 2.29%, 0, 0, 3, 245.75
1629450246, 0, 8, 258, 256, 75, 2.29%, 0, 0, 3, 147.99
1629450394, 0, 8, 259, 257, 75, 2.29%, 0, 0, 3, 168.76
1629450435, 0, 8, 260, 258, 75, 2.29%, 0, 0, 3, 87.10
1629451684, 0, 11, 260, 257, 77, 2.29%, 0, 0, 3, 275.53
1629451791, 0, 15, 260, 256, 76, 2.29%, 0, 0, 3, 384.62
1629452455, 0, 16, 260, 255, 75, 2.29%, 0, 0, 3, 256.99
1629453119, 0, 18, 260, 254, 74, 2.29%, 0, 0, 3, 224.49
1629453134, 0, 18, 261, 255, 74, 2.29%, 0, 0, 3, 202.26
1629453251, 0, 18, 262, 256, 74, 2.29%, 0, 0, 3, 205.66
1629453327, 0, 18, 263, 257, 74, 2.29%, 0, 0, 3, 197.65
1629453884, 0, 18, 264, 258, 74, 2.29%, 0, 0, 3, 198.26
1629453940, 0, 18, 265, 259, 74, 2.29%, 0, 0, 3, 253.05
1629453945, 0, 19, 265, 258, 73, 2.29%, 0, 0, 3, 232.63
1629454609, 0, 20, 265, 257, 71, 2.29%, 0, 0, 3, 252.03
1629455278, 0, 23, 265, 256, 70, 2.29%, 0, 0, 3, 139.97
1629455283, 0, 23, 266, 257, 70, 2.30%, 0, 0, 3, 92.55
1629455497, 0, 23, 267, 258, 70, 2.30%, 0, 0, 3, 237.96
1629455644, 0, 23, 268, 259, 70, 2.31%, 0, 0, 3, 200.49
1629457206, 0, 23, 269, 260, 70, 2.31%, 0, 0, 3, 177.55
1629457211, 0, 23, 270, 261, 70, 2.31%, 0, 0, 3, 229.79
1629457216, 0, 23, 274, 265, 70, 2.31%, 0, 0, 3, 236.72
1629457221, 0, 23, 275, 266, 70, 2.31%, 0, 0, 3, 257.14
1629457231, 0, 23, 276, 267, 70, 2.31%, 0, 0, 3, 253.69
1629457241, 0, 38, 276, 266, 71, 2.31%, 0, 0, 3, 300.07
1629457619, 0, 41, 276, 265, 70, 2.31%, 0, 0, 3, 210.53
1629458151, 0, 41, 277, 266, 70, 2.31%, 0, 0, 3, 71.55
1629459941, 0, 41, 279, 268, 70, 2.31%, 0, 0, 3, 172.66
1629459946, 0, 41, 280, 269, 70, 2.31%, 0, 0, 3, 220.28
1629459951, 0, 41, 281, 270, 70, 2.31%, 0, 0, 3, 229.83
1629459956, 0, 41, 283, 272, 70, 2.31%, 0, 0, 3, 227.51
1629459961, 0, 41, 285, 274, 70, 2.31%, 0, 0, 3, 250.03
1629459966, 0, 41, 287, 276, 70, 2.32%, 0, 0, 3, 233.73
1629459971, 0, 41, 288, 277, 70, 2.32%, 0, 0, 3, 238.32
1629459976, 0, 41, 290, 279, 70, 2.32%, 0, 0, 3, 230.36
1629459981, 0, 46, 290, 278, 68, 2.32%, 0, 0, 3, 144.46
1629462309, 0, 46, 291, 279, 68, 2.32%, 0, 0, 3, 102.27
1629462314, 0, 46, 294, 282, 68, 2.32%, 0, 0, 3, 196.06
1629462319, 0, 46, 295, 283, 68, 2.32%, 0, 0, 3, 241.71
1629462324, 0, 46, 296, 284, 68, 2.32%, 0, 0, 3, 241.98
1629462329, 0, 46, 298, 286, 68, 2.32%, 0, 0, 3, 232.89
1629462335, 0, 46, 299, 287, 68, 2.32%, 0, 0, 3, 236.72
1629462340, 0, 46, 300, 288, 68, 2.32%, 0, 0, 3, 240.90
1629462345, 0, 46, 301, 289, 68, 2.32%, 0, 0, 3, 256.16
1629462350, 0, 46, 303, 291, 68, 2.32%, 0, 0, 3, 250.30
1629462360, 0, 46, 305, 293, 68, 2.32%, 0, 0, 3, 233.54
1629462365, 0, 48, 305, 292, 68, 2.32%, 0, 0, 3, 218.05
1629462375, 0, 48, 306, 293, 68, 2.32%, 0, 0, 3, 220.12
1629463026, 0, 56, 306, 292, 67, 2.32%, 0, 0, 3, 175.90
1629465172, 0, 56, 307, 293, 67, 2.32%, 0, 0, 3, 68.01
1629465344, 0, 56, 308, 294, 67, 2.32%, 0, 0, 3, 146.36
1629465349, 0, 56, 310, 296, 67, 2.32%, 0, 0, 3, 224.24
1629465364, 0, 59, 310, 295, 67, 2.32%, 0, 0, 3, 218.49
1629465875, 0, 59, 311, 296, 67, 2.32%, 0, 0, 3, 193.78
1629466123, 0, 59, 312, 297, 67, 2.32%, 0, 0, 3, 194.69
1629466184, 0, 63, 312, 296, 66, 2.32%, 0, 0, 3, 171.50
1629466413, 0, 63, 313, 297, 66, 2.32%, 0, 0, 3, 233.31
1629468095, 0, 71, 313, 296, 65, 2.32%, 0, 0, 3, 170.57
1629468762, 0, 73, 313, 295, 64, 2.32%, 0, 0, 3, 230.42
1629469423, 0, 77, 313, 294, 63, 2.32%, 0, 0, 3, 171.64
1629470084, 0, 77, 314, 295, 63, 2.33%, 0, 0, 3, 174.31
1629470089, 0, 77, 320, 301, 63, 2.41%, 0, 0, 3, 92.65
1629470094, 0, 77, 321, 302, 63, 2.41%, 0, 0, 3, 73.64
1629471343, 0, 78, 321, 301, 69, 2.41%, 0, 0, 3, 128.12
1629471470, 0, 78, 322, 302, 69, 2.41%, 0, 0, 3, 70.55
1629472008, 0, 78, 323, 303, 69, 2.42%, 0, 0, 3, 95.60
1629473264, 0, 79, 323, 302, 69, 2.42%, 0, 0, 3, 159.86
1629473741, 0, 79, 324, 303, 69, 2.42%, 0, 0, 3, 237.03
1629475191, 0, 83, 324, 302, 68, 2.42%, 0, 0, 3, 186.35
1629476025, 0, 85, 324, 301, 67, 2.42%, 0, 0, 3, 227.92
1629477958, 0, 85, 325, 302, 67, 2.42%, 0, 0, 3, 171.74
1629477963, 0, 101, 325, 301, 66, 2.42%, 0, 0, 3, 204.26
1629478804, 0, 101, 326, 302, 66, 2.42%, 0, 0, 3, 263.29
1629478809, 0, 101, 327, 303, 66, 2.42%, 0, 0, 3, 330.82
1629478815, 0, 101, 328, 304, 66, 2.42%, 0, 0, 3, 343.51
1629478825, 0, 107, 328, 303, 64, 2.42%, 0, 0, 3, 243.69
1629479069, 0, 107, 329, 304, 64, 2.42%, 0, 0, 3, 200.36
1629479074, 0, 107, 332, 307, 64, 2.47%, 0, 0, 3, 184.55
1629479647, 0, 109, 335, 309, 66, 2.48%, 0, 0, 3, 261.99
1629480500, 0, 116, 335, 308, 67, 2.48%, 0, 0, 3, 238.87
1629480738, 0, 116, 336, 309, 67, 2.49%, 0, 0, 3, 360.91
1629480748, 0, 116, 337, 310, 67, 2.49%, 0, 0, 3, 143.42
1629481362, 0, 120, 338, 310, 67, 2.49%, 0, 0, 3, 301.82
1629481474, 0, 123, 338, 309, 66, 2.49%, 0, 0, 3, 265.92
1629481591, 0, 123, 340, 311, 66, 2.49%, 0, 0, 3, 226.15
1629481738, 0, 123, 341, 312, 66, 2.49%, 0, 0, 3, 177.66
1629482330, 0, 124, 341, 311, 66, 2.49%, 0, 0, 3, 226.53
1629482635, 0, 124, 342, 312, 66, 2.49%, 0, 0, 3, 190.03
1629482640, 0, 124, 343, 313, 66, 2.50%, 0, 0, 3, 188.05
1629483181, 0, 127, 343, 312, 66, 2.50%, 0, 0, 3, 237.33
1629483308, 0, 127, 344, 313, 66, 2.50%, 0, 0, 3, 246.53
1629483506, 0, 127, 345, 314, 66, 2.51%, 0, 0, 3, 168.83
1629484149, 0, 128, 347, 315, 66, 2.51%, 0, 0, 3, 197.81
1629484286, 0, 128, 348, 316, 66, 2.51%, 0, 0, 3, 329.82
1629484291, 0, 128, 349, 317, 66, 2.53%, 0, 0, 3, 235.38
1629484459, 0, 128, 351, 319, 66, 2.61%, 1, 0, 3, 167.32
1629484464, 0, 128, 359, 327, 66, 2.71%, 4, 0, 3, 147.71
1629485306, 0, 129, 360, 327, 74, 2.71%, 4, 0, 3, 183.47
1629486243, 0, 141, 360, 326, 73, 2.71%, 4, 0, 3, 156.59
1629486726, 0, 141, 361, 327, 73, 2.71%, 4, 0, 3, 104.37
1629486909, 0, 141, 362, 328, 73, 2.71%, 4, 0, 3, 89.86
1629487857, 0, 141, 363, 329, 73, 2.71%, 4, 0, 3, 69.33
1629488166, 0, 144, 363, 328, 73, 2.71%, 4, 0, 3, 173.69
1629488387, 0, 144, 364, 329, 73, 2.71%, 4, 0, 3, 200.34
1629488458, 0, 144, 365, 330, 73, 2.71%, 4, 0, 3, 69.11
1629489292, 0, 145, 365, 329, 73, 2.71%, 4, 0, 3, 135.13
1629491111, 0, 145, 365, 329, 73, 2.71%, 5, 0, 3, 67.53
1629491121, 0, 145, 366, 330, 73, 2.72%, 7, 0, 3, 78.67
1629491126, 0, 145, 366, 330, 73, 2.72%, 8, 0, 3, 71.45
1629491146, 0, 145, 366, 330, 73, 2.72%, 9, 0, 3, 72.66
1629491161, 0, 145, 366, 330, 73, 2.72%, 10, 0, 3, 78.48
1629491172, 0, 145, 366, 330, 73, 2.72%, 11, 0, 3, 78.99
1629491222, 0, 145, 366, 330, 73, 2.72%, 12, 0, 3, 136.76
1629491228, 0, 147, 366, 329, 73, 2.72%, 12, 0, 3, 164.81
1629491371, 0, 147, 367, 330, 73, 2.72%, 12, 0, 3, 263.70
1629491628, 0, 147, 368, 331, 73, 2.75%, 12, 0, 3, 186.24
1629492164, 0, 147, 370, 333, 73, 2.75%, 12, 0, 3, 155.71
1629492174, 0, 147, 371, 334, 73, 2.75%, 12, 0, 3, 157.93
1629492251, 0, 147, 374, 337, 73, 2.75%, 12, 0, 3, 272.12
1629492256, 0, 147, 375, 338, 73, 2.75%, 12, 0, 3, 306.50
1629492277, 0, 150, 375, 337, 73, 2.75%, 12, 0, 3, 201.41
1629493483, 0, 150, 376, 338, 73, 2.75%, 12, 0, 3, 260.82
1629493488, 0, 161, 376, 337, 72, 2.75%, 12, 0, 3, 227.11
1629493499, 0, 161, 377, 338, 72, 2.75%, 12, 0, 3, 219.37
1629494283, 0, 162, 377, 337, 72, 2.75%, 12, 0, 3, 228.26
1629494293, 0, 162, 378, 338, 72, 2.75%, 12, 0, 3, 217.91
1629494380, 0, 162, 379, 339, 72, 2.75%, 12, 0, 3, 222.48
1629494572, 0, 162, 380, 340, 72, 2.75%, 12, 0, 3, 212.48
1629494577, 0, 162, 381, 341, 72, 2.75%, 12, 0, 3, 213.26
1629495077, 0, 165, 381, 340, 72, 2.75%, 12, 0, 3, 259.00
1629495082, 0, 165, 382, 341, 72, 2.76%, 12, 0, 3, 188.96
1629495341, 0, 165, 383, 342, 72, 2.76%, 12, 0, 3, 201.35
1629496153, 0, 175, 383, 341, 72, 2.76%, 12, 0, 3, 227.16
1629496573, 0, 175, 384, 342, 72, 2.76%, 12, 0, 3, 263.27
1629496578, 0, 183, 384, 341, 72, 2.76%, 12, 0, 3, 341.72
1629496820, 0, 193, 385, 341, 71, 2.76%, 12, 0, 3, 364.88
1629497335, 0, 194, 385, 340, 70, 2.76%, 12, 0, 3, 318.33
1629498168, 0, 195, 385, 339, 69, 2.76%, 12, 0, 3, 143.72
1629500178, 0, 210, 385, 338, 67, 2.76%, 12, 0, 3, 193.57
1629500295, 0, 210, 386, 339, 67, 2.76%, 12, 0, 3, 207.91
1629500910, 0, 212, 386, 338, 67, 2.76%, 12, 0, 3, 298.30
1629500920, 0, 212, 388, 340, 67, 2.76%, 12, 0, 3, 351.46
1629501160, 0, 225, 388, 339, 67, 2.76%, 12, 0, 3, 311.68
1629501498, 0, 226, 388, 338, 66, 2.76%, 12, 0, 3, 334.07
1629501595, 0, 226, 389, 339, 66, 2.76%, 12, 0, 3, 331.77
1629501600, 0, 226, 390, 340, 66, 2.76%, 12, 0, 3, 332.80
1629501662, 0, 254, 390, 339, 65, 2.76%, 12, 0, 3, 220.15
1629503595, 0, 254, 391, 340, 65, 2.76%, 12, 0, 4, 180.84
1629503600, 0, 255, 391, 339, 64, 2.76%, 12, 0, 4, 198.07
1629503605, 0, 255, 392, 340, 64, 2.76%, 12, 0, 4, 195.13
1629503610, 0, 255, 393, 341, 64, 2.76%, 12, 0, 4, 192.17
1629503661, 0, 255, 394, 342, 64, 2.76%, 12, 0, 4, 189.98
1629503732, 0, 255, 395, 343, 64, 2.76%, 12, 0, 4, 204.38
1629503849, 0, 255, 397, 345, 64, 2.76%, 12, 0, 4, 134.31
1629504406, 0, 255, 398, 346, 64, 2.76%, 12, 0, 4, 141.43
1629504411, 0, 255, 402, 350, 64, 2.76%, 12, 0, 4, 191.74
1629504416, 0, 255, 403, 351, 64, 2.76%, 12, 0, 4, 204.41
1629504447, 0, 255, 405, 353, 64, 2.77%, 12, 0, 4, 200.15
1629504472, 0, 258, 405, 352, 64, 2.77%, 12, 0, 4, 225.73
1629504482, 0, 258, 406, 353, 64, 2.77%, 12, 0, 4, 142.42
1629504818, 0, 258, 406, 353, 64, 2.77%, 13, 0, 4, 135.24
1629505634, 0, 261, 406, 352, 63, 2.77%, 13, 0, 4, 203.49
1629505650, 0, 261, 407, 353, 63, 2.77%, 13, 0, 4, 198.82
1629506471, 0, 262, 408, 353, 63, 2.77%, 13, 0, 4, 219.70
1629506476, 0, 262, 410, 355, 63, 2.77%, 13, 0, 4, 207.25
1629506481, 0, 262, 411, 356, 63, 2.77%, 13, 0, 4, 208.46
1629506527, 0, 262, 412, 357, 63, 2.78%, 13, 0, 4, 193.76
1629506598, 0, 262, 413, 358, 63, 2.78%, 13, 0, 4, 208.22
1629506694, 0, 262, 414, 359, 63, 2.78%, 13, 0, 4, 217.13
1629506704, 0, 262, 415, 360, 63, 2.78%, 13, 0, 4, 242.88
1629506816, 0, 262, 416, 361, 63, 2.78%, 13, 0, 4, 199.79
1629507181, 0, 262, 417, 362, 63, 2.78%, 13, 0, 4, 192.94
1629507227, 0, 262, 418, 363, 63, 2.78%, 13, 0, 4, 196.29
1629507297, 0, 263, 418, 362, 65, 2.78%, 13, 0, 4, 205.33
1629507531, 0, 263, 419, 363, 65, 2.78%, 13, 0, 4, 185.86
1629508270, 0, 265, 420, 363, 66, 2.78%, 13, 0, 4, 249.79
1629509057, 0, 265, 421, 364, 66, 2.78%, 13, 0, 4, 264.62
1629509062, 0, 267, 421, 363, 65, 2.78%, 13, 0, 4, 289.46
1629509701, 0, 270, 421, 362, 64, 2.78%, 13, 0, 4, 223.80
1629509737, 0, 270, 422, 363, 64, 2.78%, 13, 0, 4, 199.09
1629510538, 0, 276, 422, 362, 63, 2.78%, 13, 0, 4, 215.90
1629510609, 0, 276, 423, 363, 63, 2.78%, 13, 0, 4, 188.15
1629511579, 0, 284, 425, 364, 62, 2.78%, 13, 0, 4, 229.86
1629511594, 0, 284, 426, 365, 62, 2.78%, 13, 0, 4, 220.73
1629511853, 0, 286, 426, 364, 61, 2.78%, 13, 0, 4, 301.64
1629512806, 0, 291, 427, 364, 60, 2.78%, 13, 0, 4, 330.29
1629512836, 0, 305, 427, 363, 60, 2.78%, 13, 0, 4, 365.09
1629513510, 0, 312, 427, 362, 59, 2.78%, 13, 0, 4, 173.81
1629513545, 0, 312, 431, 366, 59, 2.80%, 13, 0, 4, 130.85
1629513667, 0, 312, 432, 367, 59, 2.80%, 13, 0, 4, 297.84
1629513905, 0, 312, 436, 371, 59, 2.80%, 13, 0, 4, 125.76
1629513910, 0, 312, 437, 372, 59, 2.80%, 13, 0, 4, 119.63
1629514751, 0, 313, 437, 371, 61, 2.80%, 13, 0, 4, 208.28
1629515021, 0, 313, 438, 372, 61, 2.80%, 13, 0, 4, 69.64
1629516720, 0, 313, 439, 373, 61, 2.81%, 13, 0, 4, 178.62
1629516725, 0, 315, 439, 372, 62, 2.81%, 13, 0, 4, 150.19
1629518658, 0, 316, 440, 372, 61, 2.81%, 13, 0, 4, 176.57
1629518663, 0, 316, 444, 376, 61, 2.82%, 13, 0, 4, 103.36
1629518668, 0, 316, 448, 380, 61, 2.82%, 13, 0, 4, 81.40
1629518678, 0, 316, 449, 381, 61, 2.83%, 13, 0, 4, 87.86
1629518740, 0, 316, 454, 386, 61, 2.85%, 13, 0, 4, 69.39
1629518745, 0, 316, 457, 389, 61, 2.86%, 13, 0, 4, 68.15
1629518826, 0, 316, 460, 392, 61, 2.86%, 13, 0, 4, 98.77
1629518938, 0, 316, 469, 401, 61, 2.87%, 13, 0, 4, 71.27
1629518943, 0, 316, 470, 402, 61, 2.87%, 13, 0, 4, 72.63
1629518954, 0, 316, 471, 403, 61, 2.87%, 13, 0, 4, 71.91
1629518959, 0, 316, 475, 407, 61, 2.87%, 13, 0, 4, 73.06
1629518964, 0, 316, 476, 408, 61, 2.87%, 13, 0, 4, 73.31
1629518969, 0, 316, 480, 412, 61, 2.87%, 13, 0, 4, 71.71
1629518974, 0, 316, 485, 417, 61, 2.88%, 13, 0, 4, 74.32
1629518979, 0, 316, 486, 418, 61, 2.88%, 13, 0, 4, 77.41
1629518984, 0, 316, 489, 421, 61, 2.88%, 13, 0, 4, 80.26
1629519294, 0, 316, 490, 422, 61, 2.88%, 13, 0, 4, 167.40
1629519447, 0, 316, 491, 423, 61, 2.88%, 13, 0, 4, 67.93
1629519528, 0, 316, 493, 425, 61, 2.88%, 13, 0, 4, 67.85
1629519533, 0, 316, 494, 426, 61, 2.89%, 13, 0, 4, 69.29
1629519538, 0, 316, 495, 427, 61, 2.89%, 13, 0, 4, 67.95
1629519594, 0, 316, 496, 428, 61, 2.89%, 13, 0, 4, 67.05
1629520618, 0, 316, 497, 429, 61, 2.89%, 13, 0, 4, 164.64
1629520623, 0, 317, 497, 428, 75, 2.89%, 13, 0, 4, 153.90
1629522609, 0, 317, 498, 429, 75, 2.89%, 13, 0, 4, 143.34
1629522614, 0, 318, 498, 428, 75, 2.89%, 13, 0, 4, 152.31
1629524592, 0, 318, 499, 429, 75, 2.89%, 13, 0, 4, 211.90
1629524597, 0, 319, 499, 428, 75, 2.89%, 13, 0, 4, 118.35
1629524602, 0, 319, 500, 429, 75, 2.89%, 13, 0, 4, 79.03
1629525641, 0, 319, 501, 430, 75, 2.89%, 13, 0, 4, 67.54
1629526266, 0, 319, 502, 431, 75, 2.89%, 13, 0, 4, 67.72
1629526565, 0, 319, 503, 432, 75, 2.89%, 13, 0, 4, 66.69
1629526834, 0, 319, 504, 433, 75, 2.89%, 13, 0, 4, 168.08
1629526839, 0, 320, 505, 433, 75, 2.89%, 13, 0, 4, 143.95
1629526844, 0, 320, 506, 434, 75, 2.89%, 13, 0, 4, 89.20
1629527560, 0, 320, 507, 435, 75, 2.89%, 13, 0, 4, 164.03
1629527920, 0, 320, 508, 436, 75, 2.90%, 13, 0, 4, 67.93
1629529113, 0, 320, 509, 437, 75, 2.90%, 13, 0, 4, 173.66
1629529118, 0, 322, 509, 436, 75, 2.90%, 13, 0, 4, 161.21
1629530171, 0, 328, 509, 435, 74, 2.90%, 13, 0, 4, 217.32
1629530430, 0, 328, 510, 436, 74, 2.91%, 13, 0, 4, 180.62
1629530435, 0, 328, 511, 437, 74, 2.91%, 13, 0, 4, 175.59
1629531004, 0, 330, 512, 437, 74, 2.91%, 13, 0, 4, 195.68
1629531081, 0, 330, 513, 438, 74, 2.91%, 13, 0, 4, 120.16
1629531684, 0, 330, 514, 439, 74, 2.91%, 13, 0, 4, 92.69
1629533057, 0, 331, 514, 438, 75, 2.91%, 13, 0, 4, 127.56
1629534734, 0, 333, 514, 437, 74, 2.91%, 13, 0, 4, 187.05
1629535603, 0, 334, 514, 436, 73, 2.91%, 13, 0, 4, 240.86
1629536558, 0, 335, 514, 435, 72, 2.91%, 13, 0, 4, 222.81
1629537414, 0, 336, 514, 434, 71, 2.91%, 13, 0, 4, 243.76
1629538255, 0, 338, 514, 433, 70, 2.91%, 13, 0, 4, 186.37
1629538732, 0, 338, 515, 434, 70, 2.91%, 13, 0, 4, 140.65
1629540074, 0, 340, 515, 433, 69, 2.91%, 13, 0, 4, 183.50
1629540196, 0, 340, 516, 434, 69, 2.91%, 13, 0, 4, 154.92
1629540409, 0, 340, 517, 435, 69, 2.91%, 13, 0, 4, 173.20
1629540931, 0, 340, 518, 436, 69, 2.91%, 13, 0, 4, 140.70
1629540952, 0, 342, 518, 435, 70, 2.91%, 13, 0, 4, 215.91
1629541284, 0, 342, 519, 436, 70, 2.91%, 13, 0, 4, 175.33
1629541874, 0, 342, 520, 437, 70, 2.92%, 13, 0, 4, 179.58
1629541899, 0, 344, 520, 436, 71, 2.92%, 13, 0, 4, 159.06
1629541935, 0, 344, 521, 437, 71, 2.92%, 13, 0, 4, 127.12
1629542052, 0, 344, 522, 438, 71, 2.92%, 13, 0, 4, 256.98
1629542057, 0, 344, 523, 439, 71, 2.92%, 13, 0, 4, 290.51
1629543102, 0, 346, 523, 438, 73, 2.92%, 13, 0, 4, 216.05
1629544697, 0, 347, 523, 437, 72, 2.92%, 13, 0, 4, 158.26
1629544828, 0, 347, 523, 437, 72, 2.92%, 14, 0, 4, 238.17
1629545010, 0, 347, 525, 439, 72, 2.92%, 14, 0, 4, 159.07
1629545770, 0, 348, 525, 438, 73, 2.92%, 14, 0, 4, 169.15
1629547025, 0, 350, 525, 437, 72, 2.92%, 14, 0, 4, 181.28
1629547971, 0, 351, 526, 437, 71, 2.92%, 14, 0, 4, 245.37
1629549177, 0, 353, 526, 436, 70, 2.92%, 14, 0, 4, 163.78
1629550554, 0, 354, 526, 435, 69, 2.92%, 14, 0, 4, 177.95
1629551896, 0, 355, 526, 434, 68, 2.92%, 15, 0, 4, 191.30
1629551901, 0, 355, 526, 434, 68, 2.92%, 16, 0, 4, 193.90
1629552014, 0, 355, 526, 434, 68, 2.92%, 17, 0, 4, 206.32
1629552020, 0, 355, 526, 434, 68, 2.92%, 18, 0, 4, 236.89
1629552184, 0, 355, 526, 434, 68, 2.92%, 19, 0, 4, 164.58
1629552741, 0, 356, 526, 433, 67, 2.92%, 20, 0, 4, 207.87
1629552751, 0, 356, 526, 433, 67, 2.92%, 21, 0, 4, 154.10
1629553797, 0, 357, 526, 432, 66, 2.92%, 22, 0, 4, 209.43
1629554667, 0, 359, 526, 431, 65, 2.92%, 22, 0, 4, 173.40
1629554941, 0, 359, 527, 432, 65, 2.92%, 22, 0, 4, 233.26
1629555748, 0, 360, 527, 431, 65, 2.92%, 22, 0, 4, 116.26
1629557694, 0, 362, 527, 430, 64, 2.92%, 22, 0, 4, 151.33
1629559661, 0, 362, 527, 430, 64, 2.92%, 23, 0, 4, 68.91
1629560000, 0, 365, 527, 429, 63, 2.92%, 23, 0, 4, 159.85
1629562233, 0, 367, 527, 428, 62, 2.92%, 23, 0, 4, 169.06
1629562243, 0, 367, 528, 429, 62, 2.92%, 23, 0, 4, 167.81
1629563250, 0, 368, 528, 428, 61, 2.92%, 23, 0, 4, 214.91
1629563404, 0, 368, 529, 429, 61, 2.92%, 23, 0, 4, 175.55
1629564183, 0, 368, 530, 430, 61, 2.92%, 23, 0, 4, 154.10
1629564310, 0, 369, 530, 429, 60, 2.92%, 23, 0, 4, 209.77
1629564475, 0, 369, 531, 430, 60, 2.93%, 23, 0, 4, 188.20
1629565482, 0, 372, 531, 429, 60, 2.93%, 23, 0, 4, 219.88
1629566153, 0, 379, 531, 428, 59, 2.93%, 23, 0, 4, 257.93
1629566939, 0, 381, 531, 427, 58, 2.93%, 23, 0, 4, 258.64
1629568030, 0, 383, 531, 426, 57, 2.93%, 23, 0, 4, 231.25
1629568041, 0, 383, 532, 427, 57, 2.93%, 23, 0, 4, 225.65
1629568399, 0, 384, 532, 426, 56, 2.93%, 23, 0, 4, 345.59
1629568609, 0, 385, 532, 425, 55, 2.93%, 23, 0, 4, 264.31
1629568640, 0, 385, 534, 427, 55, 2.93%, 23, 0, 4, 205.38
1629568645, 0, 385, 535, 428, 55, 2.93%, 23, 0, 4, 205.44
1629568753, 0, 385, 536, 429, 55, 2.93%, 23, 0, 4, 202.82
1629568968, 0, 385, 537, 430, 55, 2.93%, 23, 0, 4, 204.17
1629569258, 0, 385, 538, 431, 55, 2.93%, 23, 0, 4, 203.41
1629569349, 0, 386, 538, 430, 56, 2.93%, 23, 0, 4, 325.25
1629569603, 0, 388, 538, 429, 55, 2.93%, 23, 0, 4, 288.67
1629569842, 0, 388, 540, 431, 55, 2.93%, 23, 0, 4, 335.33
1629569847, 0, 404, 540, 430, 54, 2.93%, 23, 0, 4, 314.94
1629570707, 0, 404, 541, 431, 54, 2.93%, 23, 0, 5, 197.59
1629570763, 0, 407, 541, 430, 54, 2.93%, 23, 0, 5, 245.72
1629571603, 0, 409, 541, 429, 53, 2.93%, 23, 0, 5, 300.51
1629571608, 0, 409, 542, 430, 53, 2.93%, 23, 0, 5, 220.12
1629571737, 0, 409, 543, 431, 53, 2.93%, 23, 0, 5, 203.72
1629571953, 0, 409, 544, 432, 53, 2.93%, 23, 0, 5, 199.79
1629572318, 0, 409, 545, 433, 53, 2.93%, 23, 0, 5, 195.86
1629572339, 0, 409, 547, 435, 53, 2.93%, 23, 0, 5, 192.71
1629572349, 0, 409, 548, 436, 53, 2.93%, 23, 0, 5, 194.98
1629572447, 0, 413, 548, 435, 53, 2.93%, 23, 0, 5, 223.84
1629572662, 0, 413, 549, 436, 53, 2.93%, 23, 0, 5, 284.57
1629573260, 0, 418, 549, 435, 52, 2.93%, 23, 0, 5, 279.21
1629574258, 0, 419, 550, 435, 51, 2.93%, 23, 0, 5, 210.99
1629574320, 0, 419, 551, 436, 51, 2.93%, 23, 0, 5, 172.79
1629574381, 0, 419, 552, 437, 51, 2.93%, 23, 0, 5, 299.88
1629575014, 0, 419, 553, 438, 51, 2.93%, 23, 0, 5, 169.54
1629575252, 0, 425, 553, 437, 51, 2.93%, 23, 0, 5, 250.33
1629575277, 0, 425, 554, 438, 51, 2.93%, 23, 0, 5, 293.19
1629575536, 0, 425, 556, 440, 51, 2.93%, 23, 0, 5, 368.12
1629575546, 0, 426, 557, 440, 50, 2.93%, 23, 0, 5, 393.33
1629575577, 0, 427, 557, 439, 50, 2.93%, 23, 0, 5, 330.64
1629575617, 0, 427, 558, 440, 50, 2.93%, 23, 0, 5, 169.58
1629576840, 0, 430, 558, 439, 49, 2.93%, 23, 0, 5, 228.64
1629576907, 0, 430, 559, 440, 49, 2.93%, 23, 0, 5, 137.60
1629577092, 0, 430, 560, 441, 49, 2.93%, 23, 0, 5, 142.59
1629577942, 0, 431, 560, 440, 48, 2.93%, 23, 0, 5, 261.82
1629578317, 0, 431, 561, 441, 48, 2.93%, 23, 0, 5, 130.92
1629579048, 0, 431, 562, 442, 48, 2.93%, 23, 0, 5, 289.34
1629579053, 0, 437, 562, 441, 48, 2.93%, 23, 0, 5, 218.79
1629579128, 0, 437, 563, 442, 48, 2.94%, 23, 0, 5, 73.25
1629579219, 0, 437, 564, 443, 48, 2.95%, 23, 0, 5, 94.63
1629579864, 0, 437, 565, 444, 48, 2.95%, 23, 0, 5, 67.18
1629581060, 0, 438, 565, 443, 50, 2.95%, 23, 0, 5, 210.41
1629581840, 0, 439, 565, 442, 49, 2.95%, 23, 0, 5, 147.27
1629583883, 0, 439, 566, 443, 49, 2.95%, 23, 0, 5, 212.35
1629583888, 0, 449, 566, 442, 48, 2.95%, 23, 0, 5, 208.54
1629584761, 0, 449, 567, 443, 48, 2.95%, 23, 0, 5, 68.91
1629585875, 0, 449, 569, 445, 48, 2.95%, 23, 0, 5, 237.84
1629585890, 0, 449, 570, 446, 48, 2.95%, 23, 0, 5, 256.16
1629585900, 0, 449, 571, 447, 48, 2.95%, 23, 0, 5, 257.05
1629585906, 0, 450, 571, 446, 48, 2.95%, 23, 0, 5, 205.79
1629586205, 0, 450, 572, 447, 48, 2.95%, 23, 0, 5, 76.91
1629586216, 0, 450, 573, 448, 48, 2.96%, 23, 0, 5, 80.69
1629586221, 0, 450, 574, 449, 48, 2.96%, 23, 0, 5, 81.12
1629586226, 0, 450, 576, 451, 48, 2.96%, 23, 0, 5, 80.75
1629587888, 0, 451, 576, 450, 49, 2.96%, 23, 0, 5, 146.22
1629588711, 0, 451, 577, 451, 49, 2.96%, 23, 0, 5, 66.43
1629588949, 0, 451, 578, 452, 49, 2.96%, 23, 0, 5, 67.19
1629589876, 0, 452, 578, 451, 48, 2.96%, 23, 0, 5, 152.31
1629591860, 0, 454, 578, 450, 47, 2.96%, 23, 0, 5, 203.83
1629591942, 0, 454, 579, 451, 47, 2.96%, 23, 0, 5, 69.08
1629593850, 0, 455, 579, 450, 47, 2.96%, 23, 0, 5, 115.04
1629595829, 0, 456, 579, 449, 46, 2.96%, 23, 0, 5, 152.08
1629597808, 0, 474, 579, 448, 45, 2.96%, 23, 0, 5, 187.89
1629598163, 0, 474, 580, 449, 45, 2.96%, 23, 0, 5, 118.59
1629598681, 0, 474, 581, 450, 45, 2.96%, 23, 0, 5, 67.11
1629599792, 0, 491, 581, 449, 43, 2.96%, 23, 0, 5, 158.70
1629601788, 0, 497, 581, 448, 42, 2.96%, 23, 0, 5, 179.73
1629603302, 0, 497, 582, 449, 42, 2.96%, 23, 0, 5, 229.97
1629603312, 0, 497, 583, 450, 42, 2.96%, 23, 0, 5, 290.55
1629603322, 0, 498, 583, 449, 42, 2.96%, 23, 0, 5, 256.25
1629604112, 0, 498, 584, 450, 42, 2.96%, 23, 0, 5, 306.00
1629604117, 0, 499, 584, 449, 41, 2.96%, 23, 0, 5, 304.29
1629606380, 0, 500, 584, 448, 40, 2.96%, 23, 0, 5, 153.79
1629606405, 0, 500, 585, 449, 40, 2.97%, 23, 0, 5, 72.05
1629606771, 0, 500, 586, 450, 40, 2.97%, 23, 0, 5, 71.88
1629606776, 0, 500, 588, 452, 40, 2.97%, 23, 0, 5, 72.14
1629606781, 0, 500, 589, 453, 40, 2.97%, 23, 0, 5, 75.34
1629607593, 0, 500, 590, 454, 40, 2.97%, 23, 0, 5, 68.20
1629608735, 0, 504, 590, 453, 42, 2.97%, 23, 0, 5, 170.46
1629610168, 0, 507, 590, 452, 41, 2.97%, 23, 0, 5, 191.88
1629610747, 0, 507, 591, 453, 41, 2.98%, 23, 0, 5, 210.49
