# unix_time, cycles_done, cur_path, paths_total, pending_total, pending_favs, map_size, unique_crashes, unique_hangs, max_depth, execs_per_sec
1636004501, 0, 0, 1, 1, 1, 0.30%, 0, 0, 1, 784.31
1636004506, 0, 0, 36, 36, 1, 0.63%, 0, 0, 2, 1205.01
1636004511, 0, 0, 57, 57, 1, 0.69%, 0, 0, 2, 1272.27
1636004516, 0, 0, 62, 62, 1, 0.69%, 0, 0, 2, 1273.68
1636004521, 0, 0, 66, 66, 1, 0.70%, 0, 0, 2, 1298.55
1636004531, 0, 0, 71, 71, 1, 0.70%, 0, 0, 2, 1321.89
1636004536, 0, 0, 79, 79, 1, 0.70%, 0, 0, 2, 1436.82
1636004541, 0, 0, 93, 93, 1, 0.71%, 0, 0, 2, 1328.42
1636004546, 0, 0, 94, 94, 1, 0.71%, 0, 0, 2, 1284.85
1636004556, 0, 0, 95, 95, 1, 0.71%, 0, 0, 2, 1326.32
1636004562, 0, 0, 98, 98, 1, 0.73%, 0, 0, 2, 1314.92
1636004567, 0, 0, 102, 102, 1, 0.73%, 0, 0, 2, 1312.16
1636004572, 0, 0, 103, 103, 1, 0.73%, 0, 0, 2, 1322.88
1636004577, 0, 0, 110, 110, 1, 0.74%, 0, 0, 2, 1709.00
1636004582, 0, 0, 136, 136, 1, 0.87%, 0, 0, 2, 1349.83
1636004812, 0, 0, 138, 138, 1, 0.87%, 0, 0, 2, 1279.33
1636004828, 0, 0, 168, 168, 1, 0.87%, 0, 0, 2, 1390.93
1636004833, 0, 0, 178, 178, 1, 0.87%, 0, 0, 2, 1458.64
1636004838, 0, 0, 185, 185, 1, 0.87%, 1, 0, 2, 1492.21
1636004843, 0, 0, 190, 190, 1, 0.89%, 1, 0, 2, 1496.35
1636004848, 0, 1, 198, 197, 40, 0.89%, 1, 0, 2, 1498.19
1636004863, 0, 4, 198, 196, 39, 0.89%, 1, 0, 2, 1817.71
1636004878, 0, 5, 201, 198, 38, 0.89%, 2, 0, 3, 1968.80
1636004883, 0, 5, 204, 201, 38, 0.90%, 2, 0, 3, 1536.24
1636004894, 0, 7, 205, 201, 37, 0.90%, 2, 0, 3, 1952.49
1636004909, 0, 8, 205, 200, 36, 0.90%, 2, 0, 3, 1466.58
1636004914, 0, 8, 207, 202, 36, 0.91%, 2, 0, 3, 1512.94
1636004924, 0, 14, 207, 201, 36, 0.91%, 2, 0, 3, 1444.31
1636005221, 0, 22, 209, 202, 35, 0.91%, 2, 0, 3, 1679.51
1636005226, 0, 22, 210, 203, 35, 0.91%, 2, 0, 3, 1360.68
1636005236, 0, 32, 210, 202, 36, 0.91%, 9, 0, 3, 1897.64
1636005252, 0, 44, 211, 202, 35, 0.91%, 9, 0, 3, 1490.46
1636005267, 0, 45, 211, 201, 37, 0.91%, 9, 0, 3, 1426.68
1636005272, 0, 45, 212, 202, 37, 0.91%, 9, 0, 3, 1593.36
1636005277, 0, 45, 213, 203, 37, 0.91%, 9, 0, 3, 1308.33
1636005287, 0, 47, 213, 202, 35, 0.91%, 9, 0, 3, 1833.33
1636005292, 0, 47, 214, 203, 35, 0.91%, 9, 0, 3, 1371.75
1636005303, 0, 52, 214, 202, 35, 0.91%, 9, 0, 3, 1821.79
1636005318, 0, 53, 215, 202, 34, 0.91%, 9, 0, 3, 1413.76
1636005364, 0, 53, 217, 204, 34, 0.93%, 9, 0, 3, 1301.00
1636005389, 0, 53, 221, 208, 34, 0.94%, 9, 0, 3, 1303.66
1636005614, 0, 53, 224, 211, 34, 0.94%, 9, 0, 3, 1443.43
1636005619, 0, 62, 224, 210, 38, 0.94%, 9, 0, 3, 1321.68
1636005629, 0, 62, 225, 211, 38, 0.94%, 9, 0, 3, 1292.47
1636005908, 0, 64, 225, 210, 37, 0.94%, 9, 0, 3, 1353.95
1636005924, 0, 65, 225, 209, 36, 0.94%, 9, 0, 3, 1741.02
1636005934, 0, 67, 225, 208, 35, 0.94%, 9, 0, 3, 1984.21
1636005939, 0, 67, 226, 209, 35, 0.94%, 9, 0, 3, 1502.05
1636005949, 0, 76, 227, 209, 35, 0.94%, 9, 0, 3, 1538.30
1636005959, 0, 76, 228, 210, 35, 0.94%, 9, 0, 3, 1419.65
1636005989, 0, 82, 228, 209, 34, 0.94%, 9, 0, 3, 1721.92
1636005994, 0, 82, 230, 211, 34, 0.94%, 9, 0, 3, 1338.87
1636006005, 0, 90, 230, 210, 33, 0.94%, 9, 0, 3, 1347.71
1636006056, 0, 90, 231, 211, 33, 0.94%, 9, 0, 3, 1663.52
1636006294, 0, 97, 231, 210, 33, 0.94%, 9, 0, 3, 1300.14
1636006320, 0, 97, 232, 211, 33, 0.94%, 9, 0, 3, 1297.88
1636006591, 0, 103, 234, 212, 33, 0.96%, 9, 0, 3, 1715.78
1636006616, 0, 111, 237, 214, 34, 0.96%, 9, 0, 3, 1450.27
1636006621, 0, 111, 239, 216, 34, 0.96%, 9, 0, 3, 1528.83
1636006631, 0, 111, 244, 221, 34, 1.02%, 9, 0, 3, 1255.39
1636006646, 0, 116, 246, 222, 35, 1.02%, 9, 0, 3, 1502.93
1636006657, 0, 116, 249, 225, 35, 1.02%, 9, 0, 3, 1367.26
1636006682, 0, 132, 250, 225, 35, 1.02%, 9, 0, 3, 1311.98
1636006688, 0, 132, 252, 227, 35, 1.03%, 9, 0, 3, 1266.43
1636006693, 0, 132, 255, 230, 35, 1.03%, 9, 0, 3, 1217.51
1636006759, 0, 132, 256, 231, 35, 1.03%, 9, 0, 3, 1222.65
1636007019, 0, 133, 257, 231, 38, 1.03%, 9, 0, 3, 1246.52
1636007350, 0, 133, 259, 233, 38, 1.03%, 9, 0, 3, 1359.45
1636007355, 0, 134, 259, 232, 37, 1.03%, 9, 0, 3, 1246.62
1636007381, 0, 134, 260, 233, 37, 1.03%, 9, 0, 3, 1289.42
1636007416, 0, 134, 261, 234, 37, 1.16%, 9, 0, 3, 1494.26
1636007692, 0, 143, 261, 233, 33, 1.16%, 9, 0, 3, 1299.96
1636007753, 0, 144, 261, 232, 32, 1.16%, 9, 0, 3, 1464.41
1636007855, 0, 181, 261, 231, 31, 1.16%, 9, 0, 3, 1543.97
1636007860, 0, 181, 262, 232, 31, 1.16%, 9, 0, 3, 1390.86
1636008028, 0, 187, 267, 236, 31, 1.17%, 9, 0, 3, 1351.93
1636008038, 0, 187, 268, 237, 31, 1.17%, 9, 0, 3, 1291.21
1636008059, 0, 191, 268, 236, 32, 1.17%, 9, 0, 3, 1327.27
1636008064, 0, 191, 269, 237, 32, 1.17%, 9, 0, 3, 1332.55
1636008380, 0, 192, 271, 238, 32, 1.17%, 9, 0, 3, 1315.87
1636008553, 0, 192, 273, 240, 32, 1.17%, 9, 0, 3, 1346.33
1636008558, 0, 192, 276, 243, 32, 1.17%, 9, 0, 3, 1560.61
1636008564, 0, 192, 277, 244, 32, 1.17%, 9, 0, 3, 1604.12
1636008569, 0, 192, 278, 245, 32, 1.17%, 9, 0, 3, 1609.22
1636008574, 0, 198, 278, 244, 33, 1.17%, 9, 0, 3, 1610.73
1636008584, 0, 198, 279, 245, 33, 1.17%, 9, 0, 4, 1367.66
1636008594, 0, 199, 282, 247, 32, 1.17%, 10, 0, 4, 1719.05
1636008604, 0, 199, 284, 249, 32, 1.17%, 10, 0, 4, 1428.59
1636008609, 0, 200, 284, 248, 33, 1.17%, 10, 0, 4, 1751.45
1636008625, 0, 205, 284, 247, 32, 1.17%, 10, 0, 4, 1981.91
1636008635, 0, 205, 285, 248, 32, 1.18%, 10, 0, 4, 1318.53
1636008650, 0, 207, 285, 247, 32, 1.18%, 10, 0, 4, 1809.35
1636008665, 0, 208, 285, 246, 31, 1.18%, 10, 0, 4, 1989.81
1636008681, 0, 210, 286, 246, 30, 1.18%, 10, 0, 4, 1975.92
1636008696, 0, 210, 290, 250, 30, 1.18%, 10, 0, 4, 1999.46
1636008701, 0, 210, 292, 252, 30, 1.18%, 10, 0, 4, 2406.75
1636008711, 0, 211, 293, 252, 31, 1.18%, 10, 0, 4, 2091.06
1636008716, 0, 211, 294, 253, 31, 1.18%, 10, 0, 4, 1414.63
1636008732, 0, 212, 294, 252, 30, 1.18%, 10, 0, 4, 1364.76
1636008752, 0, 212, 295, 253, 30, 1.18%, 10, 0, 4, 1225.15
1636008767, 0, 214, 295, 252, 29, 1.18%, 10, 0, 4, 1364.50
1636008802, 0, 216, 295, 251, 28, 1.18%, 10, 0, 4, 1401.09
1636008807, 0, 216, 296, 252, 28, 1.19%, 10, 0, 4, 1313.11
1636008874, 0, 216, 297, 253, 28, 1.19%, 10, 0, 4, 1249.77
1636009103, 0, 217, 298, 253, 28, 1.19%, 10, 0, 4, 1294.97
1636009409, 0, 218, 306, 260, 28, 1.19%, 10, 0, 4, 1309.89
1636009434, 0, 218, 308, 262, 28, 1.19%, 10, 0, 4, 1291.34
1636009491, 0, 218, 310, 264, 28, 1.20%, 10, 0, 4, 1244.66
1636009720, 0, 219, 311, 264, 30, 1.20%, 10, 0, 4, 1278.03
1636010031, 0, 220, 312, 264, 30, 1.20%, 10, 0, 4, 1283.81
1636010347, 0, 220, 313, 265, 30, 1.20%, 10, 0, 4, 1305.83
1636010352, 0, 230, 313, 264, 30, 1.20%, 10, 0, 4, 1281.91
1636010393, 0, 230, 314, 265, 30, 1.20%, 10, 0, 4, 1283.11
1636010644, 0, 231, 314, 264, 29, 1.20%, 10, 0, 4, 1344.14
1636010674, 0, 231, 315, 265, 29, 1.20%, 10, 0, 4, 1303.93
1636010934, 0, 232, 315, 264, 29, 1.20%, 10, 0, 4, 1481.80
1636010959, 0, 233, 315, 263, 28, 1.20%, 11, 0, 4, 1516.10
1636010984, 0, 239, 315, 262, 27, 1.20%, 11, 0, 4, 1385.91
1636010999, 0, 239, 316, 263, 27, 1.20%, 11, 0, 4, 1252.70
1636011019, 0, 240, 316, 262, 26, 1.20%, 11, 0, 4, 1361.32
1636011055, 0, 243, 317, 262, 25, 1.21%, 11, 0, 4, 1325.21
1636011065, 0, 243, 318, 263, 25, 1.21%, 11, 0, 4, 1486.18
1636011075, 0, 243, 319, 264, 25, 1.21%, 11, 0, 4, 1229.00
1636011091, 0, 243, 323, 268, 25, 1.23%, 11, 0, 4, 1232.69
1636011106, 0, 251, 323, 267, 26, 1.23%, 11, 0, 4, 1538.79
1636011131, 0, 252, 323, 266, 25, 1.23%, 11, 0, 4, 1514.54
1636011177, 0, 254, 323, 265, 24, 1.23%, 11, 0, 4, 1371.75
1636011351, 0, 260, 323, 264, 24, 1.23%, 11, 0, 4, 967.83
1636011361, 0, 260, 324, 265, 24, 1.25%, 11, 0, 4, 862.84
1636011397, 0, 260, 325, 266, 24, 1.25%, 11, 0, 4, 106.90
1636011463, 0, 260, 327, 268, 24, 1.25%, 11, 0, 4, 1191.84
1636011901, 0, 261, 327, 267, 24, 1.25%, 11, 0, 4, 1154.11
1636011911, 0, 261, 328, 268, 24, 1.25%, 11, 0, 4, 1339.35
1636011956, 0, 261, 329, 269, 24, 1.25%, 11, 0, 4, 1340.09
1636012074, 0, 262, 329, 268, 24, 1.25%, 11, 0, 4, 1400.13
1636012104, 0, 263, 331, 269, 23, 1.25%, 11, 0, 4, 1401.00
1636012135, 0, 274, 331, 268, 22, 1.25%, 11, 0, 4, 1329.16
1636012354, 0, 274, 333, 270, 22, 1.25%, 11, 0, 4, 1352.82
1636012359, 0, 276, 334, 270, 20, 1.25%, 11, 0, 4, 1419.30
1636012537, 0, 279, 334, 269, 19, 1.25%, 11, 0, 4, 1421.65
1636012553, 0, 280, 334, 268, 18, 1.25%, 11, 0, 4, 1747.22
1636012558, 0, 280, 335, 269, 18, 1.25%, 12, 0, 5, 1737.33
1636012563, 0, 280, 336, 270, 18, 1.25%, 12, 0, 5, 1470.59
1636012568, 0, 280, 337, 271, 18, 1.25%, 12, 0, 5, 1758.07
1636012573, 0, 284, 338, 271, 17, 1.25%, 12, 0, 5, 1667.89
1636012578, 0, 284, 340, 273, 17, 1.25%, 12, 0, 5, 1413.01
1636012609, 0, 284, 341, 274, 17, 1.25%, 12, 0, 5, 1065.82
1636012614, 0, 284, 342, 275, 17, 1.25%, 12, 0, 5, 1197.38
1636012624, 0, 285, 342, 274, 19, 1.25%, 12, 0, 5, 1364.77
1636012644, 0, 288, 342, 273, 18, 1.25%, 12, 0, 5, 1677.11
1636012650, 0, 288, 343, 274, 18, 1.25%, 12, 0, 5, 1451.15
1636012670, 0, 291, 343, 273, 17, 1.25%, 12, 0, 5, 1533.44
1636012700, 0, 295, 344, 273, 16, 1.25%, 12, 0, 5, 1633.00
1636012777, 0, 295, 345, 274, 16, 1.25%, 12, 0, 5, 1179.38
1636013025, 0, 297, 345, 273, 16, 1.25%, 12, 0, 5, 1208.44
1636013351, 0, 299, 345, 272, 15, 1.25%, 12, 0, 5, 1277.20
1636013662, 0, 308, 347, 273, 14, 1.25%, 12, 0, 5, 1328.92
1636013677, 0, 308, 348, 274, 14, 1.25%, 12, 0, 5, 1288.09
1636013693, 0, 308, 351, 277, 14, 1.25%, 12, 0, 5, 1302.83
1636013744, 0, 308, 352, 278, 14, 1.26%, 12, 0, 5, 1262.95
1636013983, 0, 308, 354, 280, 14, 1.26%, 12, 0, 5, 1435.62
1636013989, 0, 309, 355, 280, 15, 1.26%, 12, 0, 5, 1349.81
1636014311, 0, 311, 356, 280, 15, 1.26%, 12, 0, 5, 1332.05
1636014647, 0, 312, 357, 280, 14, 1.26%, 12, 0, 5, 1368.24
1636014963, 0, 314, 358, 280, 13, 1.26%, 12, 0, 5, 1334.72
1636015003, 0, 314, 359, 281, 13, 1.26%, 12, 0, 5, 1275.43
1636015252, 0, 321, 361, 282, 12, 1.26%, 12, 0, 5, 1384.81
1636015257, 0, 321, 362, 283, 12, 1.27%, 12, 0, 5, 1446.59
1636015293, 0, 321, 363, 284, 12, 1.27%, 12, 0, 5, 1213.98
1636015313, 0, 322, 363, 283, 12, 1.27%, 12, 0, 5, 1445.42
1636015318, 0, 322, 364, 284, 12, 1.28%, 12, 0, 5, 1384.57
1636015379, 0, 323, 366, 285, 12, 1.29%, 12, 0, 5, 1404.98
1636015384, 0, 323, 369, 288, 12, 1.30%, 12, 0, 5, 1282.24
1636015434, 0, 327, 369, 287, 16, 1.30%, 12, 0, 5, 1266.06
1636015612, 0, 330, 369, 286, 15, 1.30%, 12, 0, 5, 1429.60
1636015643, 0, 338, 369, 285, 14, 1.30%, 12, 0, 5, 1382.67
1636015693, 0, 340, 369, 284, 12, 1.30%, 12, 0, 5, 1196.15
1636015754, 0, 344, 369, 283, 12, 1.30%, 12, 0, 5, 1216.47
1636016080, 0, 349, 369, 282, 11, 1.30%, 12, 0, 5, 1291.01
1636016086, 0, 349, 372, 285, 11, 1.30%, 12, 0, 6, 1282.46
1636016091, 0, 349, 374, 287, 11, 1.30%, 12, 0, 6, 1276.67
1636016111, 0, 349, 375, 288, 11, 1.30%, 12, 0, 6, 1360.12
1636016116, 0, 349, 376, 289, 11, 1.30%, 12, 0, 6, 1295.41
1636016416, 0, 349, 378, 291, 11, 1.30%, 12, 0, 6, 1378.98
1636016421, 0, 351, 378, 290, 13, 1.30%, 12, 0, 6, 1320.66
1636016752, 0, 351, 379, 291, 13, 1.30%, 12, 0, 6, 1276.37
1636016757, 0, 354, 379, 290, 13, 1.30%, 12, 0, 6, 1333.37
1636017078, 0, 361, 380, 290, 12, 1.30%, 12, 0, 6, 1364.86
1636017144, 0, 363, 381, 290, 11, 1.30%, 12, 0, 6, 1423.14
1636017210, 0, 364, 382, 290, 10, 1.30%, 12, 0, 6, 1310.20
1636017266, 0, 365, 384, 291, 9, 1.30%, 12, 0, 6, 1212.04
1636017307, 0, 365, 385, 292, 9, 1.30%, 12, 0, 6, 884.25
1636017322, 0, 366, 386, 292, 10, 1.30%, 12, 0, 6, 1334.89
1636017378, 0, 367, 386, 291, 9, 1.30%, 12, 0, 6, 1222.02
1636017433, 0, 368, 386, 290, 8, 1.30%, 12, 0, 6, 1241.77
1636017489, 0, 371, 386, 289, 7, 1.30%, 12, 0, 6, 1276.12
1636017801, 0, 371, 387, 290, 7, 1.30%, 12, 0, 7, 1355.07
1636017806, 0, 372, 387, 289, 7, 1.30%, 12, 0, 7, 1299.52
1636017811, 0, 372, 389, 291, 7, 1.30%, 12, 0, 7, 1275.24
1636018138, 0, 373, 390, 291, 7, 1.30%, 12, 0, 7, 1310.61
1636018148, 0, 373, 391, 292, 7, 1.30%, 12, 0, 7, 1246.79
1636018469, 0, 378, 391, 291, 6, 1.30%, 12, 0, 7, 1330.25
1636018765, 0, 378, 394, 294, 6, 1.30%, 12, 0, 7, 1344.00
1636018770, 0, 378, 395, 295, 6, 1.30%, 12, 0, 7, 1466.76
1636018775, 0, 382, 395, 294, 6, 1.30%, 12, 0, 7, 1402.78
1636018780, 0, 382, 396, 295, 6, 1.30%, 12, 0, 7, 1278.80
1636018831, 0, 384, 396, 294, 5, 1.30%, 12, 0, 7, 1283.31
1636018836, 0, 384, 397, 295, 5, 1.30%, 12, 0, 7, 1297.49
1636018887, 0, 386, 397, 294, 5, 1.30%, 12, 0, 7, 1270.03
1636019198, 0, 386, 399, 296, 5, 1.30%, 12, 0, 8, 1414.89
1636019203, 0, 388, 399, 295, 4, 1.30%, 12, 0, 8, 1333.12
1636019534, 0, 392, 400, 295, 3, 1.30%, 12, 0, 8, 1359.15
1636019708, 0, 396, 400, 294, 2, 1.30%, 12, 0, 8, 1382.28
1636019713, 0, 396, 401, 295, 2, 1.30%, 12, 0, 8, 1255.71
1636019769, 1, 12, 401, 294, 1, 1.30%, 12, 0, 8, 1270.43
1636020060, 1, 130, 401, 293, 1, 1.30%, 12, 0, 8, 1314.63
1636020375, 1, 241, 401, 292, 1, 1.30%, 12, 0, 8, 1335.27
1636020426, 1, 244, 402, 292, 0, 1.30%, 12, 0, 8, 1481.66
1636020472, 1, 255, 403, 292, 0, 1.30%, 12, 0, 8, 1567.71
1636020987, 1, 257, 403, 291, 0, 1.30%, 12, 0, 8, 1188.71
1636021386, 1, 258, 403, 290, 0, 1.30%, 12, 0, 8, 1186.25
1636021732, 1, 259, 403, 289, 0, 1.30%, 12, 0, 8, 1327.13
1636021889, 1, 267, 404, 289, 0, 1.30%, 12, 0, 8, 1404.86
1636021899, 1, 267, 405, 290, 0, 1.30%, 12, 0, 8, 1526.11
1636021935, 1, 268, 406, 290, 0, 1.30%, 12, 0, 8, 1432.99
1636022286, 1, 278, 407, 290, 0, 1.30%, 12, 0, 8, 1408.51
1636022418, 1, 283, 408, 290, 0, 1.30%, 12, 0, 8, 1587.22
1636022448, 1, 286, 409, 290, 0, 1.30%, 12, 0, 8, 1623.30
1636022473, 1, 290, 410, 290, 0, 1.30%, 12, 0, 8, 1619.18
1636022499, 1, 294, 411, 290, 0, 1.30%, 12, 0, 8, 1710.27
1636022539, 1, 296, 411, 289, 0, 1.30%, 12, 0, 8, 1374.42
1636022844, 1, 296, 413, 291, 0, 1.30%, 12, 0, 8, 1380.52
1636022849, 1, 296, 414, 292, 0, 1.30%, 12, 0, 8, 1515.38
1636022855, 1, 296, 415, 293, 0, 1.30%, 12, 0, 8, 1553.66
1636022865, 1, 301, 417, 294, 0, 1.30%, 12, 0, 8, 1576.33
1636023175, 1, 301, 418, 295, 0, 1.30%, 12, 0, 8, 1330.57
1636023180, 1, 304, 418, 294, 0, 1.30%, 12, 0, 8, 1306.14
1636023491, 1, 306, 418, 293, 0, 1.30%, 12, 0, 8, 1300.89
1636023802, 1, 312, 418, 292, 0, 1.30%, 12, 0, 8, 1379.39
1636023807, 1, 318, 418, 292, 0, 1.30%, 12, 0, 8, 1330.13
1636023868, 1, 332, 418, 291, 0, 1.30%, 12, 0, 8, 1309.39
1636024097, 1, 332, 421, 294, 0, 1.30%, 12, 0, 8, 1354.71
1636024102, 1, 332, 423, 296, 0, 1.30%, 12, 0, 8, 1550.94
1636024112, 1, 332, 424, 297, 0, 1.30%, 12, 0, 8, 1623.03
1636024117, 1, 337, 425, 297, 0, 1.30%, 12, 0, 8, 1583.20
1636024122, 1, 337, 425, 297, 0, 1.30%, 13, 0, 8, 1573.48
1636024173, 1, 337, 428, 300, 0, 1.30%, 13, 0, 8, 2024.18
1636024178, 1, 341, 429, 300, 0, 1.30%, 13, 0, 8, 1584.77
1636024311, 1, 346, 430, 300, 0, 1.30%, 13, 0, 8, 1241.15
1636024638, 1, 347, 431, 300, 0, 1.30%, 13, 0, 8, 1333.03
1636024964, 1, 353, 431, 299, 0, 1.30%, 13, 0, 8, 1298.19
1636025346, 1, 355, 431, 298, 0, 1.30%, 13, 0, 8, 1304.13
1636025652, 1, 355, 434, 301, 0, 1.30%, 13, 0, 8, 1442.84
1636025662, 1, 379, 434, 300, 0, 1.30%, 13, 0, 8, 1688.90
1636026004, 1, 379, 437, 303, 0, 1.30%, 13, 0, 8, 1374.43
1636026014, 1, 380, 437, 302, 0, 1.30%, 13, 0, 8, 1535.89
1636026070, 1, 385, 438, 302, 0, 1.30%, 13, 0, 8, 1503.68
1636026131, 1, 385, 439, 303, 0, 1.30%, 13, 0, 8, 1120.24
1636026136, 1, 387, 440, 303, 0, 1.30%, 13, 0, 8, 1635.69
1636026146, 1, 387, 441, 304, 0, 1.30%, 13, 0, 8, 1288.44
1636026467, 1, 387, 442, 305, 0, 1.30%, 13, 0, 8, 1386.78
1636026473, 1, 440, 442, 304, 1, 1.30%, 13, 0, 8, 1310.95
1636026804, 1, 440, 445, 307, 1, 1.30%, 13, 0, 9, 1435.48
1636026809, 1, 440, 447, 309, 1, 1.30%, 13, 0, 9, 1520.85
1636026819, 1, 445, 449, 310, 0, 1.30%, 13, 0, 10, 1339.41
1636027589, 1, 445, 450, 311, 0, 1.30%, 13, 0, 10, 1166.61
1636027594, 1, 445, 452, 313, 0, 1.30%, 13, 0, 10, 1246.27
1636027610, 1, 446, 452, 312, 0, 1.30%, 13, 0, 10, 1277.28
1636027941, 1, 446, 456, 316, 0, 1.30%, 13, 0, 10, 1510.84
1636027946, 1, 446, 458, 318, 0, 1.30%, 13, 0, 10, 1583.87
1636027951, 1, 446, 460, 320, 0, 1.30%, 13, 0, 10, 1567.35
1636027956, 1, 454, 460, 319, 2, 1.30%, 13, 0, 10, 1367.31
1636028277, 1, 454, 461, 320, 2, 1.30%, 13, 0, 11, 1285.13
1636028287, 1, 457, 462, 320, 1, 1.30%, 13, 0, 11, 1410.11
1636028293, 1, 457, 463, 321, 1, 1.30%, 13, 0, 11, 1341.07
1636028486, 1, 457, 465, 323, 1, 1.30%, 13, 0, 11, 1631.26
1636028497, 1, 462, 466, 323, 2, 1.30%, 13, 0, 11, 1631.57
1636028695, 1, 464, 466, 322, 1, 1.30%, 13, 0, 11, 1606.06
1636028757, 1, 464, 467, 323, 1, 1.30%, 13, 0, 12, 1285.52
1636029032, 1, 464, 468, 324, 1, 1.30%, 13, 0, 12, 1390.68
1636029042, 1, 465, 468, 323, 0, 1.30%, 13, 0, 12, 1348.87
1636029337, 1, 467, 468, 322, 0, 1.30%, 13, 0, 12, 1391.38
1636029675, 2, 10, 468, 321, 0, 1.30%, 13, 0, 12, 1386.15
1636029970, 2, 10, 472, 325, 0, 1.31%, 13, 0, 12, 1523.97
1636029980, 2, 389, 472, 324, 1, 1.31%, 13, 0, 12, 1437.56
1636030316, 2, 471, 472, 323, 1, 1.31%, 13, 0, 12, 1291.12
1636032543, 3, 3, 472, 322, 0, 1.31%, 13, 0, 12, 1155.59
1636032563, 3, 15, 472, 321, 0, 1.31%, 13, 0, 12, 1381.60
1636032858, 3, 20, 472, 320, 0, 1.31%, 13, 0, 12, 1336.37
1636033175, 3, 26, 472, 319, 0, 1.31%, 13, 0, 12, 1292.97
1636033484, 3, 34, 472, 318, 0, 1.31%, 13, 0, 12, 1339.17
1636033775, 3, 46, 472, 317, 0, 1.31%, 13, 0, 12, 1447.85
1636033790, 3, 47, 472, 316, 0, 1.31%, 13, 0, 12, 1423.54
1636033795, 3, 50, 472, 316, 0, 1.31%, 13, 0, 12, 1704.02
1636033811, 3, 61, 472, 315, 0, 1.31%, 13, 0, 12, 1402.84
1636033964, 3, 66, 472, 314, 0, 1.31%, 13, 0, 12, 1558.96
1636033979, 3, 73, 472, 313, 0, 1.31%, 13, 0, 12, 1502.97
1636034015, 3, 77, 473, 313, 0, 1.31%, 13, 0, 12, 1553.30
1636034051, 3, 80, 473, 312, 0, 1.31%, 13, 0, 12, 1568.29
1636034066, 3, 83, 473, 311, 0, 1.31%, 14, 0, 12, 1587.96
1636034106, 3, 85, 473, 310, 0, 1.31%, 14, 0, 12, 1376.30
1636034403, 3, 87, 473, 309, 0, 1.31%, 14, 0, 12, 1300.82
1636034694, 3, 88, 474, 309, 0, 1.31%, 14, 0, 12, 1305.47
1636034985, 3, 89, 476, 310, 0, 1.31%, 14, 0, 12, 1432.49
1636035251, 3, 91, 476, 309, 0, 1.31%, 14, 0, 12, 1337.15
1636035551, 3, 94, 476, 308, 0, 1.31%, 14, 0, 12, 1310.09
1636035826, 3, 105, 476, 307, 0, 1.31%, 14, 0, 12, 1386.40
1636035846, 3, 106, 476, 306, 0, 1.31%, 14, 0, 12, 1383.07
1636035872, 3, 112, 476, 305, 0, 1.31%, 14, 0, 12, 1426.27
1636035902, 3, 123, 476, 304, 0, 1.31%, 14, 0, 12, 1349.65
1636035959, 3, 128, 476, 303, 0, 1.31%, 15, 0, 12, 1285.05
1636036270, 3, 131, 477, 303, 0, 1.31%, 15, 0, 12, 1342.07
1636036590, 3, 135, 480, 305, 0, 1.31%, 15, 0, 12, 1391.97
1636036972, 3, 135, 481, 306, 0, 1.32%, 15, 0, 12, 1284.37
1636036977, 3, 186, 481, 305, 1, 1.32%, 15, 0, 12, 1712.73
1636036987, 3, 221, 481, 304, 1, 1.32%, 15, 0, 12, 1392.78
1636037303, 3, 480, 481, 303, 1, 1.32%, 15, 0, 12, 933.25
1636037339, 3, 480, 481, 303, 1, 1.32%, 16, 0, 12, 895.33
1636037344, 3, 480, 481, 303, 1, 1.32%, 18, 0, 12, 969.29
1636038682, 4, 6, 481, 302, 0, 1.32%, 18, 0, 12, 1775.33
1636038692, 4, 27, 481, 301, 0, 1.32%, 18, 0, 12, 1511.07
1636039008, 4, 37, 481, 300, 0, 1.32%, 18, 0, 12, 1301.32
1636039319, 4, 37, 482, 301, 0, 1.32%, 18, 0, 12, 1399.27
1636039324, 4, 41, 482, 300, 0, 1.32%, 18, 0, 12, 1299.63
1636039635, 4, 51, 482, 299, 0, 1.32%, 18, 0, 12, 1921.28
1636039645, 4, 54, 482, 298, 0, 1.32%, 18, 0, 12, 1389.92
1636039940, 4, 55, 482, 297, 0, 1.32%, 18, 0, 12, 1311.28
1636040240, 4, 56, 482, 296, 0, 1.32%, 18, 0, 12, 1373.64
1636040276, 4, 57, 482, 295, 0, 1.32%, 18, 0, 12, 1500.45
1636040327, 4, 59, 482, 294, 0, 1.32%, 18, 0, 12, 1323.76
1636040624, 4, 72, 483, 294, 0, 1.32%, 18, 0, 12, 1489.94
1636040659, 4, 75, 483, 293, 0, 1.32%, 18, 0, 12, 1460.80
1636040720, 4, 79, 483, 292, 0, 1.32%, 18, 0, 12, 1523.61
1636040735, 4, 93, 483, 291, 0, 1.32%, 18, 0, 12, 1485.66
1636041039, 4, 129, 483, 290, 0, 1.32%, 18, 0, 12, 1468.38
1636041070, 4, 137, 483, 289, 0, 1.32%, 18, 0, 12, 1336.47
1636041397, 4, 139, 483, 288, 0, 1.32%, 18, 0, 12, 1356.42
1636041718, 4, 147, 483, 287, 0, 1.32%, 18, 0, 12, 1327.01
1636042020, 4, 152, 483, 286, 0, 1.32%, 18, 0, 12, 1332.17
1636042173, 4, 155, 483, 285, 0, 1.32%, 18, 0, 12, 1394.01
1636042218, 4, 159, 483, 284, 0, 1.32%, 18, 0, 12, 1524.03
1636042228, 4, 159, 484, 285, 0, 1.33%, 18, 0, 12, 1468.65
1636042254, 4, 415, 484, 284, 1, 1.33%, 18, 0, 12, 1408.54
1636042580, 4, 415, 485, 285, 1, 1.33%, 18, 0, 12, 1474.24
1636042585, 4, 415, 486, 286, 1, 1.33%, 18, 0, 12, 1541.15
1636042590, 4, 483, 486, 285, 1, 1.33%, 18, 0, 12, 1506.72
1636042636, 5, 13, 486, 284, 0, 1.33%, 18, 0, 12, 1596.07
1636042935, 5, 25, 486, 283, 0, 1.33%, 18, 0, 12, 1316.52
1636043236, 5, 30, 486, 282, 0, 1.33%, 18, 0, 12, 1345.99
1636043256, 5, 36, 488, 283, 0, 1.33%, 18, 0, 12, 1531.86
1636043434, 5, 48, 488, 282, 0, 1.33%, 18, 0, 12, 1488.58
1636043454, 5, 60, 488, 281, 0, 1.33%, 18, 0, 12, 1355.85
1636043598, 5, 63, 488, 280, 0, 1.33%, 18, 0, 12, 1354.48
1636043913, 5, 69, 488, 279, 0, 1.33%, 18, 0, 12, 1793.83
1636043928, 5, 70, 488, 278, 0, 1.33%, 18, 0, 12, 1740.39
1636043938, 5, 71, 488, 277, 0, 1.33%, 18, 0, 12, 1517.83
1636043979, 5, 81, 488, 276, 0, 1.33%, 18, 0, 12, 1718.22
1636043989, 5, 82, 488, 275, 0, 1.33%, 18, 0, 12, 1616.80
1636043994, 5, 84, 488, 275, 0, 1.33%, 18, 0, 12, 1360.88
1636044296, 5, 86, 488, 274, 0, 1.33%, 18, 0, 12, 1284.63
1636044588, 5, 101, 488, 273, 0, 1.33%, 18, 0, 12, 1249.36
1636044901, 5, 102, 488, 272, 0, 1.33%, 18, 0, 12, 1268.93
1636045232, 5, 109, 488, 271, 0, 1.33%, 18, 0, 12, 1461.64
1636045258, 5, 110, 488, 270, 0, 1.33%, 18, 0, 12, 1351.59
1636045569, 5, 118, 488, 269, 0, 1.33%, 18, 0, 12, 1337.44
1636045895, 5, 120, 488, 268, 0, 1.33%, 18, 0, 12, 1396.42
1636045905, 5, 120, 489, 269, 0, 1.33%, 18, 0, 12, 1296.09
1636045936, 5, 138, 490, 269, 0, 1.33%, 18, 0, 12, 1322.97
1636046245, 5, 145, 490, 268, 0, 1.33%, 18, 0, 12, 1362.71
1636046546, 5, 146, 490, 267, 0, 1.33%, 18, 0, 12, 1377.83
1636046918, 5, 148, 490, 266, 0, 1.33%, 18, 0, 12, 1354.76
1636046964, 5, 156, 490, 265, 0, 1.33%, 18, 0, 12, 1417.86
1636047259, 5, 160, 490, 264, 0, 1.33%, 18, 0, 12, 1347.90
1636047557, 5, 161, 490, 263, 0, 1.33%, 18, 0, 12, 1311.07
1636047924, 5, 169, 490, 262, 0, 1.33%, 18, 0, 12, 1953.39
1636047934, 5, 174, 490, 261, 0, 1.33%, 18, 0, 12, 1468.48
1636048280, 5, 182, 490, 260, 0, 1.33%, 18, 0, 12, 1291.65
1636048611, 5, 188, 490, 259, 0, 1.33%, 18, 0, 12, 1360.11
1636048672, 5, 197, 490, 258, 0, 1.33%, 18, 0, 12, 1420.80
1636048713, 5, 206, 490, 257, 0, 1.33%, 18, 0, 12, 1547.12
1636048743, 5, 209, 490, 256, 0, 1.33%, 18, 0, 12, 1618.81
1636048764, 5, 215, 490, 255, 0, 1.33%, 18, 0, 12, 1367.11
1636049064, 5, 222, 491, 255, 0, 1.33%, 18, 0, 12, 1401.82
1636049289, 5, 225, 491, 254, 0, 1.33%, 18, 0, 12, 1396.92
1636049314, 5, 234, 492, 254, 0, 1.33%, 18, 0, 12, 1558.17
1636049345, 5, 235, 492, 253, 0, 1.33%, 18, 0, 12, 1456.49
1636049375, 5, 237, 492, 252, 0, 1.33%, 18, 0, 12, 1500.16
1636049406, 5, 247, 492, 251, 0, 1.33%, 18, 0, 12, 1416.84
1636049447, 5, 249, 492, 250, 0, 1.33%, 18, 0, 12, 1249.56
1636049808, 5, 260, 493, 250, 0, 1.33%, 18, 0, 12, 1384.50
1636049813, 5, 270, 493, 250, 0, 1.33%, 18, 0, 12, 1366.90
1636049991, 5, 298, 495, 251, 0, 1.33%, 18, 0, 12, 1461.21
1636050298, 5, 298, 497, 253, 0, 1.33%, 18, 0, 12, 1474.10
1636050303, 5, 305, 497, 252, 0, 1.33%, 18, 0, 12, 1386.76
1636050615, 5, 307, 497, 251, 0, 1.33%, 18, 0, 12, 1387.64
1636050952, 5, 315, 499, 252, 0, 1.33%, 18, 0, 12, 1325.33
1636051161, 5, 324, 499, 251, 0, 1.33%, 18, 0, 12, 1344.82
1636051340, 5, 326, 499, 250, 0, 1.33%, 18, 0, 12, 996.49
1636051934, 5, 329, 499, 249, 0, 1.33%, 18, 0, 12, 1320.34
1636051965, 5, 335, 499, 248, 0, 1.33%, 19, 0, 12, 1608.63
1636051985, 5, 335, 501, 250, 0, 1.33%, 19, 0, 12, 1966.63
1636051990, 5, 336, 501, 249, 0, 1.33%, 19, 0, 12, 1649.99
1636052016, 5, 336, 504, 252, 0, 1.33%, 19, 0, 12, 1969.61
1636052021, 5, 343, 504, 251, 0, 1.33%, 19, 0, 12, 1956.96
1636052107, 5, 345, 504, 250, 0, 1.33%, 19, 0, 12, 1475.97
1636052418, 5, 345, 505, 251, 0, 1.33%, 19, 0, 12, 1338.12
1636052423, 5, 359, 505, 250, 0, 1.33%, 19, 0, 12, 1354.33
1636052741, 5, 359, 507, 252, 0, 1.33%, 19, 0, 12, 1276.47
1636052746, 5, 367, 507, 251, 0, 1.33%, 19, 0, 12, 1748.14
1636052751, 5, 370, 507, 251, 0, 1.33%, 19, 0, 12, 1375.50
1636053067, 5, 383, 507, 250, 0, 1.33%, 19, 0, 12, 1427.21
1636053122, 5, 393, 508, 250, 0, 1.33%, 19, 0, 12, 1481.85
1636053402, 5, 394, 508, 249, 0, 1.33%, 19, 0, 12, 1320.00
1636053734, 5, 394, 510, 251, 0, 1.33%, 19, 0, 12, 1529.52
1636053739, 5, 399, 510, 250, 0, 1.33%, 19, 0, 12, 1378.78
1636054111, 5, 409, 510, 249, 0, 1.33%, 19, 0, 12, 1377.23
1636054177, 5, 409, 512, 251, 0, 1.33%, 19, 0, 12, 1728.41
1636054187, 5, 410, 512, 250, 0, 1.33%, 19, 0, 12, 1495.48
1636054253, 5, 417, 512, 249, 0, 1.33%, 19, 0, 12, 1366.42
1636054763, 5, 417, 514, 251, 0, 1.33%, 19, 0, 12, 1445.73
1636054773, 5, 421, 514, 250, 0, 1.33%, 19, 0, 12, 1210.85
1636055334, 5, 423, 514, 249, 0, 1.33%, 19, 0, 12, 1175.99
1636056236, 5, 423, 515, 250, 0, 1.33%, 19, 0, 12, 1270.53
1636056241, 5, 423, 516, 251, 0, 1.33%, 19, 0, 12, 1328.93
1636056246, 5, 425, 516, 250, 0, 1.33%, 19, 0, 12, 1415.65
1636056327, 5, 426, 516, 249, 0, 1.33%, 19, 0, 12, 1476.00
1636056332, 5, 426, 516, 249, 0, 1.33%, 20, 0, 12, 1413.49
1636056510, 5, 428, 516, 248, 0, 1.33%, 20, 0, 12, 1501.31
1636056581, 5, 429, 516, 247, 0, 1.33%, 20, 0, 12, 1497.49
1636057117, 5, 430, 516, 246, 0, 1.33%, 20, 0, 12, 1285.21
1636057612, 5, 430, 518, 248, 0, 1.33%, 20, 0, 12, 1460.52
1636057617, 5, 430, 519, 249, 0, 1.33%, 20, 0, 12, 1553.60
1636057633, 5, 432, 519, 248, 0, 1.33%, 20, 0, 12, 1402.28
1636057974, 5, 434, 520, 248, 0, 1.33%, 20, 0, 12, 1483.92
1636058459, 5, 434, 521, 249, 0, 1.33%, 20, 0, 12, 1493.05
1636058465, 5, 435, 521, 248, 0, 1.33%, 20, 0, 12, 1280.48
1636058955, 5, 435, 523, 250, 0, 1.33%, 20, 0, 12, 1357.17
1636058966, 5, 451, 523, 249, 0, 1.33%, 20, 0, 12, 1414.66
1636059855, 5, 451, 525, 251, 0, 1.33%, 20, 0, 12, 1284.47
1636059870, 5, 457, 525, 250, 0, 1.33%, 20, 0, 12, 1456.80
1636059875, 5, 469, 525, 250, 0, 1.33%, 20, 0, 12, 1258.64
1636060744, 5, 472, 525, 249, 0, 1.33%, 20, 0, 12, 1131.71
1636061328, 5, 476, 525, 248, 0, 1.33%, 20, 0, 12, 1316.78
1636061766, 5, 478, 525, 247, 0, 1.33%, 20, 0, 12, 1358.26
1636062326, 5, 478, 526, 248, 0, 1.33%, 20, 0, 12, 1324.49
1636062331, 5, 492, 526, 247, 1, 1.33%, 20, 0, 12, 1089.89
1636063108, 5, 492, 528, 249, 1, 1.33%, 20, 0, 12, 1273.91
1636063113, 5, 492, 531, 252, 1, 1.33%, 20, 0, 12, 1356.76
1636063124, 5, 493, 533, 253, 1, 1.33%, 20, 0, 12, 1335.94
1636063649, 5, 493, 537, 257, 1, 1.33%, 20, 0, 12, 1462.97
1636063659, 5, 493, 538, 258, 1, 1.33%, 20, 0, 12, 1565.00
1636063669, 5, 525, 538, 257, 1, 1.33%, 20, 0, 12, 1158.93
1636066274, 5, 525, 540, 259, 1, 1.33%, 20, 0, 12, 847.43
1636066279, 5, 525, 541, 260, 1, 1.33%, 20, 0, 12, 1014.74
1636066294, 5, 526, 541, 259, 0, 1.33%, 20, 0, 12, 836.07
1636070290, 5, 532, 541, 258, 0, 1.33%, 20, 0, 12, 660.79
1636076651, 5, 535, 541, 257, 0, 1.33%, 20, 0, 12, 855.87
1636079373, 5, 535, 542, 258, 0, 1.33%, 20, 0, 12, 1057.95
1636079383, 5, 537, 542, 257, 0, 1.33%, 20, 0, 12, 831.91
1636087452, 5, 537, 544, 259, 0, 1.33%, 20, 0, 12, 648.66
1636087473, 5, 537, 545, 260, 0, 1.33%, 20, 0, 12, 760.83
1636087488, 6, 9, 545, 259, 0, 1.33%, 20, 0, 12, 1726.86
1636087503, 6, 28, 545, 258, 0, 1.33%, 20, 0, 12, 1497.04
1636087518, 6, 31, 545, 257, 0, 1.33%, 20, 0, 12, 1553.13
1636087534, 6, 35, 545, 256, 0, 1.33%, 20, 0, 12, 1377.17
1636087829, 6, 49, 545, 255, 0, 1.33%, 20, 0, 12, 1507.95
1636087844, 6, 58, 545, 254, 0, 1.33%, 20, 0, 12, 1556.41
1636088140, 6, 74, 545, 253, 0, 1.33%, 20, 0, 12, 1490.94
1636088201, 6, 78, 545, 252, 0, 1.33%, 20, 0, 12, 1379.31
1636088257, 6, 96, 545, 251, 0, 1.33%, 20, 0, 12, 1380.91
1636088560, 6, 98, 545, 250, 0, 1.33%, 20, 0, 12, 1284.53
1636088851, 6, 100, 545, 249, 0, 1.33%, 20, 0, 12, 1304.32
1636089153, 6, 115, 545, 248, 0, 1.33%, 20, 0, 12, 1430.81
1636089184, 6, 121, 545, 247, 0, 1.33%, 20, 0, 12, 1348.67
1636089225, 6, 122, 545, 246, 0, 1.33%, 20, 0, 12, 1305.56
1636089560, 6, 124, 545, 245, 0, 1.33%, 20, 0, 12, 1270.84
1636089903, 6, 126, 545, 244, 0, 1.33%, 20, 0, 12, 1250.18
1636090091, 6, 127, 545, 243, 0, 1.33%, 20, 0, 12, 1275.12
1636090402, 6, 136, 545, 242, 0, 1.33%, 20, 0, 12, 1292.06
1636090724, 6, 140, 545, 241, 0, 1.33%, 20, 0, 12, 1334.73
1636090892, 6, 144, 545, 240, 0, 1.33%, 20, 0, 12, 1399.85
1636090897, 6, 153, 545, 240, 0, 1.33%, 20, 0, 12, 1320.90
1636091213, 6, 166, 545, 239, 0, 1.33%, 20, 0, 12, 1329.60
1636091510, 6, 173, 545, 238, 0, 1.33%, 20, 0, 12, 1370.20
1636091561, 6, 177, 545, 237, 0, 1.33%, 20, 0, 12, 1556.21
1636092030, 6, 179, 545, 236, 0, 1.33%, 20, 0, 12, 1421.67
1636092056, 6, 185, 545, 235, 0, 1.33%, 20, 0, 12, 1476.12
1636092091, 6, 193, 545, 234, 0, 1.33%, 20, 0, 12, 1568.16
1636092142, 6, 269, 545, 233, 1, 1.33%, 20, 0, 12, 1416.48
1636092321, 6, 282, 545, 232, 0, 1.33%, 20, 0, 12, 1578.05
1636092341, 6, 285, 545, 231, 0, 1.33%, 20, 0, 12, 1735.72
1636092346, 6, 292, 545, 231, 0, 1.33%, 20, 0, 12, 1948.37
1636092367, 6, 299, 545, 230, 0, 1.33%, 20, 0, 12, 1518.18
1636092372, 6, 302, 545, 230, 0, 1.33%, 20, 0, 12, 1330.11
1636092683, 6, 310, 545, 229, 0, 1.33%, 20, 0, 12, 1302.99
1636093055, 6, 313, 545, 228, 0, 1.33%, 20, 0, 12, 1308.20
1636093351, 6, 313, 548, 231, 0, 1.33%, 20, 0, 12, 1441.58
1636093361, 6, 325, 548, 230, 0, 1.33%, 20, 0, 12, 1511.58
1636093743, 6, 328, 548, 229, 0, 1.33%, 20, 0, 12, 1337.68
