# unix_time, cycles_done, cur_path, paths_total, pending_total, pending_favs, map_size, unique_crashes, unique_hangs, max_depth, execs_per_sec
1654174425, 0, 0, 1, 1, 1, 0.03%, 0, 0, 1, 0.19
1654174446, 0, 0, 4, 4, 1, 0.03%, 0, 0, 2, 136.59
1654174461, 0, 0, 5, 5, 1, 0.03%, 0, 0, 2, 3.09
1654174544, 0, 0, 6, 6, 1, 0.03%, 0, 0, 2, 3.05
1654174550, 0, 0, 7, 7, 1, 0.03%, 0, 0, 2, 3.04
1654174633, 0, 0, 8, 8, 1, 0.03%, 0, 0, 2, 3.06
1654174664, 0, 0, 9, 9, 1, 0.03%, 0, 0, 2, 3.07
1654174763, 0, 0, 10, 10, 1, 0.03%, 0, 0, 2, 2.95
1654174883, 0, 0, 11, 11, 1, 0.03%, 0, 0, 2, 2.91
1654174940, 0, 0, 12, 12, 1, 0.03%, 0, 0, 2, 3.01
1654175018, 0, 0, 13, 13, 1, 0.03%, 0, 0, 2, 2.94
1654175112, 0, 0, 14, 14, 1, 0.03%, 0, 0, 2, 3.02
1654175190, 0, 0, 15, 15, 1, 0.03%, 0, 0, 2, 2.91
1654175809, 0, 0, 16, 16, 1, 0.03%, 0, 0, 2, 5.81
1654176741, 0, 0, 17, 17, 1, 0.03%, 0, 0, 2, 66.17
1654176746, 0, 0, 20, 20, 1, 0.03%, 0, 0, 2, 50.84
1654176751, 0, 0, 25, 25, 1, 0.03%, 0, 0, 2, 36.16
1654176756, 0, 0, 26, 26, 1, 0.03%, 0, 0, 2, 3.04
1654178302, 0, 0, 27, 27, 1, 0.03%, 0, 0, 2, 34.09
1654178312, 0, 0, 28, 28, 1, 0.03%, 0, 0, 2, 33.27
1654178317, 0, 0, 29, 29, 1, 0.03%, 0, 0, 2, 31.73
1654178368, 0, 0, 30, 30, 1, 0.03%, 0, 0, 2, 33.88
1654178425, 0, 0, 31, 31, 1, 0.03%, 0, 0, 2, 6.82
1654178430, 0, 0, 33, 33, 1, 0.03%, 0, 0, 2, 13.64
1654178435, 0, 0, 35, 35, 1, 0.03%, 0, 0, 2, 12.96
1654178441, 0, 0, 36, 36, 1, 0.03%, 0, 0, 2, 15.75
1654178446, 0, 0, 38, 38, 1, 0.03%, 0, 0, 2, 13.00
1654178451, 0, 0, 40, 40, 1, 0.03%, 0, 0, 2, 12.80
1654178456, 0, 0, 41, 41, 1, 0.03%, 1, 0, 2, 13.58
1654178461, 0, 0, 43, 43, 1, 0.04%, 1, 0, 2, 13.98
1654178467, 0, 0, 44, 44, 1, 0.04%, 1, 0, 2, 2.38
1654178477, 0, 0, 46, 46, 1, 0.04%, 1, 0, 2, 8.67
1654178482, 0, 0, 47, 47, 1, 0.04%, 1, 0, 2, 8.15
1654178487, 0, 0, 48, 48, 1, 0.05%, 1, 0, 2, 8.61
1654178498, 0, 0, 49, 49, 1, 0.05%, 1, 0, 2, 8.38
1654178503, 0, 0, 50, 50, 1, 0.05%, 1, 0, 2, 9.24
1654178508, 0, 0, 51, 51, 1, 0.05%, 1, 0, 2, 14.44
1654178513, 0, 0, 52, 52, 1, 0.06%, 1, 0, 2, 13.56
1654178518, 0, 0, 53, 53, 1, 0.06%, 1, 0, 2, 9.28
1654178539, 0, 0, 55, 55, 1, 0.06%, 1, 0, 2, 13.36
1654178549, 0, 0, 57, 57, 1, 0.06%, 1, 0, 2, 9.98
1654178554, 0, 0, 58, 58, 1, 0.06%, 1, 0, 2, 13.77
1654178559, 0, 0, 59, 59, 1, 0.06%, 1, 0, 2, 2.82
1654178564, 0, 0, 61, 61, 1, 0.06%, 1, 0, 2, 17.99
1654178575, 0, 0, 62, 62, 1, 0.06%, 1, 0, 2, 2.97
1654178585, 0, 0, 63, 63, 1, 0.06%, 1, 0, 2, 3.04
1654178600, 0, 0, 64, 64, 1, 0.06%, 1, 0, 2, 2.95
1654178605, 0, 0, 66, 66, 1, 0.06%, 1, 0, 2, 16.05
1654178615, 0, 0, 68, 68, 1, 0.06%, 1, 0, 2, 15.64
1654178621, 0, 0, 70, 70, 1, 0.06%, 1, 0, 2, 11.76
1654178626, 0, 0, 72, 72, 1, 0.06%, 1, 0, 2, 9.64
1654178631, 0, 0, 73, 73, 1, 0.06%, 1, 0, 2, 14.26
1654178636, 0, 0, 74, 74, 1, 0.06%, 1, 0, 2, 15.88
1654178641, 0, 0, 75, 75, 1, 0.06%, 1, 0, 2, 15.79
1654178652, 0, 0, 76, 76, 1, 0.06%, 1, 0, 2, 16.24
1654178667, 0, 0, 77, 77, 1, 0.07%, 1, 0, 2, 15.76
1654178688, 0, 0, 78, 78, 1, 0.07%, 1, 0, 2, 3.09
1654178703, 0, 0, 79, 79, 1, 0.07%, 1, 0, 2, 16.48
1654178708, 0, 0, 80, 80, 1, 0.07%, 1, 0, 2, 16.37
1654178713, 0, 0, 82, 82, 1, 0.07%, 1, 0, 2, 16.30
1654184992, 0, 0, 83, 83, 1, 0.07%, 1, 0, 2, 3.08
1654185069, 0, 0, 84, 84, 1, 0.07%, 1, 0, 2, 3.08
1654185116, 0, 0, 85, 85, 1, 0.07%, 1, 0, 2, 3.09
1654185127, 0, 0, 86, 86, 1, 0.07%, 1, 0, 2, 3.10
1654185329, 0, 0, 87, 87, 1, 0.07%, 1, 0, 2, 3.09
1654216207, 0, 0, 88, 88, 1, 0.07%, 1, 0, 2, 3.06
1654217862, 0, 0, 89, 89, 1, 0.07%, 1, 0, 2, 5.99
1654217888, 0, 0, 90, 90, 1, 0.07%, 1, 0, 2, 7.82
1654218039, 0, 1, 90, 89, 38, 0.07%, 1, 0, 2, 114.93
1654218480, 0, 1, 91, 90, 38, 0.07%, 1, 0, 3, 69.12
1654218486, 0, 2, 91, 89, 36, 0.07%, 1, 0, 3, 132.79
1654218583, 0, 3, 91, 88, 35, 0.07%, 1, 0, 3, 34.15
1654222641, 0, 3, 92, 89, 35, 0.07%, 1, 0, 3, 66.04
1654222646, 0, 8, 92, 88, 34, 0.07%, 1, 0, 3, 83.08
1654222661, 0, 8, 93, 89, 34, 0.07%, 1, 0, 3, 90.55
1654222702, 0, 8, 94, 90, 34, 0.07%, 1, 0, 3, 192.98
1654222753, 0, 8, 95, 91, 34, 0.07%, 1, 0, 3, 64.78
1654223170, 0, 14, 95, 90, 32, 0.07%, 1, 0, 3, 2.58
1654225162, 0, 14, 95, 90, 32, 0.07%, 2, 0, 3, 16.50
1654247445, 0, 19, 95, 89, 31, 0.07%, 2, 0, 3, 19.32
1654247608, 0, 19, 96, 90, 31, 0.07%, 2, 0, 3, 22.92
1654247614, 0, 19, 97, 91, 31, 0.07%, 2, 0, 3, 18.75
1654247848, 0, 19, 98, 92, 31, 0.07%, 2, 0, 3, 17.08
1654247858, 0, 19, 99, 93, 31, 0.07%, 2, 0, 3, 16.89
1654247879, 0, 19, 100, 94, 31, 0.07%, 2, 0, 3, 17.21
1654247997, 0, 19, 101, 95, 31, 0.07%, 2, 0, 3, 16.45
1654250392, 0, 19, 102, 96, 31, 0.07%, 2, 0, 3, 17.62
1654251323, 0, 23, 102, 95, 32, 0.07%, 2, 0, 3, 32.99
1654251708, 0, 23, 103, 96, 32, 0.07%, 2, 0, 3, 17.03
1654253558, 0, 27, 103, 95, 31, 0.07%, 2, 0, 3, 3.03
1654295121, 0, 28, 103, 94, 30, 0.07%, 2, 0, 3, 8.27
1654301485, 0, 28, 104, 95, 30, 0.07%, 2, 0, 3, 52.13
1654301511, 0, 32, 104, 94, 29, 0.07%, 2, 0, 3, 55.35
1654302202, 0, 32, 105, 95, 29, 0.07%, 2, 0, 3, 18.17
1654305622, 0, 36, 105, 94, 28, 0.07%, 2, 0, 3, 3.04
1654333209, 0, 37, 105, 93, 27, 0.07%, 2, 0, 3, 33.22
1654334074, 0, 37, 106, 94, 27, 0.07%, 2, 0, 3, 32.91
1654334100, 0, 37, 107, 95, 27, 0.07%, 2, 0, 3, 16.10
1654334146, 0, 37, 108, 96, 27, 0.07%, 2, 0, 3, 16.93
1654334279, 0, 37, 109, 97, 27, 0.07%, 3, 0, 3, 10.38
1654341822, 0, 41, 109, 96, 28, 0.07%, 3, 0, 3, 41.43
1654341899, 0, 41, 110, 97, 28, 0.07%, 3, 0, 3, 16.96
1654343071, 0, 41, 112, 99, 28, 0.07%, 3, 0, 3, 16.17
1654352567, 0, 42, 112, 98, 28, 0.07%, 3, 0, 3, 16.84
1654352675, 0, 42, 113, 99, 28, 0.07%, 3, 0, 3, 10.20
1654355544, 0, 42, 114, 100, 28, 0.07%, 3, 0, 3, 15.08
1654355554, 0, 42, 115, 101, 28, 0.07%, 3, 0, 3, 12.96
1654356497, 0, 42, 116, 102, 28, 0.07%, 3, 0, 3, 9.96
1654367771, 0, 43, 116, 101, 29, 0.07%, 3, 0, 3, 16.39
1654398362, 0, 43, 116, 101, 29, 0.07%, 4, 0, 3, 2.02
1654425087, 0, 43, 116, 101, 29, 0.07%, 5, 0, 3, 2.02
1654426704, 0, 44, 116, 100, 28, 0.07%, 5, 0, 3, 147.92
1654426821, 0, 44, 117, 101, 28, 0.07%, 5, 0, 3, 7.71
1654426893, 0, 44, 118, 102, 28, 0.07%, 5, 0, 3, 8.01
1654427592, 0, 44, 119, 103, 28, 0.07%, 5, 0, 3, 8.11
1654430131, 0, 44, 120, 104, 28, 0.07%, 5, 0, 3, 4.19
1654430740, 0, 44, 121, 105, 28, 0.07%, 5, 0, 3, 4.71
1654430952, 0, 44, 122, 106, 28, 0.07%, 5, 0, 3, 6.08
1654444198, 0, 45, 122, 105, 29, 0.07%, 5, 0, 3, 10.56
1654445914, 0, 45, 122, 105, 29, 0.07%, 6, 0, 3, 11.54
1654459635, 0, 47, 122, 104, 28, 0.07%, 6, 0, 3, 2.53
1654509461, 0, 48, 122, 103, 27, 0.07%, 6, 0, 3, 4.45
1654512350, 0, 48, 122, 103, 27, 0.07%, 7, 0, 3, 12.21
1654514736, 0, 48, 123, 104, 27, 0.07%, 7, 0, 3, 16.27
