# unix_time, cycles_done, cur_path, paths_total, pending_total, pending_favs, map_size, unique_crashes, unique_hangs, max_depth, execs_per_sec
1630397046, 0, 0, 1, 1, 1, 2.10%, 0, 0, 1, 373.83
1630397051, 0, 0, 89, 89, 1, 2.50%, 10, 0, 2, 543.98
1630397056, 0, 0, 97, 97, 1, 2.52%, 10, 0, 2, 322.77
1630397062, 0, 0, 103, 103, 1, 2.52%, 10, 0, 2, 227.01
1630397077, 0, 0, 104, 104, 1, 2.52%, 10, 0, 2, 148.39
1630397082, 0, 0, 108, 108, 1, 2.55%, 11, 0, 2, 201.26
1630397087, 0, 0, 112, 112, 1, 2.56%, 12, 0, 2, 189.47
1630397092, 0, 0, 116, 116, 1, 2.60%, 12, 0, 2, 162.79
1630397128, 0, 0, 118, 118, 1, 2.63%, 12, 0, 2, 145.78
1630397158, 0, 0, 120, 120, 1, 2.63%, 12, 0, 2, 144.83
1630397163, 0, 0, 121, 121, 1, 2.63%, 12, 0, 2, 139.01
1630397173, 0, 0, 123, 123, 1, 2.63%, 12, 0, 2, 146.51
1630397183, 0, 0, 124, 124, 1, 2.63%, 12, 0, 2, 140.97
1630397188, 0, 0, 125, 125, 1, 2.63%, 12, 0, 2, 162.07
1630397194, 0, 0, 127, 127, 1, 2.64%, 14, 0, 2, 169.85
1630397204, 0, 0, 128, 128, 1, 2.64%, 14, 0, 2, 200.69
1630397249, 0, 0, 129, 129, 1, 2.64%, 14, 0, 2, 200.26
1630397315, 0, 0, 129, 129, 1, 2.64%, 15, 0, 2, 253.80
1630397320, 0, 0, 129, 129, 1, 2.64%, 16, 0, 2, 248.92
1630397326, 0, 0, 133, 133, 1, 2.65%, 16, 0, 2, 214.63
1630397331, 0, 0, 143, 143, 1, 2.66%, 16, 0, 2, 182.72
1630397336, 0, 0, 152, 152, 1, 2.66%, 16, 0, 2, 171.79
1630397341, 0, 0, 154, 154, 1, 2.66%, 16, 0, 2, 166.63
1630397351, 0, 0, 158, 158, 1, 2.67%, 16, 0, 2, 176.43
1630397356, 0, 0, 159, 159, 1, 2.67%, 16, 0, 2, 173.15
1630397386, 0, 0, 160, 160, 1, 2.67%, 16, 0, 2, 135.01
1630397427, 0, 0, 161, 161, 1, 2.67%, 16, 0, 2, 135.22
1630397452, 0, 0, 162, 162, 1, 2.67%, 16, 0, 2, 137.91
1630397462, 0, 0, 163, 163, 1, 2.67%, 16, 0, 2, 136.49
1630397467, 0, 0, 164, 164, 1, 2.67%, 16, 0, 2, 135.27
1630397472, 0, 0, 167, 167, 1, 2.67%, 16, 0, 2, 152.82
1630397503, 0, 0, 168, 168, 1, 2.67%, 16, 0, 2, 136.19
1630397513, 0, 0, 169, 169, 1, 2.73%, 16, 0, 2, 143.35
1630397518, 0, 0, 171, 171, 1, 2.73%, 16, 0, 2, 160.11
1630397559, 0, 0, 172, 172, 1, 2.75%, 16, 0, 2, 157.98
1630397569, 0, 0, 173, 173, 1, 2.75%, 16, 0, 2, 160.81
1630397574, 0, 0, 175, 175, 1, 2.76%, 16, 0, 2, 141.10
1630397584, 0, 0, 176, 176, 1, 2.76%, 16, 0, 2, 137.70
1630397589, 0, 0, 177, 177, 1, 2.76%, 16, 0, 2, 149.09
1630397625, 0, 0, 178, 178, 1, 2.76%, 16, 0, 2, 157.57
1630397650, 0, 0, 182, 182, 1, 2.77%, 16, 0, 2, 161.58
1630397660, 0, 0, 182, 182, 1, 2.77%, 17, 0, 2, 351.29
1630397665, 0, 0, 201, 201, 1, 3.06%, 17, 0, 2, 204.57
1630397670, 0, 0, 213, 213, 1, 3.19%, 17, 0, 2, 174.78
1630397675, 0, 0, 215, 215, 1, 3.19%, 17, 0, 2, 216.76
1630397711, 0, 0, 217, 217, 1, 3.19%, 17, 0, 2, 228.91
1630397716, 0, 0, 218, 218, 1, 3.20%, 17, 0, 2, 187.83
1630397741, 0, 0, 219, 219, 1, 3.21%, 17, 0, 2, 172.95
1630397746, 0, 0, 220, 220, 1, 3.21%, 17, 0, 2, 168.85
1630397797, 0, 0, 227, 227, 1, 3.21%, 17, 0, 2, 153.27
1630397802, 0, 0, 242, 242, 1, 3.21%, 17, 0, 2, 152.06
1630397807, 0, 0, 243, 243, 1, 3.21%, 17, 0, 2, 151.35
1630398583, 0, 0, 244, 244, 1, 3.21%, 17, 0, 2, 159.03
1630398846, 0, 0, 245, 245, 1, 3.21%, 17, 0, 2, 141.80
1630398851, 0, 0, 248, 248, 1, 3.21%, 17, 0, 2, 135.93
1630398932, 0, 0, 250, 250, 1, 3.21%, 17, 0, 2, 155.03
1630399267, 0, 0, 251, 251, 1, 3.21%, 17, 0, 2, 167.15
1630399283, 0, 0, 252, 252, 1, 3.21%, 17, 0, 2, 138.55
1630399399, 0, 0, 262, 262, 1, 3.22%, 19, 0, 2, 182.64
1630399404, 0, 0, 268, 268, 1, 3.23%, 19, 0, 2, 225.33
1630399410, 0, 0, 269, 269, 1, 3.23%, 19, 0, 2, 237.09
1630399415, 0, 0, 273, 273, 1, 3.23%, 19, 0, 2, 233.41
1630399420, 0, 0, 275, 275, 1, 3.23%, 19, 0, 2, 232.79
1630399425, 0, 0, 278, 278, 1, 3.23%, 19, 0, 2, 230.84
1630399430, 0, 0, 279, 279, 1, 3.23%, 19, 0, 2, 235.09
1630399440, 0, 0, 281, 281, 1, 3.23%, 19, 0, 2, 233.22
1630399445, 0, 0, 283, 283, 1, 3.23%, 19, 0, 2, 237.10
1630399451, 0, 0, 284, 284, 1, 3.23%, 19, 0, 2, 234.38
1630399456, 0, 0, 286, 286, 1, 3.23%, 19, 0, 2, 241.06
1630399461, 0, 0, 288, 288, 1, 3.23%, 20, 0, 2, 236.62
1630399471, 0, 0, 289, 289, 1, 3.23%, 21, 0, 2, 236.09
1630399476, 0, 0, 290, 290, 1, 3.23%, 21, 0, 2, 231.87
1630399486, 0, 0, 292, 292, 1, 3.23%, 21, 0, 2, 231.65
1630399491, 0, 0, 295, 295, 1, 3.23%, 21, 0, 2, 231.58
1630399496, 0, 0, 296, 296, 1, 3.23%, 21, 0, 2, 228.80
1630399511, 0, 0, 297, 297, 1, 3.23%, 21, 0, 2, 230.72
1630399516, 0, 0, 298, 298, 1, 3.23%, 21, 0, 2, 233.37
1630399527, 0, 0, 300, 300, 1, 3.23%, 21, 0, 2, 237.75
1630399537, 0, 0, 302, 302, 1, 3.23%, 21, 0, 2, 234.56
1630399542, 0, 1, 302, 301, 73, 3.23%, 21, 0, 2, 190.92
1630399552, 0, 1, 303, 302, 73, 3.23%, 21, 0, 3, 148.28
1630399593, 0, 1, 304, 303, 73, 3.23%, 21, 0, 3, 208.43
1630399837, 0, 1, 305, 304, 73, 3.23%, 21, 0, 3, 173.82
1630400153, 0, 1, 307, 306, 73, 3.23%, 21, 0, 3, 206.81
1630400158, 0, 1, 309, 308, 73, 3.25%, 21, 0, 3, 185.75
1630401816, 0, 1, 312, 311, 73, 3.25%, 21, 0, 3, 230.44
1630401821, 0, 1, 313, 312, 73, 3.25%, 21, 0, 3, 238.10
1630401826, 0, 1, 314, 313, 73, 3.25%, 21, 0, 3, 233.15
1630401851, 0, 1, 315, 314, 73, 3.25%, 21, 0, 3, 236.29
1630401856, 0, 1, 316, 315, 73, 3.25%, 21, 0, 3, 237.71
1630401866, 0, 1, 318, 317, 73, 3.25%, 21, 0, 3, 233.92
1630401877, 0, 1, 319, 318, 73, 3.25%, 21, 0, 3, 244.01
1630401892, 0, 1, 320, 319, 73, 3.26%, 21, 0, 3, 235.56
1630401897, 0, 1, 322, 321, 73, 3.26%, 21, 0, 3, 232.42
1630401902, 0, 1, 323, 322, 73, 3.26%, 21, 0, 3, 231.83
1630401907, 0, 1, 324, 323, 73, 3.26%, 21, 0, 3, 235.05
1630401917, 0, 1, 325, 324, 73, 3.26%, 21, 0, 3, 239.97
1630401922, 0, 1, 326, 325, 73, 3.26%, 21, 0, 3, 238.87
1630401932, 0, 1, 327, 326, 73, 3.26%, 21, 0, 3, 237.29
1630401938, 0, 1, 328, 327, 73, 3.26%, 21, 0, 3, 243.34
1630401948, 0, 2, 328, 326, 78, 3.26%, 21, 0, 3, 212.46
1630401963, 0, 2, 329, 327, 78, 3.26%, 21, 0, 3, 161.37
1630401998, 0, 2, 330, 328, 78, 3.26%, 21, 0, 3, 201.20
1630402251, 0, 2, 332, 330, 78, 3.26%, 21, 0, 3, 174.11
1630402307, 0, 2, 333, 331, 78, 3.26%, 21, 0, 3, 139.49
1630402403, 0, 2, 334, 332, 78, 3.26%, 21, 0, 3, 146.16
1630402484, 0, 2, 336, 334, 78, 3.26%, 21, 0, 3, 140.00
1630402530, 0, 2, 337, 335, 78, 3.26%, 21, 0, 3, 159.00
1630404281, 0, 3, 337, 334, 77, 3.26%, 21, 0, 3, 191.41
1630406656, 0, 4, 337, 333, 76, 3.26%, 21, 0, 3, 223.68
1630406661, 0, 4, 338, 334, 76, 3.27%, 22, 0, 3, 161.79
1630406671, 0, 4, 339, 335, 76, 3.27%, 22, 0, 3, 141.39
1630407290, 0, 4, 341, 337, 76, 3.27%, 22, 0, 3, 202.04
1630407295, 0, 4, 342, 338, 76, 3.27%, 22, 0, 3, 177.48
1630407335, 0, 4, 343, 339, 76, 3.27%, 22, 0, 3, 196.87
1630409036, 0, 6, 343, 338, 78, 3.27%, 22, 0, 3, 215.04
1630409265, 0, 6, 343, 338, 78, 3.27%, 23, 0, 3, 246.22
1630409929, 0, 8, 343, 337, 77, 3.27%, 23, 0, 3, 218.63
1630410410, 0, 8, 343, 337, 77, 3.27%, 24, 0, 3, 222.65
1630411701, 0, 8, 343, 337, 77, 3.27%, 25, 0, 3, 249.90
1630411706, 0, 9, 343, 336, 76, 3.27%, 25, 0, 3, 219.03
1630411924, 0, 9, 343, 336, 76, 3.27%, 26, 0, 3, 233.74
1630412587, 0, 14, 343, 335, 75, 3.27%, 26, 0, 3, 249.60
1630412592, 0, 14, 344, 336, 75, 3.27%, 26, 0, 3, 187.12
1630413039, 0, 14, 345, 337, 75, 3.28%, 26, 0, 3, 172.43
1630413079, 0, 14, 345, 337, 75, 3.28%, 27, 0, 3, 231.07
1630414396, 0, 15, 345, 336, 75, 3.28%, 27, 0, 3, 219.81
1630414650, 0, 15, 345, 336, 75, 3.28%, 28, 0, 3, 224.21
1630415315, 0, 22, 345, 335, 74, 3.28%, 28, 0, 3, 220.39
1630415548, 0, 22, 345, 335, 74, 3.28%, 29, 0, 3, 255.57
1630416218, 0, 23, 345, 334, 74, 3.28%, 29, 0, 3, 201.15
1630416263, 0, 23, 346, 335, 74, 3.28%, 29, 0, 3, 175.02
1630416673, 0, 23, 346, 335, 74, 3.28%, 30, 0, 3, 233.12
1630418002, 0, 26, 346, 334, 74, 3.28%, 30, 0, 3, 199.28
1630418482, 0, 26, 346, 334, 74, 3.28%, 31, 0, 3, 235.71
1630418619, 0, 26, 347, 335, 74, 3.28%, 31, 0, 3, 168.43
1630419786, 0, 35, 347, 334, 73, 3.28%, 31, 0, 3, 207.49
1630420244, 0, 35, 347, 334, 73, 3.28%, 32, 0, 3, 227.22
1630420357, 0, 35, 348, 335, 73, 3.28%, 32, 0, 3, 165.60
1630421540, 0, 39, 348, 334, 72, 3.28%, 32, 0, 3, 238.85
1630421550, 0, 39, 349, 335, 72, 3.28%, 32, 0, 3, 198.10
1630421783, 0, 39, 349, 335, 72, 3.28%, 33, 0, 3, 229.66
1630422447, 0, 39, 350, 336, 72, 3.28%, 33, 0, 3, 276.17
1630422462, 0, 40, 350, 335, 71, 3.28%, 33, 0, 3, 265.76
1630422696, 0, 40, 350, 335, 71, 3.28%, 34, 0, 3, 248.96
1630423361, 0, 60, 350, 334, 70, 3.28%, 34, 0, 3, 255.99
1630423629, 0, 60, 351, 335, 70, 3.28%, 35, 0, 3, 227.82
1630424328, 0, 60, 352, 336, 70, 3.28%, 35, 0, 3, 245.87
1630424339, 0, 60, 353, 337, 70, 3.28%, 35, 0, 3, 284.68
1630424349, 0, 60, 354, 338, 70, 3.28%, 36, 0, 3, 280.05
1630424416, 0, 67, 354, 337, 69, 3.28%, 36, 0, 3, 201.98
1630424854, 0, 67, 355, 338, 69, 3.28%, 36, 0, 3, 159.83
1630426791, 0, 70, 355, 337, 68, 3.28%, 36, 0, 3, 185.11
1630426817, 0, 70, 356, 338, 68, 3.28%, 36, 0, 3, 143.84
1630426898, 0, 70, 357, 339, 68, 3.28%, 36, 0, 3, 145.08
1630426933, 0, 70, 358, 340, 68, 3.28%, 36, 0, 3, 141.62
1630427339, 0, 70, 359, 341, 68, 3.28%, 36, 0, 3, 135.77
1630427425, 0, 70, 360, 342, 68, 3.29%, 36, 0, 3, 230.59
1630428622, 0, 70, 361, 343, 68, 3.29%, 36, 0, 3, 133.55
1630428647, 0, 70, 363, 345, 68, 3.29%, 36, 0, 3, 133.92
1630428657, 0, 70, 364, 346, 68, 3.29%, 36, 0, 3, 132.09
1630429195, 0, 76, 364, 345, 68, 3.29%, 36, 0, 3, 188.12
1630429874, 0, 76, 365, 346, 68, 3.29%, 36, 0, 3, 209.57
1630431584, 0, 76, 366, 347, 68, 3.29%, 36, 0, 3, 225.44
1630431605, 0, 77, 366, 346, 67, 3.29%, 36, 0, 3, 218.80
1630433994, 0, 77, 367, 347, 67, 3.29%, 36, 0, 3, 208.31
1630434019, 0, 82, 367, 346, 66, 3.29%, 36, 0, 3, 182.96
1630434034, 0, 82, 368, 347, 66, 3.29%, 36, 0, 3, 155.45
1630434324, 0, 82, 369, 348, 66, 3.29%, 36, 0, 3, 171.77
1630434648, 0, 82, 370, 349, 66, 3.29%, 36, 0, 3, 233.49
1630436399, 0, 83, 370, 348, 66, 3.29%, 36, 0, 3, 174.36
1630438736, 0, 83, 372, 350, 66, 3.29%, 36, 0, 3, 211.84
1630438751, 0, 86, 372, 349, 65, 3.29%, 36, 0, 3, 203.79
1630438969, 0, 86, 373, 350, 65, 3.29%, 36, 0, 3, 178.44
1630439213, 0, 86, 373, 350, 65, 3.29%, 37, 0, 3, 209.82
1630439299, 0, 86, 374, 351, 65, 3.29%, 37, 0, 3, 165.80
1630440531, 0, 89, 374, 350, 64, 3.29%, 37, 0, 3, 182.42
1630441246, 0, 89, 380, 356, 64, 3.29%, 37, 0, 3, 153.47
1630441267, 0, 89, 381, 357, 64, 3.29%, 37, 0, 3, 150.95
1630441297, 0, 89, 382, 358, 64, 3.29%, 37, 0, 3, 151.18
1630441312, 0, 89, 383, 359, 64, 3.29%, 37, 0, 3, 160.97
1630442925, 0, 92, 383, 358, 63, 3.29%, 37, 0, 3, 195.52
1630445318, 0, 92, 384, 359, 63, 3.29%, 37, 0, 3, 224.20
1630445323, 0, 93, 384, 358, 62, 3.29%, 37, 0, 3, 193.97
1630445754, 0, 93, 385, 359, 62, 3.29%, 37, 0, 3, 134.51
1630447708, 0, 96, 385, 358, 61, 3.29%, 37, 0, 3, 203.32
1630447774, 0, 96, 386, 359, 61, 3.29%, 37, 0, 3, 148.48
1630449538, 0, 96, 388, 361, 61, 3.30%, 37, 0, 3, 140.78
1630449543, 0, 96, 389, 362, 61, 3.30%, 37, 0, 3, 137.79
1630450110, 0, 100, 389, 361, 61, 3.30%, 37, 0, 3, 197.76
1630450156, 0, 100, 390, 362, 61, 3.30%, 37, 0, 3, 179.80
1630450572, 0, 100, 390, 362, 61, 3.30%, 38, 0, 3, 206.98
1630451865, 0, 107, 390, 361, 61, 3.30%, 38, 0, 3, 219.97
1630452479, 0, 107, 391, 362, 61, 3.30%, 38, 0, 3, 246.18
1630452484, 0, 107, 395, 366, 61, 3.31%, 38, 0, 3, 186.95
1630452489, 0, 107, 397, 368, 61, 3.31%, 38, 0, 3, 204.15
1630454161, 0, 112, 397, 367, 61, 3.31%, 38, 0, 3, 181.79
1630454617, 0, 112, 397, 367, 61, 3.31%, 39, 0, 3, 207.31
1630455921, 0, 114, 397, 366, 60, 3.31%, 39, 0, 3, 224.92
1630456419, 0, 114, 397, 366, 60, 3.31%, 40, 0, 3, 205.06
1630457731, 0, 125, 397, 365, 59, 3.31%, 40, 0, 3, 220.09
1630457959, 0, 125, 397, 365, 59, 3.31%, 41, 0, 3, 247.60
1630458624, 0, 127, 397, 364, 58, 3.31%, 41, 0, 3, 229.40
1630458867, 0, 127, 399, 366, 58, 3.32%, 42, 0, 3, 222.27
1630459522, 0, 130, 399, 365, 59, 3.32%, 42, 0, 3, 207.01
1630459644, 0, 130, 400, 366, 59, 3.32%, 42, 0, 3, 181.60
1630459755, 0, 130, 401, 367, 59, 3.32%, 42, 0, 3, 202.25
1630460004, 0, 130, 401, 367, 59, 3.32%, 43, 0, 3, 214.90
1630461291, 0, 143, 401, 366, 59, 3.32%, 43, 0, 3, 166.64
1630462001, 0, 143, 402, 367, 59, 3.32%, 43, 0, 3, 158.01
1630462007, 0, 143, 403, 368, 59, 3.32%, 43, 0, 3, 154.69
1630463681, 0, 145, 403, 367, 58, 3.32%, 43, 0, 3, 205.49
1630464133, 0, 145, 403, 367, 58, 3.32%, 44, 0, 3, 228.78
1630464219, 0, 145, 404, 368, 58, 3.32%, 44, 0, 3, 166.13
1630465431, 0, 149, 404, 367, 58, 3.32%, 44, 0, 3, 213.39
1630465948, 0, 149, 405, 368, 58, 3.32%, 44, 0, 3, 148.75
1630466045, 0, 149, 406, 369, 58, 3.32%, 44, 0, 3, 201.80
1630466050, 0, 149, 407, 370, 58, 3.32%, 44, 0, 3, 184.27
1630467730, 0, 154, 407, 369, 57, 3.32%, 44, 0, 3, 213.19
1630467872, 0, 154, 408, 370, 57, 3.33%, 44, 0, 3, 185.31
1630467974, 0, 154, 408, 370, 57, 3.33%, 45, 0, 3, 221.41
1630468657, 0, 166, 408, 369, 57, 3.33%, 45, 0, 3, 229.94
1630469139, 0, 166, 409, 370, 57, 3.33%, 45, 0, 3, 150.16
1630469291, 0, 166, 410, 371, 57, 3.33%, 45, 0, 3, 197.23
1630470082, 0, 166, 411, 372, 57, 3.34%, 45, 0, 3, 154.54
1630471049, 0, 170, 411, 371, 57, 3.34%, 45, 0, 3, 178.40
1630471541, 0, 170, 412, 372, 57, 3.35%, 45, 0, 3, 166.37
1630471576, 0, 170, 413, 373, 57, 3.35%, 45, 0, 3, 157.17
1630471684, 0, 170, 414, 374, 57, 3.35%, 45, 0, 3, 209.77
1630472871, 0, 170, 415, 375, 57, 3.35%, 45, 0, 3, 133.28
1630473440, 0, 170, 416, 376, 57, 3.35%, 45, 0, 3, 213.34
1630473445, 0, 171, 416, 375, 57, 3.35%, 45, 0, 3, 209.01
1630473993, 0, 171, 420, 379, 57, 3.39%, 45, 0, 3, 149.99
1630473998, 0, 171, 427, 386, 57, 3.39%, 45, 0, 3, 129.00
1630474003, 0, 171, 429, 388, 57, 3.40%, 45, 0, 3, 129.14
1630474089, 0, 171, 430, 389, 57, 3.40%, 45, 0, 3, 244.61
1630475875, 0, 171, 431, 390, 57, 3.40%, 45, 0, 3, 218.48
1630475880, 0, 176, 431, 389, 64, 3.40%, 45, 0, 3, 178.48
1630476363, 0, 176, 432, 390, 64, 3.40%, 45, 0, 3, 155.01
1630476515, 0, 176, 433, 391, 64, 3.40%, 45, 0, 3, 204.57
1630478277, 0, 181, 433, 390, 63, 3.40%, 45, 0, 3, 161.15
1630480681, 0, 184, 433, 389, 62, 3.40%, 45, 0, 3, 204.21
1630481310, 0, 184, 434, 390, 62, 3.40%, 45, 0, 3, 179.14
1630481315, 0, 184, 436, 392, 62, 3.40%, 45, 0, 3, 173.73
1630481320, 0, 184, 437, 393, 62, 3.40%, 45, 0, 3, 172.95
1630481325, 0, 184, 439, 395, 62, 3.40%, 45, 0, 3, 226.76
1630483012, 0, 192, 439, 394, 61, 3.40%, 46, 0, 3, 187.78
1630483058, 0, 192, 440, 395, 61, 3.40%, 46, 0, 3, 209.52
1630483561, 0, 192, 441, 396, 61, 3.40%, 46, 0, 3, 194.78
1630483576, 0, 192, 442, 397, 61, 3.40%, 46, 0, 3, 185.18
1630483581, 0, 192, 443, 398, 61, 3.40%, 46, 0, 3, 181.83
1630483586, 0, 192, 444, 399, 61, 3.40%, 46, 0, 3, 173.88
1630483596, 0, 192, 445, 400, 61, 3.40%, 47, 0, 3, 174.95
1630485024, 0, 192, 446, 401, 61, 3.40%, 47, 0, 3, 198.12
1630485034, 0, 194, 446, 400, 61, 3.40%, 48, 0, 3, 204.24
1630485632, 0, 194, 446, 400, 61, 3.40%, 49, 0, 3, 182.21
