# unix_time, cycles_done, cur_path, paths_total, pending_total, pending_favs, map_size, unique_crashes, unique_hangs, max_depth, execs_per_sec
1630486557, 0, 0, 1, 1, 1, 0.00%, 0, 0, 1, 0.12
1630486577, 0, 0, 2, 2, 1, 0.01%, 0, 0, 2, 4.63
1630486583, 0, 0, 3, 3, 1, 0.01%, 1, 0, 2, 3.95
1630486598, 0, 0, 4, 4, 1, 0.01%, 1, 0, 2, 4.30
1630486603, 0, 0, 5, 5, 1, 0.01%, 1, 0, 2, 4.59
1630486613, 0, 0, 6, 6, 1, 0.01%, 1, 0, 2, 6.82
1630486623, 0, 0, 7, 7, 1, 0.01%, 1, 0, 2, 7.63
1630486628, 0, 0, 8, 8, 1, 0.01%, 1, 0, 2, 7.95
1630486669, 0, 0, 10, 10, 1, 0.01%, 1, 0, 2, 10.10
1630486690, 0, 0, 11, 11, 1, 0.01%, 1, 0, 2, 10.22
1630486710, 0, 0, 12, 12, 1, 0.01%, 1, 0, 2, 10.19
1630486736, 0, 0, 13, 13, 1, 0.01%, 1, 0, 2, 10.58
1630486746, 0, 0, 14, 14, 1, 0.01%, 1, 0, 2, 10.67
1630486751, 0, 0, 15, 15, 1, 0.01%, 1, 0, 2, 10.39
1630486792, 0, 0, 16, 16, 1, 0.01%, 1, 0, 2, 10.47
1630486863, 0, 0, 17, 17, 1, 0.01%, 1, 0, 2, 10.48
1630486900, 0, 0, 18, 18, 1, 0.01%, 1, 0, 2, 10.71
1630486925, 0, 0, 19, 19, 1, 0.01%, 1, 0, 2, 10.00
1630486966, 0, 0, 20, 20, 1, 0.01%, 1, 0, 2, 10.18
1630486987, 0, 0, 21, 21, 1, 0.01%, 1, 0, 2, 10.40
1630487105, 0, 0, 22, 22, 1, 0.01%, 1, 0, 2, 10.07
1630487125, 0, 0, 23, 23, 1, 0.01%, 1, 0, 2, 10.47
1630487151, 0, 0, 24, 24, 1, 0.01%, 1, 0, 2, 10.15
1630487315, 0, 0, 25, 25, 1, 0.01%, 1, 0, 2, 11.47
1630487325, 0, 0, 28, 28, 1, 0.01%, 1, 0, 2, 10.80
1630487900, 0, 0, 29, 29, 1, 0.01%, 1, 0, 2, 22.38
1630487926, 0, 0, 30, 30, 1, 0.01%, 1, 0, 2, 8.46
1630487951, 0, 0, 31, 31, 1, 0.01%, 1, 0, 2, 8.19
1630487977, 0, 0, 33, 33, 1, 0.01%, 1, 0, 2, 10.73
1630487992, 0, 0, 34, 34, 1, 0.01%, 1, 0, 2, 10.92
1630488100, 0, 0, 35, 35, 1, 0.01%, 1, 0, 2, 10.76
1630488187, 0, 0, 37, 37, 1, 0.01%, 1, 0, 2, 9.96
1630488444, 0, 0, 38, 38, 1, 0.01%, 1, 0, 2, 9.81
1630488449, 0, 0, 39, 39, 1, 0.01%, 1, 0, 2, 10.06
1630488886, 0, 0, 40, 40, 1, 0.01%, 1, 0, 2, 9.84
1630489434, 0, 0, 41, 41, 1, 0.01%, 1, 0, 2, 8.27
1630489720, 0, 0, 42, 42, 1, 0.01%, 1, 0, 2, 9.31
1630489730, 0, 0, 43, 43, 1, 0.01%, 1, 0, 2, 9.31
1630489889, 0, 0, 44, 44, 1, 0.01%, 1, 0, 2, 9.35
1630490248, 0, 0, 45, 45, 1, 0.01%, 1, 0, 2, 11.60
1630490412, 0, 0, 46, 46, 1, 0.01%, 1, 0, 2, 11.46
1630490428, 0, 0, 47, 47, 1, 0.01%, 1, 0, 2, 11.21
1630490433, 0, 0, 48, 48, 1, 0.01%, 1, 0, 2, 11.08
1630492476, 0, 0, 49, 49, 1, 0.01%, 1, 0, 2, 11.76
1630492523, 0, 0, 50, 50, 1, 0.01%, 1, 0, 2, 12.19
1630492554, 0, 0, 51, 51, 1, 0.01%, 1, 0, 2, 12.18
1630494210, 0, 0, 52, 52, 1, 0.01%, 1, 0, 2, 10.93
1630498869, 0, 0, 53, 53, 1, 0.01%, 1, 0, 2, 10.91
1630498889, 0, 0, 54, 54, 1, 0.01%, 1, 0, 2, 11.07
1630514026, 0, 0, 55, 55, 1, 0.01%, 1, 0, 2, 13.58
1630514047, 0, 0, 57, 57, 1, 0.01%, 1, 0, 2, 12.87
1630514133, 0, 0, 58, 58, 1, 0.01%, 1, 0, 2, 15.35
1630514138, 0, 0, 59, 59, 1, 0.01%, 1, 0, 2, 15.92
1630514164, 0, 0, 60, 60, 1, 0.01%, 1, 0, 2, 14.24
1630514610, 0, 0, 61, 61, 1, 0.01%, 1, 0, 2, 16.03
1630514738, 0, 0, 62, 62, 1, 0.01%, 1, 0, 2, 14.80
1630514922, 0, 0, 63, 63, 1, 0.01%, 1, 0, 2, 14.90
1630515070, 0, 6, 63, 62, 23, 0.01%, 1, 0, 2, 15.98
1630516801, 0, 6, 64, 63, 23, 0.01%, 1, 0, 3, 11.06
1630518176, 0, 6, 65, 64, 23, 0.01%, 1, 0, 3, 8.54
1630542598, 0, 12, 65, 63, 22, 0.01%, 1, 0, 3, 15.27
1630543569, 0, 12, 66, 64, 22, 0.01%, 1, 0, 3, 7.27
1630545283, 0, 13, 66, 63, 22, 0.01%, 1, 0, 3, 24.89
1630569284, 0, 16, 66, 62, 21, 0.01%, 1, 0, 3, 18.02
1630570299, 0, 16, 67, 63, 21, 0.01%, 1, 0, 3, 8.37
1630572726, 0, 17, 67, 62, 21, 0.01%, 1, 0, 3, 19.56
