# unix_time, cycles_done, cur_path, paths_total, pending_total, pending_favs, map_size, unique_crashes, unique_hangs, max_depth, execs_per_sec
1630309210, 0, 0, 1, 1, 1, 0.12%, 0, 0, 1, 5.49
1630309215, 0, 0, 12, 12, 1, 0.26%, 1, 0, 2, 224.26
1630309220, 0, 0, 16, 16, 1, 0.27%, 1, 0, 2, 149.93
1630309230, 0, 0, 17, 17, 1, 0.27%, 1, 0, 2, 84.94
1630309235, 0, 0, 18, 18, 1, 0.28%, 1, 0, 2, 72.44
1630309240, 0, 0, 19, 19, 1, 0.28%, 1, 0, 2, 63.68
1630309245, 0, 0, 20, 20, 1, 0.28%, 1, 0, 2, 61.04
1630309251, 0, 0, 21, 21, 1, 0.28%, 1, 0, 2, 59.38
1630309271, 0, 0, 22, 22, 1, 0.28%, 1, 0, 2, 58.64
1630309276, 0, 0, 24, 24, 1, 0.28%, 1, 0, 2, 59.32
1630309307, 0, 0, 28, 28, 1, 0.28%, 1, 0, 2, 63.49
1630309398, 0, 0, 29, 29, 1, 0.29%, 1, 0, 2, 112.52
1630309404, 0, 0, 34, 34, 1, 0.31%, 1, 0, 2, 87.08
1630309409, 0, 0, 38, 38, 1, 0.31%, 1, 0, 2, 76.69
1630309414, 0, 0, 39, 39, 1, 0.31%, 1, 0, 2, 79.81
1630309439, 0, 0, 41, 41, 1, 0.31%, 1, 0, 2, 62.93
1630309703, 0, 0, 42, 42, 1, 0.31%, 1, 0, 2, 70.06
1630309723, 0, 0, 43, 43, 1, 0.31%, 1, 0, 2, 67.16
1630309814, 0, 0, 44, 44, 1, 0.31%, 1, 0, 2, 58.93
1630310185, 0, 0, 45, 45, 1, 0.35%, 1, 0, 2, 79.53
1630310196, 0, 0, 47, 47, 1, 0.36%, 1, 0, 2, 80.73
1630310201, 0, 0, 48, 48, 1, 0.37%, 1, 0, 2, 80.98
1630310454, 0, 0, 49, 49, 1, 0.37%, 1, 0, 2, 60.84
1630311228, 0, 0, 50, 50, 1, 0.37%, 1, 0, 2, 58.99
1630311238, 0, 0, 51, 51, 1, 0.37%, 1, 0, 2, 59.79
1630311248, 0, 0, 52, 52, 1, 0.37%, 1, 0, 2, 59.20
1630311253, 0, 0, 54, 54, 1, 0.37%, 1, 0, 2, 57.96
1630314007, 0, 0, 56, 56, 1, 0.37%, 1, 0, 2, 78.77
1630314012, 0, 0, 57, 57, 1, 0.37%, 1, 0, 2, 87.37
1630314037, 0, 0, 58, 58, 1, 0.37%, 1, 0, 2, 91.25
1630314052, 0, 0, 60, 60, 1, 0.37%, 1, 0, 2, 91.06
1630314058, 0, 0, 61, 61, 1, 0.37%, 1, 0, 2, 92.47
1630314088, 0, 0, 62, 62, 1, 0.37%, 1, 0, 2, 93.52
1630314134, 0, 0, 63, 63, 1, 0.37%, 1, 0, 2, 91.63
1630314184, 0, 0, 64, 64, 1, 0.37%, 1, 0, 2, 88.50
1630314215, 0, 0, 65, 65, 1, 0.37%, 1, 0, 2, 88.54
1630314230, 0, 0, 66, 66, 1, 0.37%, 1, 0, 2, 95.40
1630314321, 0, 0, 67, 67, 1, 0.37%, 1, 0, 2, 95.42
1630314367, 0, 1, 67, 66, 23, 0.37%, 1, 0, 2, 95.05
1630314789, 0, 2, 67, 65, 21, 0.37%, 1, 0, 2, 113.96
1630319098, 0, 5, 67, 64, 20, 0.37%, 1, 0, 2, 96.82
1630323397, 0, 5, 68, 65, 20, 0.37%, 1, 0, 3, 94.72
1630323443, 0, 6, 68, 64, 19, 0.37%, 1, 0, 3, 90.92
1630323722, 0, 6, 69, 65, 19, 0.38%, 1, 0, 3, 59.62
1630323966, 0, 6, 70, 66, 19, 0.43%, 1, 0, 3, 69.18
1630328282, 0, 7, 70, 65, 20, 0.43%, 1, 0, 3, 88.80
1630333146, 0, 10, 70, 64, 19, 0.43%, 1, 0, 3, 66.26
1630337985, 0, 12, 70, 63, 18, 0.43%, 1, 0, 3, 90.80
1630338137, 0, 12, 71, 64, 18, 0.44%, 1, 0, 3, 67.32
1630338402, 0, 13, 71, 63, 18, 0.44%, 1, 0, 3, 81.13
1630342538, 0, 13, 72, 64, 18, 0.44%, 1, 0, 3, 59.59
1630342721, 0, 13, 73, 65, 18, 0.44%, 1, 0, 3, 90.66
1630342741, 0, 16, 73, 64, 17, 0.44%, 1, 0, 3, 101.08
1630342894, 0, 16, 74, 65, 17, 0.44%, 1, 0, 3, 69.00
1630343290, 0, 17, 74, 64, 17, 0.44%, 1, 0, 3, 84.53
1630347587, 0, 17, 75, 65, 17, 0.44%, 1, 0, 3, 79.24
1630347607, 0, 25, 75, 64, 16, 0.44%, 1, 0, 3, 87.60
1630351937, 0, 25, 76, 65, 16, 0.44%, 1, 0, 3, 82.41
1630351958, 0, 30, 76, 64, 15, 0.44%, 1, 0, 3, 84.30
1630355561, 0, 33, 76, 63, 14, 0.44%, 1, 0, 3, 84.33
1630356603, 0, 42, 76, 62, 13, 0.44%, 1, 0, 3, 99.32
1630361196, 0, 44, 76, 61, 12, 0.44%, 1, 0, 3, 96.56
1630362449, 0, 44, 77, 62, 12, 0.46%, 1, 0, 3, 80.82
1630362484, 0, 44, 83, 68, 12, 0.47%, 1, 0, 3, 78.76
1630362494, 0, 44, 84, 69, 12, 0.47%, 1, 0, 3, 74.88
1630362575, 0, 44, 85, 70, 12, 0.47%, 1, 0, 3, 80.14
1630362591, 0, 44, 86, 71, 12, 0.47%, 1, 0, 3, 77.01
1630364541, 0, 44, 87, 72, 12, 0.47%, 1, 0, 3, 99.76
1630364556, 0, 45, 87, 71, 13, 0.47%, 1, 0, 3, 88.06
1630364775, 0, 45, 88, 72, 13, 0.47%, 1, 0, 3, 82.87
1630368171, 0, 46, 88, 71, 12, 0.47%, 1, 0, 3, 90.71
1630369740, 0, 46, 89, 72, 12, 0.47%, 1, 0, 3, 82.34
1630371614, 0, 47, 89, 71, 11, 0.47%, 1, 0, 3, 85.70
1630375307, 0, 57, 89, 70, 10, 0.47%, 1, 0, 3, 71.77
1630378636, 0, 57, 90, 71, 10, 0.47%, 1, 0, 3, 89.22
1630378652, 0, 68, 90, 70, 9, 0.47%, 1, 0, 3, 95.06
1630379160, 0, 68, 91, 71, 9, 0.49%, 1, 0, 4, 69.94
1630383399, 0, 69, 92, 71, 9, 0.51%, 1, 0, 4, 72.27
1630383419, 0, 69, 93, 72, 9, 0.52%, 1, 0, 4, 63.98
1630383638, 0, 69, 100, 79, 9, 0.55%, 1, 0, 4, 74.56
1630383644, 0, 69, 101, 80, 9, 0.55%, 1, 0, 4, 73.97
1630383928, 0, 69, 102, 81, 9, 0.56%, 1, 0, 4, 69.14
1630384340, 0, 69, 104, 83, 9, 0.56%, 1, 0, 4, 60.49
1630384391, 0, 69, 107, 86, 9, 0.56%, 1, 0, 4, 58.71
1630384396, 0, 69, 108, 87, 9, 0.57%, 1, 0, 4, 59.27
1630384406, 0, 69, 109, 88, 9, 0.57%, 1, 0, 4, 57.70
1630384447, 0, 69, 110, 89, 9, 0.57%, 1, 0, 4, 60.92
1630388420, 0, 70, 110, 88, 17, 0.57%, 1, 0, 4, 93.42
1630389151, 0, 73, 110, 87, 16, 0.57%, 1, 0, 4, 95.04
1630390051, 0, 76, 110, 86, 15, 0.57%, 1, 0, 4, 107.92
1630390056, 0, 76, 111, 87, 15, 0.57%, 1, 0, 4, 84.37
1630390101, 0, 76, 112, 88, 15, 0.57%, 1, 0, 4, 78.45
1630390142, 0, 76, 113, 89, 15, 0.57%, 1, 0, 4, 79.19
1630390193, 0, 76, 114, 90, 15, 0.57%, 1, 0, 4, 79.53
1630390290, 0, 76, 116, 92, 15, 0.57%, 1, 0, 4, 80.60
1630391386, 0, 76, 117, 93, 15, 0.57%, 1, 0, 4, 79.73
1630391656, 0, 76, 118, 94, 15, 0.57%, 1, 0, 4, 77.88
1630391788, 0, 76, 119, 95, 15, 0.57%, 1, 0, 4, 79.25
1630393838, 0, 85, 119, 94, 18, 0.57%, 1, 0, 4, 87.72
