# unix_time, cycles_done, cur_path, paths_total, pending_total, pending_favs, map_size, unique_crashes, unique_hangs, max_depth, execs_per_sec
1630486548, 0, 0, 1, 1, 1, 0.00%, 0, 0, 1, 0.13
1630486558, 0, 0, 2, 2, 1, 0.01%, 0, 0, 2, 8.59
1630486563, 0, 0, 3, 3, 1, 0.01%, 1, 0, 2, 5.58
1630486579, 0, 0, 5, 5, 1, 0.01%, 1, 0, 2, 5.56
1630486589, 0, 0, 6, 6, 1, 0.01%, 1, 0, 2, 5.91
1630486605, 0, 0, 7, 7, 1, 0.01%, 1, 0, 2, 5.33
1630486610, 0, 0, 8, 8, 1, 0.01%, 1, 0, 2, 5.47
1630486661, 0, 0, 10, 10, 1, 0.01%, 1, 0, 2, 9.29
1630486681, 0, 0, 11, 11, 1, 0.01%, 1, 0, 2, 10.31
1630486702, 0, 0, 12, 12, 1, 0.01%, 1, 0, 2, 10.38
1630486728, 0, 0, 13, 13, 1, 0.01%, 1, 0, 2, 10.05
1630486738, 0, 0, 14, 14, 1, 0.01%, 1, 0, 2, 11.18
1630486743, 0, 0, 15, 15, 1, 0.01%, 1, 0, 2, 10.15
1630486784, 0, 0, 16, 16, 1, 0.01%, 1, 0, 2, 10.12
1630486860, 0, 0, 17, 17, 1, 0.01%, 1, 0, 2, 10.49
1630486896, 0, 0, 18, 18, 1, 0.01%, 1, 0, 2, 10.40
1630486922, 0, 0, 19, 19, 1, 0.01%, 1, 0, 2, 10.12
1630486963, 0, 0, 20, 20, 1, 0.01%, 1, 0, 2, 9.91
1630486984, 0, 0, 21, 21, 1, 0.01%, 1, 0, 2, 10.14
1630487102, 0, 0, 22, 22, 1, 0.01%, 1, 0, 2, 10.47
1630487127, 0, 0, 23, 23, 1, 0.01%, 1, 0, 2, 10.04
1630487148, 0, 0, 24, 24, 1, 0.01%, 1, 0, 2, 10.27
1630487317, 0, 0, 25, 25, 1, 0.01%, 1, 0, 2, 10.69
1630487327, 0, 0, 28, 28, 1, 0.01%, 1, 0, 2, 10.72
1630487925, 0, 0, 29, 29, 1, 0.01%, 1, 0, 2, 8.78
1630487936, 0, 0, 30, 30, 1, 0.01%, 1, 0, 2, 7.75
1630487946, 0, 0, 32, 32, 1, 0.01%, 1, 0, 2, 7.43
1630487951, 0, 0, 33, 33, 1, 0.01%, 1, 0, 2, 7.15
1630487977, 0, 0, 34, 34, 1, 0.01%, 1, 0, 2, 7.33
1630487982, 0, 0, 35, 35, 1, 0.01%, 1, 0, 2, 9.54
1630488003, 0, 0, 36, 36, 1, 0.01%, 1, 0, 2, 9.61
1630488023, 0, 0, 37, 37, 1, 0.01%, 1, 0, 2, 10.89
1630488115, 0, 0, 38, 38, 1, 0.01%, 1, 0, 2, 10.15
1630488213, 0, 0, 40, 40, 1, 0.01%, 1, 0, 2, 10.76
1630489831, 0, 0, 41, 41, 1, 0.01%, 1, 0, 2, 8.72
1630490015, 0, 0, 42, 42, 1, 0.01%, 1, 0, 2, 8.68
1630490401, 0, 0, 43, 43, 1, 0.01%, 1, 0, 2, 11.23
1630490576, 0, 0, 44, 44, 1, 0.01%, 1, 0, 2, 11.62
1630490586, 0, 0, 45, 45, 1, 0.01%, 1, 0, 2, 11.45
1630492689, 0, 0, 46, 46, 1, 0.01%, 1, 0, 2, 12.08
1630492705, 0, 0, 47, 47, 1, 0.01%, 1, 0, 2, 12.07
1630492725, 0, 0, 48, 48, 1, 0.01%, 1, 0, 2, 12.20
1630494367, 0, 0, 49, 49, 1, 0.01%, 1, 0, 2, 10.80
1630498920, 0, 0, 50, 50, 1, 0.01%, 1, 0, 2, 11.08
1630498987, 0, 0, 51, 51, 1, 0.01%, 1, 0, 2, 10.57
1630499043, 0, 0, 52, 52, 1, 0.01%, 1, 0, 2, 10.87
1630499059, 0, 0, 53, 53, 1, 0.01%, 1, 0, 2, 10.78
1630499079, 0, 0, 54, 54, 1, 0.01%, 1, 0, 2, 11.05
1630514270, 0, 0, 55, 55, 1, 0.01%, 1, 0, 2, 10.71
1630514300, 0, 0, 56, 56, 1, 0.01%, 1, 0, 2, 13.29
1630514419, 0, 6, 56, 55, 20, 0.01%, 1, 0, 2, 12.00
1630516197, 0, 6, 57, 56, 20, 0.01%, 1, 0, 3, 10.42
1630517734, 0, 6, 58, 57, 20, 0.01%, 1, 0, 3, 8.03
1630542271, 0, 10, 58, 56, 21, 0.01%, 1, 0, 3, 12.88
1630569656, 0, 12, 58, 55, 20, 0.01%, 1, 0, 3, 13.78
1630570757, 0, 12, 59, 56, 20, 0.01%, 1, 0, 3, 7.09
1630572694, 0, 13, 59, 55, 20, 0.01%, 1, 0, 3, 16.27
