# unix_time, cycles_done, cur_path, paths_total, pending_total, pending_favs, map_size, unique_crashes, unique_hangs, max_depth, execs_per_sec
1629611193, 0, 0, 1, 1, 1, 1.25%, 0, 0, 1, 3.46
1629611198, 0, 0, 9, 9, 1, 1.56%, 0, 0, 2, 26.49
1629611203, 0, 0, 21, 21, 1, 1.62%, 0, 0, 2, 56.06
1629611208, 0, 0, 28, 28, 1, 1.64%, 0, 0, 2, 35.39
1629611213, 0, 0, 31, 31, 1, 1.65%, 0, 0, 2, 26.52
1629611228, 0, 0, 36, 36, 1, 1.66%, 0, 0, 2, 27.35
1629611233, 0, 0, 38, 38, 1, 1.66%, 0, 0, 2, 24.23
1629611238, 0, 0, 39, 39, 1, 1.66%, 0, 0, 2, 24.19
1629611248, 0, 0, 43, 43, 1, 1.68%, 0, 0, 2, 25.83
1629611254, 0, 0, 44, 44, 1, 1.68%, 0, 0, 2, 35.90
1629611274, 0, 0, 46, 46, 1, 1.68%, 0, 0, 2, 27.29
1629611289, 0, 0, 47, 47, 1, 1.69%, 0, 0, 2, 23.53
1629611294, 0, 0, 49, 49, 1, 1.69%, 0, 0, 2, 41.22
1629611299, 0, 0, 52, 52, 1, 1.70%, 0, 0, 2, 31.09
1629611315, 0, 0, 53, 53, 1, 1.70%, 0, 0, 2, 31.74
1629611320, 0, 0, 54, 54, 1, 1.70%, 0, 0, 2, 24.95
1629611335, 0, 0, 55, 55, 1, 1.70%, 0, 0, 2, 29.53
1629611340, 0, 0, 56, 56, 1, 1.70%, 0, 0, 2, 28.82
1629611350, 0, 0, 59, 59, 1, 1.70%, 0, 0, 2, 19.38
1629611360, 0, 0, 64, 64, 1, 1.71%, 0, 0, 2, 28.20
1629611391, 0, 0, 67, 67, 1, 1.71%, 0, 0, 2, 49.40
1629611396, 0, 0, 70, 70, 1, 1.73%, 0, 0, 2, 83.08
1629611401, 0, 0, 77, 77, 1, 1.73%, 0, 0, 2, 55.27
1629611422, 0, 0, 79, 79, 1, 1.74%, 0, 0, 2, 23.47
1629611442, 0, 0, 80, 80, 1, 1.74%, 0, 0, 2, 22.97
1629611529, 0, 0, 81, 81, 1, 1.74%, 0, 0, 2, 25.90
1629611534, 0, 0, 82, 82, 1, 1.75%, 0, 0, 2, 54.80
1629611544, 0, 0, 83, 83, 1, 1.75%, 0, 0, 2, 25.30
1629611550, 0, 0, 84, 84, 1, 1.75%, 0, 0, 2, 23.65
1629611565, 0, 0, 85, 85, 1, 1.75%, 0, 0, 2, 24.12
1629611575, 0, 0, 86, 86, 1, 1.75%, 0, 0, 2, 23.43
1629611616, 0, 0, 87, 87, 1, 1.75%, 0, 0, 2, 23.66
1629611662, 0, 0, 88, 88, 1, 1.75%, 0, 0, 2, 68.35
1629611677, 0, 0, 95, 95, 1, 1.75%, 0, 0, 2, 54.07
1629611682, 0, 0, 99, 99, 1, 1.75%, 0, 0, 2, 41.54
1629611774, 0, 0, 100, 100, 1, 1.75%, 0, 0, 2, 76.23
1629611866, 0, 0, 104, 104, 1, 1.77%, 0, 0, 2, 126.88
1629611871, 0, 0, 114, 114, 1, 1.78%, 0, 0, 2, 76.82
1629611876, 0, 0, 118, 118, 1, 1.79%, 0, 0, 2, 49.76
1629611881, 0, 0, 120, 120, 1, 1.79%, 0, 0, 2, 48.88
1629611886, 0, 0, 121, 121, 1, 1.79%, 0, 0, 2, 64.57
1629611891, 0, 0, 122, 122, 1, 1.79%, 0, 0, 2, 53.73
1629611897, 0, 0, 123, 123, 1, 1.80%, 0, 0, 2, 67.14
1629611907, 0, 0, 124, 124, 1, 1.80%, 0, 0, 2, 83.29
1629611937, 0, 0, 126, 126, 1, 1.81%, 0, 0, 2, 90.68
1629611942, 0, 0, 127, 127, 1, 1.81%, 0, 0, 2, 89.16
1629611963, 0, 0, 128, 128, 1, 1.81%, 0, 0, 2, 25.60
1629611973, 0, 0, 129, 129, 1, 1.81%, 0, 0, 2, 24.87
1629612284, 0, 0, 132, 132, 1, 1.85%, 0, 0, 2, 89.44
1629612299, 0, 0, 133, 133, 1, 1.85%, 0, 0, 2, 31.97
1629612417, 0, 0, 134, 134, 1, 1.85%, 0, 0, 2, 24.77
1629612437, 0, 0, 135, 135, 1, 1.85%, 0, 0, 2, 24.03
1629612544, 0, 0, 136, 136, 1, 1.87%, 0, 0, 2, 25.27
1629612570, 0, 0, 137, 137, 1, 1.88%, 0, 0, 2, 26.60
1629612585, 0, 0, 138, 138, 1, 1.88%, 0, 0, 2, 138.57
1629612606, 0, 0, 140, 140, 1, 2.05%, 0, 0, 2, 87.73
1629612611, 0, 0, 144, 144, 1, 2.05%, 0, 0, 2, 61.45
1629612621, 0, 0, 146, 146, 1, 2.05%, 0, 0, 2, 34.37
1629612642, 0, 0, 149, 149, 1, 2.07%, 0, 0, 2, 42.13
1629612647, 0, 0, 150, 150, 1, 2.07%, 0, 0, 2, 30.83
1629612667, 0, 0, 151, 151, 1, 2.07%, 0, 0, 2, 35.47
1629612692, 0, 0, 152, 152, 1, 2.07%, 0, 0, 2, 35.92
1629613024, 0, 0, 155, 155, 1, 2.09%, 0, 0, 2, 57.05
1629613080, 0, 0, 156, 156, 1, 2.10%, 0, 0, 2, 86.45
1629613090, 0, 0, 157, 157, 1, 2.10%, 0, 0, 2, 83.73
1629613141, 0, 0, 158, 158, 1, 2.10%, 0, 0, 2, 24.38
1629613151, 0, 0, 159, 159, 1, 2.11%, 0, 0, 2, 23.81
1629613156, 0, 0, 160, 160, 1, 2.11%, 0, 0, 2, 24.11
1629613161, 0, 0, 161, 161, 1, 2.11%, 0, 0, 2, 24.19
1629613708, 0, 0, 162, 162, 1, 2.11%, 0, 0, 2, 23.63
1629614982, 0, 0, 163, 163, 1, 2.11%, 0, 0, 2, 23.68
1629616842, 0, 0, 171, 171, 1, 2.13%, 0, 0, 2, 41.03
1629616848, 0, 0, 180, 180, 1, 2.13%, 0, 0, 2, 64.49
1629616853, 0, 0, 184, 184, 1, 2.13%, 0, 0, 2, 75.96
1629616858, 0, 0, 189, 189, 1, 2.13%, 0, 0, 2, 79.10
1629616863, 0, 0, 193, 193, 1, 2.13%, 0, 0, 2, 75.11
1629616868, 0, 0, 196, 196, 1, 2.13%, 0, 0, 2, 74.23
1629616873, 0, 0, 199, 199, 1, 2.15%, 0, 0, 2, 74.00
1629616878, 0, 0, 200, 200, 1, 2.15%, 0, 0, 2, 68.14
1629616883, 0, 0, 203, 203, 1, 2.15%, 0, 0, 2, 71.33
1629616889, 0, 0, 206, 206, 1, 2.15%, 0, 0, 2, 71.42
1629616894, 0, 2, 206, 205, 63, 2.15%, 0, 0, 2, 94.76
1629618280, 0, 7, 206, 204, 62, 2.15%, 0, 0, 2, 97.86
1629618320, 0, 7, 207, 205, 62, 2.15%, 0, 0, 3, 89.05
1629618422, 0, 7, 208, 206, 62, 2.15%, 0, 0, 3, 94.63
1629618559, 0, 7, 210, 208, 62, 2.16%, 0, 0, 3, 87.77
1629618787, 0, 7, 211, 209, 62, 2.16%, 0, 0, 3, 90.89
1629618878, 0, 7, 212, 210, 62, 2.16%, 0, 0, 3, 68.19
1629620100, 0, 7, 213, 211, 62, 2.16%, 0, 0, 3, 112.47
1629620105, 0, 7, 214, 212, 62, 2.16%, 0, 0, 3, 91.57
1629620115, 0, 11, 214, 211, 65, 2.16%, 0, 0, 3, 102.47
1629620120, 0, 11, 215, 212, 65, 2.16%, 0, 0, 3, 109.96
1629620451, 0, 15, 215, 211, 64, 2.16%, 0, 0, 3, 104.53
1629622195, 0, 16, 215, 210, 63, 2.16%, 0, 0, 3, 91.84
1629622358, 0, 16, 216, 211, 63, 2.16%, 0, 0, 3, 98.77
1629623933, 0, 18, 216, 210, 62, 2.16%, 0, 0, 3, 91.68
1629625744, 0, 18, 217, 211, 62, 2.16%, 0, 0, 3, 97.60
1629625749, 0, 19, 218, 211, 61, 2.16%, 0, 0, 3, 110.98
1629627625, 0, 19, 219, 212, 61, 2.16%, 0, 0, 3, 95.75
1629627630, 0, 20, 219, 211, 60, 2.16%, 0, 0, 3, 88.38
1629629407, 0, 23, 220, 211, 59, 2.16%, 0, 0, 3, 59.16
1629630546, 0, 23, 221, 212, 59, 2.17%, 0, 0, 3, 80.75
1629630889, 0, 23, 222, 213, 59, 2.17%, 0, 0, 3, 82.09
1629635490, 0, 27, 222, 212, 60, 2.17%, 0, 0, 3, 47.10
1629637304, 0, 27, 223, 213, 60, 2.17%, 0, 0, 3, 93.56
1629637309, 0, 40, 223, 212, 59, 2.17%, 0, 0, 3, 128.56
1629638391, 0, 41, 223, 211, 58, 2.17%, 0, 0, 3, 133.27
1629638402, 0, 41, 224, 212, 58, 2.17%, 0, 0, 3, 42.17
1629638447, 0, 41, 225, 213, 58, 2.17%, 0, 0, 3, 36.46
1629638754, 0, 41, 226, 214, 58, 2.17%, 0, 0, 3, 23.19
1629638846, 0, 41, 227, 215, 58, 2.17%, 0, 0, 3, 23.62
1629638866, 0, 41, 228, 216, 58, 2.18%, 0, 0, 3, 25.12
1629639096, 0, 41, 229, 217, 58, 2.21%, 0, 0, 3, 103.13
1629644044, 0, 47, 229, 216, 58, 2.21%, 0, 0, 3, 76.07
1629645680, 0, 48, 229, 215, 57, 2.21%, 0, 0, 3, 96.54
1629646265, 0, 48, 230, 216, 57, 2.21%, 0, 0, 3, 90.04
1629646280, 0, 48, 231, 217, 57, 2.21%, 0, 0, 3, 86.23
1629647318, 0, 49, 233, 218, 57, 2.21%, 0, 0, 3, 103.98
1629647333, 0, 49, 234, 219, 57, 2.21%, 0, 0, 3, 93.63
1629647404, 0, 49, 235, 220, 57, 2.21%, 0, 0, 3, 97.70
1629647938, 0, 49, 236, 221, 57, 2.21%, 0, 0, 3, 88.76
1629648960, 0, 57, 236, 220, 56, 2.21%, 0, 0, 3, 97.73
1629650614, 0, 69, 236, 219, 55, 2.21%, 0, 0, 3, 94.79
1629652316, 0, 71, 236, 218, 54, 2.21%, 0, 0, 3, 89.84
1629654024, 0, 72, 236, 217, 53, 2.21%, 0, 0, 3, 92.55
1629654029, 0, 72, 239, 220, 53, 2.21%, 0, 0, 3, 82.36
1629654055, 0, 72, 240, 221, 53, 2.21%, 0, 0, 3, 91.49
1629654106, 0, 72, 241, 222, 53, 2.21%, 0, 0, 3, 84.05
1629654329, 0, 72, 243, 224, 53, 2.21%, 0, 0, 3, 79.68
1629655045, 0, 72, 245, 226, 53, 2.22%, 0, 0, 3, 77.48
1629655050, 0, 72, 247, 228, 53, 2.22%, 0, 0, 3, 78.45
1629655071, 0, 75, 248, 228, 56, 2.22%, 0, 0, 3, 87.85
1629655444, 0, 75, 249, 229, 56, 2.22%, 0, 0, 3, 22.22
1629656318, 0, 75, 250, 230, 56, 2.22%, 0, 0, 3, 23.09
1629657046, 0, 75, 251, 231, 56, 2.24%, 0, 0, 3, 45.55
1629657051, 0, 75, 254, 234, 56, 2.32%, 0, 0, 3, 28.10
1629657056, 0, 75, 256, 236, 56, 2.32%, 0, 0, 3, 23.50
1629657061, 0, 75, 258, 238, 56, 2.34%, 0, 0, 3, 23.21
1629657066, 0, 75, 259, 239, 56, 2.35%, 0, 0, 3, 23.17
1629660843, 0, 76, 259, 238, 64, 2.35%, 0, 0, 3, 42.68
1629661215, 0, 76, 260, 239, 64, 2.35%, 0, 0, 3, 22.65
1629662179, 0, 76, 261, 240, 64, 2.35%, 0, 0, 3, 25.20
1629662184, 0, 76, 262, 241, 64, 2.35%, 0, 0, 3, 24.10
1629662775, 0, 76, 263, 242, 64, 2.35%, 0, 0, 3, 23.75
1629666486, 0, 77, 263, 241, 65, 2.35%, 0, 0, 3, 40.00
1629672162, 0, 79, 263, 240, 64, 2.35%, 0, 0, 3, 39.93
1629672488, 0, 79, 264, 241, 64, 2.35%, 0, 0, 3, 47.52
1629672518, 0, 79, 265, 242, 64, 2.35%, 0, 0, 3, 22.41
1629677664, 0, 81, 266, 242, 64, 2.35%, 0, 0, 3, 59.03
1629678182, 0, 81, 267, 243, 64, 2.35%, 0, 0, 3, 101.58
1629679384, 0, 81, 269, 245, 64, 2.35%, 0, 0, 3, 105.14
1629679389, 0, 81, 271, 247, 64, 2.35%, 0, 0, 3, 117.23
1629679395, 0, 81, 274, 250, 64, 2.35%, 0, 0, 3, 118.88
1629679405, 0, 81, 277, 253, 64, 2.35%, 0, 0, 3, 122.14
1629679410, 0, 81, 278, 254, 64, 2.35%, 0, 0, 3, 122.14
1629679415, 0, 83, 278, 253, 63, 2.35%, 0, 0, 3, 25.63
1629684915, 0, 83, 279, 254, 63, 2.35%, 0, 0, 3, 39.69
1629684935, 0, 92, 279, 253, 63, 2.35%, 0, 0, 3, 81.89
1629685032, 0, 107, 279, 252, 62, 2.35%, 0, 0, 3, 105.78
1629685037, 0, 107, 281, 254, 62, 2.36%, 0, 0, 3, 73.02
1629685744, 0, 107, 282, 255, 62, 2.36%, 0, 0, 3, 84.83
1629685754, 0, 107, 283, 256, 62, 2.36%, 0, 0, 3, 41.66
1629687543, 0, 108, 283, 255, 64, 2.36%, 0, 0, 3, 78.49
1629689298, 0, 114, 283, 254, 63, 2.36%, 0, 0, 3, 94.50
1629689831, 0, 114, 284, 255, 63, 2.37%, 0, 0, 3, 160.01
1629689851, 0, 114, 285, 256, 63, 2.37%, 0, 0, 3, 42.75
1629691140, 0, 115, 285, 255, 63, 2.37%, 0, 0, 3, 90.59
1629691155, 0, 115, 286, 256, 63, 2.38%, 0, 0, 3, 88.68
1629691811, 0, 115, 287, 257, 63, 2.38%, 0, 0, 3, 77.14
1629692942, 0, 120, 287, 256, 63, 2.38%, 0, 0, 3, 106.13
1629693278, 0, 124, 287, 255, 62, 2.38%, 0, 0, 3, 96.21
1629693309, 0, 124, 288, 256, 62, 2.38%, 0, 0, 3, 84.51
1629693552, 0, 124, 289, 257, 62, 2.38%, 0, 0, 3, 83.04
1629695074, 0, 124, 290, 258, 62, 2.38%, 0, 0, 3, 96.57
1629695079, 0, 130, 290, 257, 62, 2.38%, 0, 0, 3, 91.38
1629695384, 0, 130, 291, 258, 62, 2.38%, 0, 0, 3, 87.90
1629696398, 0, 130, 292, 259, 62, 2.38%, 0, 0, 3, 90.91
1629696808, 0, 134, 292, 258, 63, 2.38%, 0, 0, 3, 71.48
1629702239, 0, 135, 292, 257, 62, 2.38%, 0, 0, 3, 71.88
1629702254, 0, 135, 293, 258, 62, 2.39%, 0, 0, 3, 59.47
1629703227, 0, 135, 294, 259, 62, 2.39%, 0, 0, 3, 83.34
1629704662, 0, 136, 294, 258, 62, 2.39%, 0, 0, 3, 49.80
1629710017, 0, 136, 294, 258, 62, 2.39%, 1, 0, 3, 24.91
1629710032, 0, 136, 295, 259, 62, 2.39%, 1, 0, 3, 26.30
1629710047, 0, 136, 295, 259, 62, 2.39%, 2, 0, 3, 12.95
1629710063, 0, 136, 295, 259, 62, 2.39%, 3, 0, 3, 22.28
1629710083, 0, 136, 295, 259, 62, 2.39%, 4, 0, 3, 15.88
1629710119, 0, 136, 295, 259, 62, 2.39%, 5, 0, 3, 24.85
1629710139, 0, 136, 295, 259, 62, 2.39%, 6, 0, 3, 12.89
1629710221, 0, 137, 296, 259, 62, 2.39%, 6, 0, 3, 77.78
1629710738, 0, 137, 297, 260, 62, 2.39%, 6, 0, 3, 104.88
1629711856, 0, 139, 297, 259, 61, 2.39%, 6, 0, 3, 89.15
1629712181, 0, 139, 298, 260, 61, 2.39%, 6, 0, 3, 113.57
1629712485, 0, 139, 299, 261, 61, 2.39%, 6, 0, 3, 72.33
1629712566, 0, 139, 300, 262, 61, 2.39%, 6, 0, 3, 60.38
1629712765, 0, 139, 301, 263, 61, 2.42%, 6, 0, 3, 64.17
1629714179, 0, 139, 302, 264, 61, 2.42%, 6, 0, 3, 81.74
1629714195, 0, 144, 302, 263, 62, 2.42%, 6, 0, 3, 89.65
1629715751, 0, 146, 302, 262, 61, 2.42%, 6, 0, 3, 67.13
1629715761, 0, 146, 303, 263, 61, 2.42%, 6, 0, 3, 29.50
1629715792, 0, 146, 304, 264, 61, 2.43%, 6, 0, 3, 27.40
1629715802, 0, 146, 305, 265, 61, 2.45%, 6, 0, 3, 42.27
1629715945, 0, 146, 306, 266, 61, 2.45%, 6, 0, 3, 25.36
1629716445, 0, 146, 307, 267, 61, 2.45%, 6, 0, 3, 39.76
1629716450, 0, 146, 310, 270, 61, 2.46%, 6, 0, 3, 41.04
1629716455, 0, 146, 312, 272, 61, 2.46%, 6, 0, 3, 39.41
1629716460, 0, 146, 313, 273, 61, 2.46%, 6, 0, 3, 40.21
1629716521, 0, 146, 314, 274, 61, 2.46%, 6, 0, 3, 50.31
1629720318, 0, 154, 314, 273, 65, 2.46%, 6, 0, 3, 67.82
1629720586, 0, 154, 315, 274, 65, 2.46%, 6, 0, 3, 103.45
1629722285, 0, 155, 315, 273, 65, 2.46%, 6, 0, 3, 107.69
1629722310, 0, 155, 316, 274, 65, 2.46%, 6, 0, 3, 106.38
1629723882, 0, 157, 316, 273, 65, 2.46%, 6, 0, 3, 57.02
1629723892, 0, 157, 318, 275, 65, 2.47%, 6, 0, 3, 32.62
1629724108, 0, 157, 319, 276, 65, 2.47%, 6, 0, 3, 30.60
1629724179, 0, 157, 321, 278, 65, 2.48%, 6, 0, 3, 66.63
1629724579, 0, 157, 322, 279, 65, 2.48%, 6, 0, 3, 32.08
1629724584, 0, 157, 326, 283, 65, 2.48%, 6, 0, 3, 31.08
1629724599, 0, 157, 327, 284, 65, 2.48%, 6, 0, 3, 32.62
1629724645, 0, 157, 328, 285, 65, 2.49%, 6, 0, 3, 30.33
1629724732, 0, 157, 330, 287, 65, 2.49%, 6, 0, 3, 32.91
1629724753, 0, 157, 331, 288, 65, 2.49%, 6, 0, 3, 38.54
1629724763, 0, 157, 332, 289, 65, 2.49%, 6, 0, 3, 33.75
1629724876, 0, 157, 333, 290, 65, 2.49%, 6, 0, 3, 117.97
1629725824, 0, 157, 334, 291, 65, 2.49%, 6, 0, 3, 30.98
1629726477, 0, 157, 336, 293, 65, 2.49%, 6, 0, 3, 31.89
1629727337, 0, 157, 337, 294, 65, 2.49%, 6, 0, 3, 100.74
1629728825, 0, 158, 338, 294, 72, 2.49%, 6, 0, 3, 74.95
1629729384, 0, 158, 339, 295, 72, 2.49%, 6, 0, 3, 106.17
1629731026, 0, 168, 339, 294, 71, 2.49%, 6, 0, 3, 85.92
1629731072, 0, 168, 340, 295, 71, 2.49%, 6, 0, 3, 34.16
1629731077, 0, 168, 341, 296, 71, 2.49%, 6, 0, 3, 30.13
1629731123, 0, 168, 342, 297, 71, 2.49%, 6, 0, 3, 32.79
1629731179, 0, 168, 343, 298, 71, 2.49%, 6, 0, 3, 65.52
1629735568, 0, 168, 344, 299, 71, 2.49%, 6, 0, 3, 161.67
1629735609, 0, 168, 345, 300, 71, 2.49%, 6, 0, 3, 67.90
1629735650, 0, 174, 345, 299, 72, 2.49%, 6, 0, 3, 87.10
1629735812, 0, 174, 346, 300, 72, 2.49%, 6, 0, 3, 158.64
1629736268, 0, 176, 346, 299, 71, 2.49%, 6, 0, 3, 73.52
1629741773, 0, 176, 348, 301, 71, 2.49%, 6, 0, 3, 48.26
1629741819, 0, 193, 348, 300, 71, 2.49%, 6, 0, 3, 97.06
1629742230, 0, 196, 349, 300, 70, 2.49%, 6, 0, 3, 145.06
1629742245, 0, 196, 350, 301, 70, 2.49%, 6, 0, 3, 105.69
1629743110, 0, 198, 350, 300, 70, 2.49%, 6, 0, 3, 116.68
1629744891, 0, 204, 350, 299, 69, 2.49%, 6, 0, 3, 91.70
1629744901, 0, 204, 353, 302, 69, 2.49%, 6, 0, 3, 53.44
1629745014, 0, 204, 354, 303, 69, 2.49%, 6, 0, 3, 49.00
1629745044, 0, 204, 360, 309, 69, 2.49%, 6, 0, 3, 95.57
1629745049, 0, 204, 364, 313, 69, 2.49%, 6, 0, 3, 101.05
1629745054, 0, 204, 367, 316, 69, 2.49%, 6, 0, 3, 103.68
1629745310, 0, 204, 368, 317, 69, 2.49%, 6, 0, 3, 217.03
1629749338, 0, 204, 372, 321, 69, 2.49%, 6, 0, 3, 89.09
1629749343, 0, 204, 373, 322, 69, 2.49%, 6, 0, 3, 108.25
1629749349, 0, 204, 376, 325, 69, 2.49%, 6, 0, 3, 112.88
1629749354, 0, 204, 377, 326, 69, 2.49%, 6, 0, 3, 116.89
1629749359, 0, 206, 377, 325, 69, 2.49%, 6, 0, 3, 113.92
1629750843, 0, 208, 377, 324, 68, 2.49%, 6, 0, 3, 90.71
1629751978, 0, 208, 378, 325, 68, 2.49%, 6, 0, 4, 61.31
1629755126, 0, 209, 378, 324, 68, 2.49%, 6, 0, 4, 92.81
1629755572, 0, 209, 379, 325, 68, 2.49%, 6, 0, 4, 118.96
1629755632, 0, 209, 380, 326, 68, 2.49%, 6, 0, 4, 95.60
1629756545, 0, 210, 380, 325, 69, 2.49%, 6, 0, 4, 129.48
1629756555, 0, 210, 381, 326, 69, 2.49%, 6, 0, 4, 117.08
1629756575, 0, 210, 382, 327, 69, 2.49%, 6, 0, 4, 117.22
1629757949, 0, 210, 385, 330, 69, 2.49%, 6, 0, 4, 137.45
1629757954, 0, 210, 386, 331, 69, 2.49%, 6, 0, 4, 145.18
1629757959, 0, 210, 387, 332, 69, 2.49%, 6, 0, 4, 150.06
1629757964, 0, 212, 387, 331, 69, 2.49%, 6, 0, 4, 129.17
1629758071, 0, 212, 388, 332, 69, 2.49%, 6, 0, 4, 118.01
1629758076, 0, 212, 390, 334, 69, 2.50%, 6, 0, 4, 118.00
1629759435, 0, 214, 390, 333, 70, 2.50%, 6, 0, 4, 172.90
1629759647, 0, 220, 390, 332, 69, 2.50%, 6, 0, 4, 170.92
1629760869, 0, 227, 390, 331, 68, 2.50%, 6, 0, 4, 71.92
1629765185, 0, 228, 390, 330, 68, 2.50%, 6, 0, 4, 55.23
1629765308, 0, 228, 391, 331, 68, 2.50%, 6, 0, 4, 57.18
1629768970, 0, 229, 391, 330, 67, 2.50%, 6, 0, 4, 95.77
1629770399, 0, 233, 391, 329, 66, 2.50%, 6, 0, 4, 124.01
1629771839, 0, 239, 391, 328, 65, 2.50%, 6, 0, 4, 113.27
1629772625, 0, 240, 391, 327, 64, 2.50%, 6, 0, 4, 129.99
1629772828, 0, 243, 391, 326, 63, 2.50%, 6, 0, 4, 113.86
1629773056, 0, 243, 392, 327, 63, 2.50%, 6, 0, 4, 109.23
1629773610, 0, 244, 393, 327, 63, 2.50%, 6, 0, 4, 118.37
1629774392, 0, 246, 393, 326, 62, 2.50%, 6, 0, 4, 117.12
1629775210, 0, 250, 393, 325, 61, 2.50%, 6, 0, 4, 99.02
1629776142, 0, 250, 394, 326, 61, 2.50%, 6, 0, 4, 30.13
1629776837, 0, 250, 395, 327, 61, 2.50%, 6, 0, 4, 31.05
1629779532, 0, 250, 396, 328, 61, 2.51%, 6, 0, 4, 53.46
1629779537, 0, 252, 396, 327, 63, 2.51%, 6, 0, 4, 46.95
1629783775, 0, 253, 396, 326, 62, 2.51%, 6, 0, 4, 49.26
1629783785, 0, 253, 398, 328, 62, 2.53%, 6, 0, 4, 36.74
1629783790, 0, 253, 404, 334, 62, 2.53%, 6, 0, 4, 32.10
1629783795, 0, 253, 406, 336, 62, 2.54%, 6, 0, 4, 31.30
1629783826, 0, 253, 407, 337, 62, 2.54%, 6, 0, 4, 30.74
1629783954, 0, 253, 409, 339, 62, 2.54%, 6, 0, 4, 30.13
1629783974, 0, 253, 416, 346, 62, 2.57%, 6, 0, 4, 30.20
1629784144, 0, 253, 420, 350, 62, 2.57%, 6, 0, 4, 41.88
1629784394, 0, 253, 421, 351, 62, 2.57%, 6, 0, 4, 31.68
1629784399, 0, 253, 424, 354, 62, 2.57%, 6, 0, 4, 33.22
1629784410, 0, 253, 425, 355, 62, 2.57%, 6, 0, 4, 31.50
1629784430, 0, 253, 426, 356, 62, 2.57%, 6, 0, 4, 35.82
1629784471, 0, 253, 427, 357, 62, 2.57%, 6, 0, 4, 32.78
1629784476, 0, 253, 428, 358, 62, 2.57%, 6, 0, 4, 32.48
1629784492, 0, 253, 429, 359, 62, 2.57%, 6, 0, 4, 37.73
1629784497, 0, 253, 433, 363, 62, 2.59%, 6, 0, 4, 40.96
1629784502, 0, 253, 435, 365, 62, 2.59%, 6, 0, 4, 33.65
1629784512, 0, 253, 438, 368, 62, 2.59%, 6, 0, 4, 34.38
1629784517, 0, 253, 439, 369, 62, 2.59%, 6, 0, 4, 34.97
1629784527, 0, 253, 440, 370, 62, 2.59%, 6, 0, 4, 36.63
1629784538, 0, 253, 441, 371, 62, 2.59%, 6, 0, 4, 37.61
1629784543, 0, 253, 442, 372, 62, 2.59%, 6, 0, 4, 48.68
1629785496, 0, 253, 443, 373, 62, 2.59%, 6, 0, 4, 30.02
1629785880, 0, 253, 444, 374, 62, 2.59%, 6, 0, 4, 30.27
1629785901, 0, 253, 445, 375, 62, 2.59%, 6, 0, 4, 30.63
1629786008, 0, 253, 446, 376, 62, 2.59%, 6, 0, 4, 29.88
1629786023, 0, 253, 447, 377, 62, 2.59%, 6, 0, 4, 32.27
1629786033, 0, 253, 448, 378, 62, 2.59%, 6, 0, 4, 31.49
1629788083, 0, 254, 449, 378, 77, 2.59%, 6, 0, 4, 51.77
1629792304, 0, 255, 449, 377, 76, 2.59%, 6, 0, 4, 45.23
1629796523, 0, 256, 449, 376, 75, 2.59%, 6, 0, 4, 53.98
1629800928, 0, 257, 449, 375, 74, 2.59%, 6, 0, 4, 45.38
1629800943, 0, 257, 450, 376, 74, 2.59%, 6, 0, 4, 31.26
1629803625, 0, 257, 451, 377, 74, 2.59%, 6, 0, 4, 28.82
1629806120, 0, 258, 451, 376, 74, 2.59%, 6, 0, 4, 44.24
1629806126, 0, 258, 452, 377, 74, 2.59%, 6, 0, 4, 42.07
1629806136, 0, 258, 453, 378, 74, 2.59%, 6, 0, 4, 30.56
1629808727, 0, 258, 454, 379, 74, 2.60%, 6, 0, 4, 29.09
1629811263, 0, 261, 454, 378, 75, 2.60%, 6, 0, 4, 41.73
1629811294, 0, 261, 455, 379, 75, 2.60%, 6, 0, 4, 29.85
1629811330, 0, 261, 456, 380, 75, 2.60%, 6, 0, 4, 36.69
1629812098, 0, 261, 457, 381, 75, 2.60%, 6, 0, 4, 105.41
1629815451, 0, 261, 458, 382, 75, 2.60%, 6, 0, 4, 30.62
1629815759, 0, 262, 458, 381, 75, 2.60%, 6, 0, 4, 61.28
1629817917, 0, 263, 458, 380, 74, 2.60%, 6, 0, 4, 121.38
1629818003, 0, 263, 459, 381, 74, 2.60%, 6, 0, 4, 112.71
1629819362, 0, 271, 460, 381, 74, 2.60%, 6, 0, 4, 122.91
1629819372, 0, 271, 461, 382, 74, 2.60%, 6, 0, 4, 114.85
1629819463, 0, 271, 462, 383, 74, 2.60%, 6, 0, 4, 119.29
1629820721, 0, 271, 463, 384, 74, 2.60%, 6, 0, 4, 116.47
1629820792, 0, 278, 463, 383, 75, 2.60%, 6, 0, 4, 103.54
1629822850, 0, 278, 464, 384, 75, 2.60%, 6, 0, 4, 29.97
1629825454, 0, 278, 465, 385, 75, 2.60%, 6, 0, 4, 30.22
1629825475, 0, 279, 466, 385, 74, 2.60%, 6, 0, 4, 67.18
1629829741, 0, 280, 466, 384, 73, 2.60%, 6, 0, 4, 69.73
1629831624, 0, 283, 466, 383, 72, 2.60%, 6, 0, 4, 108.05
1629831968, 0, 283, 467, 384, 72, 2.60%, 6, 0, 4, 121.29
1629833044, 0, 284, 467, 383, 72, 2.60%, 6, 0, 4, 132.52
1629833241, 0, 284, 468, 384, 72, 2.60%, 6, 0, 4, 118.47
1629834414, 0, 285, 468, 383, 72, 2.60%, 6, 0, 4, 112.54
1629835073, 0, 285, 469, 384, 72, 2.60%, 6, 0, 4, 90.08
1629836322, 0, 290, 469, 383, 71, 2.60%, 6, 0, 4, 108.39
1629837545, 0, 290, 470, 384, 71, 2.60%, 6, 0, 4, 111.54
1629837707, 0, 291, 471, 384, 70, 2.60%, 6, 0, 4, 137.72
1629838123, 0, 291, 471, 384, 70, 2.60%, 7, 0, 4, 116.67
1629839289, 0, 292, 472, 384, 69, 2.60%, 7, 0, 4, 120.32
1629841273, 0, 294, 472, 383, 68, 2.60%, 7, 0, 4, 51.98
1629845760, 0, 294, 472, 383, 68, 2.60%, 8, 0, 4, 23.75
1629846487, 0, 297, 472, 382, 67, 2.60%, 8, 0, 4, 64.42
1629848593, 0, 298, 472, 381, 66, 2.60%, 8, 0, 4, 83.98
1629849080, 0, 298, 473, 382, 66, 2.60%, 8, 0, 4, 66.24
1629850836, 0, 299, 473, 381, 65, 2.60%, 8, 0, 4, 104.38
1629851272, 0, 299, 476, 384, 65, 2.67%, 8, 0, 4, 111.77
1629852220, 0, 300, 476, 383, 66, 2.67%, 8, 0, 4, 130.98
1629852240, 0, 300, 477, 384, 66, 2.67%, 8, 0, 4, 88.98
1629854111, 0, 303, 477, 383, 65, 2.67%, 8, 0, 4, 100.96
1629855968, 0, 304, 477, 382, 64, 2.67%, 8, 0, 4, 77.59
1629855978, 0, 304, 478, 383, 64, 2.67%, 8, 0, 4, 50.74
1629856239, 0, 304, 479, 384, 64, 2.67%, 8, 0, 4, 30.81
1629856573, 0, 304, 480, 385, 64, 2.67%, 8, 0, 4, 69.84
1629856578, 0, 304, 481, 386, 64, 2.67%, 8, 0, 4, 74.99
1629857437, 0, 304, 482, 387, 64, 2.67%, 8, 0, 4, 35.99
1629857453, 0, 304, 484, 389, 64, 2.67%, 8, 0, 4, 30.27
1629857458, 0, 304, 485, 390, 64, 2.67%, 8, 0, 4, 30.16
1629857626, 0, 304, 486, 391, 64, 2.67%, 8, 0, 4, 30.86
1629860540, 0, 305, 486, 390, 65, 2.67%, 8, 0, 4, 45.36
1629860759, 0, 305, 487, 391, 65, 2.67%, 8, 0, 4, 22.92
1629860770, 0, 305, 488, 392, 65, 2.67%, 8, 0, 4, 23.59
1629865370, 0, 313, 488, 391, 64, 2.67%, 8, 0, 4, 47.34
1629865411, 0, 313, 489, 392, 64, 2.67%, 8, 0, 4, 32.70
