# unix_time, cycles_done, cur_path, paths_total, pending_total, pending_favs, map_size, unique_crashes, unique_hangs, max_depth, execs_per_sec
1619266028, 0, 0, 1, 1, 1, 0.08%, 0, 0, 1, 0.17
1619266038, 0, 0, 9, 9, 1, 0.10%, 0, 0, 2, 53.92
1619266043, 0, 0, 10, 10, 1, 0.10%, 0, 0, 2, 7.73
1619266054, 0, 0, 14, 14, 1, 0.10%, 0, 0, 2, 12.85
1619266059, 0, 0, 25, 25, 1, 0.11%, 0, 0, 2, 33.03
1619266064, 0, 0, 34, 34, 1, 0.11%, 0, 0, 2, 23.68
1619266069, 0, 0, 36, 36, 1, 0.11%, 0, 0, 2, 13.73
1619266079, 0, 0, 37, 37, 1, 0.11%, 0, 0, 2, 8.28
1619266085, 0, 0, 38, 38, 1, 0.11%, 0, 0, 2, 8.19
1619266090, 0, 0, 40, 40, 1, 0.11%, 0, 0, 2, 7.60
1619266121, 0, 0, 41, 41, 1, 0.11%, 0, 0, 2, 8.16
1619266131, 0, 0, 45, 45, 1, 0.11%, 0, 0, 2, 11.22
1619266136, 0, 0, 47, 47, 1, 0.11%, 0, 0, 2, 11.22
1619266141, 0, 0, 48, 48, 1, 0.11%, 0, 0, 2, 11.26
1619266146, 0, 0, 49, 49, 1, 0.11%, 0, 0, 2, 11.23
1619266156, 0, 0, 51, 51, 1, 0.11%, 0, 0, 2, 13.12
1619266161, 0, 0, 53, 53, 1, 0.11%, 0, 0, 2, 11.85
1619266167, 0, 0, 55, 55, 1, 0.11%, 0, 0, 2, 11.64
1619266172, 0, 0, 56, 56, 1, 0.11%, 0, 0, 2, 11.29
1619266177, 0, 0, 57, 57, 1, 0.11%, 0, 0, 2, 11.23
1619266182, 0, 0, 59, 59, 1, 0.11%, 0, 0, 2, 11.47
1619266187, 0, 0, 61, 61, 1, 0.11%, 0, 0, 2, 12.61
1619266192, 0, 0, 62, 62, 1, 0.11%, 0, 0, 2, 32.24
1619266198, 0, 0, 63, 63, 1, 0.11%, 0, 0, 2, 18.22
1619266238, 0, 0, 64, 64, 1, 0.11%, 0, 0, 2, 11.11
1619266279, 0, 0, 65, 65, 1, 0.11%, 0, 0, 2, 14.70
1619266289, 0, 0, 71, 71, 1, 0.11%, 0, 0, 2, 31.29
1619266335, 0, 0, 72, 72, 1, 0.11%, 0, 0, 2, 11.34
1619266340, 0, 0, 73, 73, 1, 0.11%, 0, 0, 2, 11.24
1619266366, 0, 0, 75, 75, 1, 0.11%, 0, 0, 2, 11.32
1619266371, 0, 0, 76, 76, 1, 0.11%, 0, 0, 2, 11.27
1619266376, 0, 0, 78, 78, 1, 0.11%, 0, 0, 2, 12.72
1619266391, 0, 0, 81, 81, 1, 0.11%, 0, 0, 2, 15.84
1619266402, 0, 0, 84, 84, 1, 0.11%, 0, 0, 2, 11.76
1619266417, 0, 0, 89, 89, 1, 0.11%, 0, 0, 2, 46.65
1619266422, 0, 0, 90, 90, 1, 0.11%, 0, 0, 2, 21.95
1619266427, 0, 0, 91, 91, 1, 0.11%, 0, 0, 2, 14.38
1619266438, 0, 0, 92, 92, 1, 0.11%, 0, 0, 2, 11.61
1619266458, 0, 0, 93, 93, 1, 0.11%, 0, 0, 2, 11.40
1619266479, 0, 0, 94, 94, 1, 0.11%, 0, 0, 2, 11.51
1619266489, 0, 0, 97, 97, 1, 0.11%, 0, 0, 2, 25.26
1619266495, 0, 0, 99, 99, 1, 0.11%, 0, 0, 2, 44.77
1619266500, 0, 0, 103, 103, 1, 0.11%, 0, 0, 2, 54.46
1619266505, 0, 0, 108, 108, 1, 0.11%, 0, 0, 2, 52.85
1619266510, 0, 0, 111, 111, 1, 0.11%, 0, 0, 2, 27.55
1619266540, 0, 0, 112, 112, 1, 0.11%, 0, 0, 2, 11.36
1619266545, 0, 0, 113, 113, 1, 0.11%, 0, 0, 2, 11.29
1619266551, 0, 0, 114, 114, 1, 0.11%, 0, 0, 2, 11.15
1619266597, 0, 0, 115, 115, 1, 0.11%, 0, 0, 2, 11.16
1619266643, 0, 0, 116, 116, 1, 0.11%, 0, 0, 2, 11.21
1619266800, 0, 0, 117, 117, 1, 0.11%, 0, 0, 2, 12.03
1619266811, 0, 0, 118, 118, 1, 0.11%, 0, 0, 2, 25.14
1619266831, 0, 0, 119, 119, 1, 0.11%, 0, 0, 2, 11.38
1619266836, 0, 0, 120, 120, 1, 0.11%, 0, 0, 2, 11.35
1619266872, 0, 0, 121, 121, 1, 0.11%, 0, 0, 2, 11.18
1619266887, 0, 0, 122, 122, 1, 0.11%, 0, 0, 2, 11.22
1619266893, 0, 0, 123, 123, 1, 0.11%, 0, 0, 2, 11.24
1619266969, 0, 0, 124, 124, 1, 0.11%, 0, 0, 2, 11.15
1619267026, 0, 0, 125, 125, 1, 0.11%, 0, 0, 2, 11.30
1619267082, 0, 0, 126, 126, 1, 0.11%, 0, 0, 2, 11.34
1619267087, 0, 0, 127, 127, 1, 0.11%, 0, 0, 2, 128.31
1619267123, 0, 0, 135, 135, 1, 0.11%, 0, 0, 2, 19.86
1619267128, 0, 0, 138, 138, 1, 0.11%, 0, 0, 2, 32.08
1619267133, 0, 0, 139, 139, 1, 0.11%, 0, 0, 2, 19.48
1619267179, 0, 0, 140, 140, 1, 0.11%, 0, 0, 2, 22.86
1619267302, 0, 0, 141, 141, 1, 0.11%, 0, 0, 2, 56.54
1619267317, 0, 0, 142, 142, 1, 0.11%, 0, 0, 2, 65.83
1619267461, 0, 0, 147, 147, 1, 0.11%, 0, 0, 2, 108.55
1619267467, 0, 0, 159, 159, 1, 0.11%, 0, 0, 2, 60.07
1619267472, 0, 0, 165, 165, 1, 0.12%, 0, 0, 2, 13.74
1619267477, 0, 0, 169, 169, 1, 0.12%, 0, 0, 2, 21.20
1619267482, 0, 0, 170, 170, 1, 0.12%, 0, 0, 2, 25.68
1619267487, 0, 0, 171, 171, 1, 0.12%, 0, 0, 2, 39.79
1619267492, 0, 0, 172, 172, 1, 0.12%, 0, 0, 2, 19.74
1619267497, 0, 0, 174, 174, 1, 0.12%, 0, 0, 2, 33.11
1619267513, 0, 0, 176, 176, 1, 0.12%, 0, 0, 2, 29.88
1619267518, 0, 0, 177, 177, 1, 0.12%, 0, 0, 2, 34.18
1619267528, 0, 0, 179, 179, 1, 0.12%, 0, 0, 2, 18.82
1619267549, 0, 0, 181, 181, 1, 0.12%, 0, 0, 2, 13.84
1619267564, 0, 0, 182, 182, 1, 0.12%, 0, 0, 2, 67.23
1619267585, 0, 0, 183, 183, 1, 0.12%, 0, 0, 2, 53.80
1619267590, 0, 0, 186, 186, 1, 0.12%, 0, 0, 2, 54.24
1619267600, 0, 0, 187, 187, 1, 0.12%, 0, 0, 2, 25.52
1619267605, 0, 0, 189, 189, 1, 0.12%, 0, 0, 2, 15.34
1619267615, 0, 0, 190, 190, 1, 0.12%, 0, 0, 2, 12.48
1619267620, 0, 0, 191, 191, 1, 0.12%, 0, 0, 2, 11.21
1619267636, 0, 0, 192, 192, 1, 0.12%, 0, 0, 2, 12.37
1619267671, 0, 0, 193, 193, 1, 0.12%, 0, 0, 2, 11.82
1619267824, 0, 0, 194, 194, 1, 0.12%, 0, 0, 2, 10.88
1619268361, 0, 0, 197, 197, 1, 0.12%, 0, 0, 2, 64.23
1619268366, 0, 0, 199, 199, 1, 0.12%, 0, 0, 2, 64.65
1619268386, 0, 0, 200, 200, 1, 0.12%, 0, 0, 2, 11.28
1619268392, 0, 0, 203, 203, 1, 0.12%, 0, 0, 2, 11.21
1619268397, 0, 0, 204, 204, 1, 0.12%, 0, 0, 2, 11.68
1619268412, 0, 0, 205, 205, 1, 0.12%, 0, 0, 2, 11.21
1619268566, 0, 0, 206, 206, 1, 0.12%, 0, 0, 2, 12.95
1619268637, 0, 0, 207, 207, 1, 0.12%, 0, 0, 2, 11.41
1619268643, 0, 0, 209, 209, 1, 0.12%, 0, 0, 2, 11.21
1619268663, 0, 0, 210, 210, 1, 0.12%, 0, 0, 2, 11.14
1619268908, 0, 0, 212, 212, 1, 0.12%, 0, 0, 2, 58.82
1619268965, 0, 0, 213, 213, 1, 0.12%, 0, 0, 2, 11.02
1619268970, 0, 0, 216, 216, 1, 0.12%, 0, 0, 2, 11.13
1619268976, 0, 0, 218, 218, 1, 0.12%, 0, 0, 2, 11.10
1619268981, 0, 0, 219, 219, 1, 0.12%, 0, 0, 2, 11.08
1619268991, 0, 0, 220, 220, 1, 0.12%, 0, 0, 2, 11.15
1619269022, 0, 0, 223, 223, 1, 0.12%, 0, 0, 2, 169.45
1619269027, 0, 0, 224, 224, 1, 0.12%, 0, 0, 2, 234.03
1619269043, 0, 0, 227, 227, 1, 0.12%, 0, 0, 2, 63.05
1619269048, 0, 0, 231, 231, 1, 0.12%, 0, 0, 2, 60.01
1619269053, 0, 0, 235, 235, 1, 0.12%, 0, 0, 2, 24.87
1619269058, 0, 0, 240, 240, 1, 0.12%, 0, 0, 2, 26.27
1619269063, 0, 0, 241, 241, 1, 0.12%, 0, 0, 2, 26.57
1619269068, 0, 0, 244, 244, 1, 0.12%, 0, 0, 2, 31.31
1619269073, 0, 0, 246, 246, 1, 0.12%, 0, 0, 2, 22.25
1619269079, 0, 0, 248, 248, 1, 0.12%, 0, 0, 2, 18.69
1619269119, 0, 0, 249, 249, 1, 0.12%, 0, 0, 2, 21.90
1619269124, 0, 0, 252, 252, 1, 0.12%, 0, 0, 2, 22.45
1619269130, 0, 0, 253, 253, 1, 0.12%, 0, 0, 2, 14.89
1619269176, 0, 0, 255, 255, 1, 0.12%, 0, 0, 2, 17.45
1619269181, 0, 0, 256, 256, 1, 0.12%, 0, 0, 2, 17.79
1619269206, 0, 0, 257, 257, 1, 0.12%, 0, 0, 2, 12.72
1619269232, 0, 0, 258, 258, 1, 0.12%, 0, 0, 2, 18.41
1619269283, 0, 0, 259, 259, 1, 0.12%, 0, 0, 2, 17.14
1619269550, 0, 0, 260, 260, 1, 0.12%, 0, 0, 2, 18.50
1619269662, 0, 0, 261, 261, 1, 0.13%, 0, 0, 2, 17.56
1619269821, 0, 0, 263, 263, 1, 0.13%, 0, 0, 2, 23.13
1619269827, 0, 0, 264, 264, 1, 0.13%, 0, 0, 2, 27.53
1619269832, 0, 0, 265, 265, 1, 0.13%, 0, 0, 2, 28.26
1619269837, 0, 0, 266, 266, 1, 0.13%, 0, 0, 2, 28.61
1619269847, 0, 0, 268, 268, 1, 0.13%, 0, 0, 2, 27.20
1619269852, 0, 0, 269, 269, 1, 0.13%, 0, 0, 2, 31.85
1619269873, 0, 0, 271, 271, 1, 0.13%, 0, 0, 2, 37.52
1619269883, 0, 0, 272, 272, 1, 0.13%, 0, 0, 2, 34.49
1619269894, 0, 0, 274, 274, 1, 0.13%, 0, 0, 2, 35.87
1619269899, 0, 0, 276, 276, 1, 0.14%, 0, 0, 2, 1.84
1619269924, 0, 0, 279, 279, 1, 0.14%, 0, 0, 2, 62.06
1619269929, 0, 0, 280, 280, 1, 0.14%, 0, 0, 2, 76.48
1619269986, 0, 0, 281, 281, 1, 0.14%, 0, 0, 2, 57.12
1619270001, 0, 0, 282, 282, 1, 0.14%, 0, 0, 2, 56.87
1619270016, 0, 0, 283, 283, 1, 0.14%, 0, 0, 2, 56.65
1619270056, 0, 0, 284, 284, 1, 0.14%, 0, 0, 2, 37.95
1619270072, 0, 0, 285, 285, 1, 0.14%, 0, 0, 2, 12.11
1619270077, 0, 0, 286, 286, 1, 0.14%, 0, 0, 2, 11.68
1619270087, 0, 0, 287, 287, 1, 0.14%, 0, 0, 2, 11.57
1619270092, 0, 0, 289, 289, 1, 0.14%, 0, 0, 2, 12.31
1619270103, 0, 0, 290, 290, 1, 0.14%, 0, 0, 2, 11.60
1619270123, 0, 0, 291, 291, 1, 0.14%, 0, 0, 2, 11.55
1619270128, 0, 0, 293, 293, 1, 0.14%, 0, 0, 2, 11.32
1619271260, 0, 0, 294, 294, 1, 0.14%, 0, 0, 2, 11.57
1619273999, 0, 0, 295, 295, 1, 0.14%, 0, 0, 2, 68.06
1619274004, 0, 0, 296, 296, 1, 0.14%, 0, 0, 2, 67.79
1619274055, 0, 0, 298, 298, 1, 0.14%, 0, 0, 2, 11.68
1619274117, 0, 0, 299, 299, 1, 0.14%, 0, 0, 2, 11.57
1619274122, 0, 0, 300, 300, 1, 0.14%, 0, 0, 2, 11.67
1619276245, 0, 0, 301, 301, 1, 0.14%, 0, 0, 2, 11.52
1619276798, 0, 0, 302, 302, 1, 0.14%, 0, 0, 2, 11.45
1619276803, 0, 0, 303, 303, 1, 0.14%, 0, 0, 2, 10.36
1619276814, 0, 0, 305, 305, 1, 0.14%, 0, 0, 2, 10.16
1619276819, 0, 0, 306, 306, 1, 0.14%, 0, 0, 2, 10.05
1619276829, 0, 0, 307, 307, 1, 0.14%, 0, 0, 2, 9.99
1619276834, 0, 0, 308, 308, 1, 0.14%, 0, 0, 2, 10.02
1619276844, 0, 0, 309, 309, 1, 0.14%, 0, 0, 2, 10.00
1619276850, 0, 0, 311, 311, 1, 0.14%, 0, 0, 2, 10.02
1619276860, 0, 0, 312, 312, 1, 0.14%, 0, 0, 2, 10.08
1619276865, 0, 0, 315, 315, 1, 0.14%, 0, 0, 2, 9.91
1619276871, 0, 0, 316, 316, 1, 0.14%, 0, 0, 2, 9.98
1619276886, 0, 0, 318, 318, 1, 0.14%, 0, 0, 2, 10.08
1619276891, 0, 0, 321, 321, 1, 0.14%, 0, 0, 2, 10.11
1619277132, 0, 0, 322, 322, 1, 0.14%, 0, 0, 2, 9.83
1619277138, 0, 0, 323, 323, 1, 0.14%, 0, 0, 2, 9.79
1619277199, 0, 0, 324, 324, 1, 0.14%, 0, 0, 2, 9.86
1619277219, 0, 0, 325, 325, 1, 0.14%, 0, 0, 2, 9.86
1619278112, 0, 0, 326, 326, 1, 0.14%, 0, 0, 2, 10.05
1619278189, 0, 0, 327, 327, 1, 0.14%, 0, 0, 2, 10.04
1619278368, 0, 0, 328, 328, 1, 0.14%, 0, 0, 2, 19.72
1619278373, 0, 0, 330, 330, 1, 0.14%, 0, 0, 2, 18.50
1619278378, 0, 0, 333, 333, 1, 0.14%, 0, 0, 2, 17.18
1619278383, 0, 0, 335, 335, 1, 0.14%, 0, 0, 2, 2.93
1619278388, 0, 0, 336, 336, 1, 0.14%, 0, 0, 2, 16.82
1619278394, 0, 0, 338, 338, 1, 0.14%, 0, 0, 2, 14.25
1619278399, 0, 0, 340, 340, 1, 0.14%, 0, 0, 2, 3.37
1619278404, 0, 0, 341, 341, 1, 0.14%, 0, 0, 2, 1.95
1619278409, 0, 0, 343, 343, 1, 0.14%, 0, 0, 2, 26.91
1619278414, 0, 0, 345, 345, 1, 0.14%, 0, 0, 2, 6.05
1619278420, 0, 0, 346, 346, 1, 0.14%, 0, 0, 2, 1.50
1619278425, 0, 0, 347, 347, 1, 0.14%, 0, 0, 2, 3.12
1619278440, 0, 0, 349, 349, 1, 0.14%, 0, 0, 2, 5.46
1619278445, 0, 0, 351, 351, 1, 0.14%, 0, 0, 2, 3.37
1619278450, 0, 0, 352, 352, 1, 0.14%, 0, 0, 2, 7.82
1619278461, 0, 0, 354, 354, 1, 0.14%, 0, 0, 2, 16.43
1619278466, 0, 0, 355, 355, 1, 0.14%, 0, 0, 2, 12.99
1619278471, 0, 0, 357, 357, 1, 0.14%, 0, 0, 2, 2.40
1619278476, 0, 0, 358, 358, 1, 0.14%, 0, 0, 2, 3.02
1619278482, 0, 0, 359, 359, 1, 0.14%, 0, 0, 2, 15.87
1619278487, 0, 0, 360, 360, 1, 0.14%, 0, 0, 2, 2.59
1619278492, 0, 0, 361, 361, 1, 0.14%, 0, 0, 2, 23.70
1619278497, 0, 0, 362, 362, 1, 0.14%, 0, 0, 2, 2.72
1619278503, 0, 0, 364, 364, 1, 0.14%, 0, 0, 2, 17.19
1619278508, 0, 0, 366, 366, 1, 0.14%, 0, 0, 2, 12.61
1619278514, 0, 0, 367, 367, 1, 0.14%, 0, 0, 2, 3.23
1619278519, 0, 0, 368, 368, 1, 0.14%, 0, 0, 2, 4.66
1619278529, 0, 0, 370, 370, 1, 0.14%, 0, 0, 2, 9.34
1619278534, 0, 0, 371, 371, 1, 0.14%, 0, 0, 2, 5.78
1619278549, 0, 0, 372, 372, 1, 0.14%, 0, 0, 2, 10.67
1619278555, 0, 0, 373, 373, 1, 0.14%, 0, 0, 2, 2.24
1619278560, 0, 0, 374, 374, 1, 0.14%, 0, 0, 2, 3.09
1619278570, 0, 0, 375, 375, 1, 0.14%, 0, 0, 2, 13.26
1619278575, 0, 0, 376, 376, 1, 0.14%, 0, 0, 2, 2.62
1619278586, 0, 0, 378, 378, 1, 0.14%, 0, 0, 2, 4.76
1619278596, 0, 0, 379, 379, 1, 0.14%, 0, 0, 2, 15.03
1619278622, 0, 0, 380, 380, 1, 0.14%, 0, 0, 2, 3.34
1619278632, 0, 0, 381, 381, 1, 0.14%, 0, 0, 2, 13.89
1619278643, 0, 0, 382, 382, 1, 0.14%, 0, 0, 2, 27.29
1619278649, 0, 0, 383, 383, 1, 0.14%, 0, 0, 2, 16.55
1619278654, 0, 0, 384, 384, 1, 0.14%, 0, 0, 2, 2.34
1619278664, 0, 0, 385, 385, 1, 0.14%, 0, 0, 2, 3.56
1619278675, 0, 0, 386, 386, 1, 0.14%, 0, 0, 2, 4.87
1619278680, 0, 0, 387, 387, 1, 0.14%, 0, 0, 2, 12.40
1619278685, 0, 0, 388, 388, 1, 0.14%, 0, 0, 2, 12.14
1619278711, 0, 0, 389, 389, 1, 0.14%, 0, 0, 2, 17.26
1619278716, 0, 0, 390, 390, 1, 0.14%, 0, 0, 2, 13.60
1619278732, 0, 0, 391, 391, 1, 0.14%, 0, 0, 2, 1.88
1619278737, 0, 0, 392, 392, 1, 0.14%, 0, 0, 2, 4.28
1619278762, 0, 0, 393, 393, 1, 0.14%, 0, 0, 2, 13.64
1619278773, 0, 0, 394, 394, 1, 0.14%, 0, 0, 2, 23.93
1619278778, 0, 0, 395, 395, 1, 0.14%, 0, 0, 2, 16.52
1619278788, 0, 0, 396, 396, 1, 0.14%, 0, 0, 2, 15.92
1619278835, 0, 0, 397, 397, 1, 0.14%, 0, 0, 2, 16.06
1619278840, 0, 0, 399, 399, 1, 0.14%, 0, 0, 2, 18.10
1619278845, 0, 0, 401, 401, 1, 0.14%, 0, 0, 2, 17.77
1619278850, 0, 0, 402, 402, 1, 0.14%, 0, 0, 2, 17.28
1619278866, 0, 0, 403, 403, 1, 0.14%, 0, 0, 2, 30.42
1619278881, 0, 0, 405, 405, 1, 0.14%, 0, 0, 2, 27.73
1619278891, 0, 0, 406, 406, 1, 0.14%, 0, 0, 2, 29.08
1619278896, 0, 0, 408, 408, 1, 0.14%, 0, 0, 2, 38.43
1619278907, 0, 0, 409, 409, 1, 0.14%, 0, 0, 2, 48.13
1619278912, 0, 0, 410, 410, 1, 0.14%, 0, 0, 2, 41.43
1619278922, 0, 0, 411, 411, 1, 0.14%, 0, 0, 2, 47.92
1619278927, 0, 0, 412, 412, 1, 0.14%, 0, 0, 2, 58.59
1619278942, 0, 0, 413, 413, 1, 0.14%, 0, 0, 2, 48.64
1619278983, 0, 0, 415, 415, 1, 0.14%, 0, 0, 2, 70.69
1619278993, 0, 0, 416, 416, 1, 0.14%, 0, 0, 2, 37.40
1619278998, 0, 0, 417, 417, 1, 0.14%, 0, 0, 2, 10.95
1619279009, 0, 0, 418, 418, 1, 0.14%, 0, 0, 2, 48.31
1619279029, 0, 0, 419, 419, 1, 0.14%, 0, 0, 2, 46.95
1619279034, 0, 0, 420, 420, 1, 0.14%, 0, 0, 2, 53.95
1619279060, 0, 0, 422, 422, 1, 0.14%, 0, 0, 2, 60.05
1619279065, 0, 0, 423, 423, 1, 0.14%, 0, 0, 2, 51.11
1619279080, 0, 0, 425, 425, 1, 0.14%, 0, 0, 2, 46.87
1619279095, 0, 0, 427, 427, 1, 0.14%, 0, 0, 2, 40.53
1619279100, 0, 0, 428, 428, 1, 0.14%, 0, 0, 2, 45.40
1619279105, 0, 0, 429, 429, 1, 0.14%, 0, 0, 2, 48.63
1619279110, 0, 0, 431, 431, 1, 0.14%, 0, 0, 2, 56.97
1619279116, 0, 1, 431, 430, 93, 0.14%, 0, 0, 2, 72.68
1619286174, 0, 20, 431, 429, 92, 0.14%, 0, 0, 2, 24.57
1619291771, 0, 20, 432, 430, 92, 0.14%, 0, 0, 3, 10.66
1619299964, 0, 20, 433, 431, 92, 0.14%, 0, 0, 3, 17.96
1619300020, 0, 21, 433, 430, 91, 0.14%, 0, 0, 3, 16.29
1619315362, 0, 21, 434, 431, 91, 0.14%, 0, 0, 3, 17.73
1619315429, 0, 21, 435, 432, 91, 0.14%, 0, 0, 3, 18.41
1619315491, 0, 21, 436, 433, 91, 0.14%, 0, 0, 3, 18.84
1619315531, 0, 21, 437, 434, 91, 0.14%, 0, 0, 3, 30.94
1619315536, 0, 21, 438, 435, 91, 0.14%, 0, 0, 3, 27.13
1619315690, 0, 21, 439, 436, 91, 0.14%, 0, 0, 3, 24.85
1619315782, 0, 21, 440, 437, 91, 0.14%, 0, 0, 3, 19.19
1619315900, 0, 21, 441, 438, 91, 0.14%, 0, 0, 3, 20.16
1619315971, 0, 21, 442, 439, 91, 0.14%, 0, 0, 3, 19.19
1619316146, 0, 21, 443, 440, 91, 0.14%, 0, 0, 3, 19.58
1619316253, 0, 22, 443, 439, 91, 0.14%, 0, 0, 3, 14.34
1619331806, 0, 25, 443, 438, 90, 0.14%, 0, 0, 3, 17.23
1619333437, 0, 25, 445, 440, 90, 0.14%, 0, 0, 3, 9.66
1619336929, 0, 25, 446, 441, 90, 0.14%, 0, 0, 3, 7.52
1619339608, 0, 25, 447, 442, 90, 0.14%, 0, 0, 3, 8.24
1619341324, 0, 25, 448, 443, 90, 0.14%, 0, 0, 3, 70.52
1619341344, 0, 26, 448, 442, 91, 0.14%, 0, 0, 3, 69.20
1619341390, 0, 26, 449, 443, 91, 0.14%, 0, 0, 3, 57.34
1619343589, 0, 26, 450, 444, 91, 0.14%, 0, 0, 3, 104.02
1619343599, 0, 30, 450, 443, 91, 0.14%, 0, 0, 3, 17.28
1619343615, 0, 30, 451, 444, 91, 0.14%, 0, 0, 3, 28.53
1619343656, 0, 30, 452, 445, 91, 0.14%, 0, 0, 3, 48.03
1619344907, 0, 30, 453, 446, 91, 0.14%, 0, 0, 3, 10.80
1619345859, 0, 30, 455, 448, 91, 0.14%, 0, 0, 3, 52.55
1619346417, 0, 30, 456, 449, 91, 0.14%, 0, 0, 3, 15.91
1619355332, 0, 30, 457, 450, 91, 0.14%, 0, 0, 3, 57.95
1619355347, 0, 58, 457, 449, 90, 0.14%, 0, 0, 3, 165.82
1619356138, 0, 62, 457, 448, 89, 0.14%, 0, 0, 3, 115.03
1619356143, 0, 62, 458, 449, 89, 0.14%, 0, 0, 3, 75.17
1619356179, 0, 62, 459, 450, 89, 0.14%, 0, 0, 3, 65.51
1619356425, 0, 62, 460, 451, 89, 0.14%, 0, 0, 3, 96.56
1619356987, 0, 62, 461, 452, 89, 0.14%, 0, 0, 3, 97.42
1619358462, 0, 62, 463, 454, 89, 0.14%, 0, 0, 3, 100.92
1619358472, 0, 62, 464, 455, 89, 0.14%, 0, 0, 3, 123.72
1619358482, 0, 62, 466, 457, 89, 0.14%, 0, 0, 3, 122.57
1619358497, 0, 62, 467, 458, 89, 0.14%, 0, 0, 3, 127.32
1619358502, 0, 62, 469, 460, 89, 0.14%, 0, 0, 3, 121.81
1619358507, 0, 62, 470, 461, 89, 0.14%, 0, 0, 3, 125.68
1619358512, 0, 62, 471, 462, 89, 0.14%, 0, 0, 3, 123.89
1619358543, 0, 62, 472, 463, 89, 0.14%, 0, 0, 3, 118.88
1619358594, 0, 64, 472, 462, 88, 0.14%, 0, 0, 3, 87.22
1619358938, 0, 64, 473, 463, 88, 0.14%, 0, 0, 3, 71.59
1619360690, 0, 64, 474, 464, 88, 0.14%, 0, 0, 3, 127.32
1619360706, 0, 65, 474, 463, 86, 0.14%, 0, 0, 3, 113.39
1619360748, 0, 65, 475, 464, 86, 0.14%, 0, 0, 3, 70.76
1619362849, 0, 65, 476, 465, 86, 0.14%, 0, 0, 3, 121.44
1619362859, 0, 68, 476, 464, 86, 0.14%, 0, 0, 3, 86.84
1619364917, 0, 72, 476, 463, 85, 0.14%, 0, 0, 3, 12.35
1619366198, 0, 72, 477, 464, 85, 0.14%, 0, 0, 3, 86.61
1619367265, 0, 72, 478, 465, 85, 0.14%, 0, 0, 3, 12.07
1619376187, 0, 75, 478, 464, 84, 0.14%, 0, 0, 3, 12.52
1619377506, 0, 75, 479, 465, 84, 0.14%, 0, 0, 3, 68.28
1619386522, 0, 75, 480, 466, 84, 0.14%, 0, 0, 3, 11.81
1619387554, 0, 85, 480, 465, 84, 0.14%, 0, 0, 3, 93.10
1619388836, 0, 86, 480, 464, 83, 0.14%, 0, 0, 3, 149.25
1619388846, 0, 86, 482, 466, 83, 0.14%, 0, 0, 3, 19.98
1619400066, 0, 102, 482, 465, 83, 0.14%, 0, 0, 3, 71.48
1619402224, 0, 102, 483, 466, 83, 0.14%, 0, 0, 3, 119.34
1619402230, 0, 103, 483, 465, 82, 0.14%, 0, 0, 3, 108.84
1619404395, 0, 104, 483, 464, 81, 0.14%, 0, 0, 3, 101.42
1619404435, 0, 104, 484, 465, 81, 0.14%, 0, 0, 3, 67.12
1619404476, 0, 104, 485, 466, 81, 0.14%, 0, 0, 3, 67.11
1619405184, 0, 104, 486, 467, 81, 0.14%, 0, 0, 3, 66.54
1619406557, 0, 105, 486, 466, 81, 0.14%, 0, 0, 3, 85.63
1619408692, 0, 106, 486, 465, 80, 0.14%, 0, 0, 3, 111.51
1619408702, 0, 106, 487, 466, 80, 0.14%, 0, 0, 3, 68.46
1619408758, 0, 106, 488, 467, 80, 0.14%, 0, 0, 3, 72.95
1619408814, 0, 106, 489, 468, 80, 0.14%, 0, 0, 3, 64.95
1619408980, 0, 106, 490, 469, 80, 0.14%, 0, 0, 3, 121.34
1619409261, 0, 106, 491, 470, 80, 0.14%, 0, 0, 3, 232.47
1619409271, 0, 106, 492, 471, 80, 0.14%, 0, 0, 3, 90.23
1619409281, 0, 106, 493, 472, 80, 0.14%, 0, 0, 3, 65.65
1619409296, 0, 106, 494, 473, 80, 0.14%, 0, 0, 3, 65.25
1619410249, 0, 106, 498, 477, 80, 0.14%, 0, 0, 3, 65.27
1619410699, 0, 106, 500, 479, 80, 0.14%, 0, 0, 3, 99.89
1619410704, 0, 106, 501, 480, 80, 0.14%, 0, 0, 3, 114.14
