# unix_time, cycles_done, cur_path, paths_total, pending_total, pending_favs, map_size, unique_crashes, unique_hangs, max_depth, execs_per_sec
1630309220, 0, 0, 1, 1, 1, 0.12%, 0, 0, 1, 5.06
1630309225, 0, 0, 8, 8, 1, 0.26%, 1, 0, 2, 98.50
1630309230, 0, 0, 10, 10, 1, 0.26%, 1, 0, 2, 86.64
1630309235, 0, 0, 12, 12, 1, 0.26%, 1, 0, 2, 72.26
1630309240, 0, 0, 15, 15, 1, 0.27%, 1, 0, 2, 75.92
1630309245, 0, 0, 16, 16, 1, 0.27%, 1, 0, 2, 73.54
1630309255, 0, 0, 17, 17, 1, 0.27%, 1, 0, 2, 73.49
1630309261, 0, 0, 18, 18, 1, 0.28%, 1, 0, 2, 81.82
1630309266, 0, 0, 19, 19, 1, 0.28%, 1, 0, 2, 75.11
1630309271, 0, 0, 20, 20, 1, 0.28%, 1, 0, 2, 70.67
1630309276, 0, 0, 21, 21, 1, 0.28%, 1, 0, 2, 69.83
1630309291, 0, 0, 22, 22, 1, 0.28%, 1, 0, 2, 70.01
1630309296, 0, 0, 24, 24, 1, 0.28%, 1, 0, 2, 69.19
1630309322, 0, 0, 27, 27, 1, 0.28%, 1, 0, 2, 76.27
1630309327, 0, 0, 28, 28, 1, 0.28%, 1, 0, 2, 80.72
1630309403, 0, 0, 29, 29, 1, 0.29%, 1, 0, 2, 117.63
1630309408, 0, 0, 32, 32, 1, 0.29%, 1, 0, 2, 86.79
1630309413, 0, 0, 35, 35, 1, 0.30%, 1, 0, 2, 90.04
1630309429, 0, 0, 36, 36, 1, 0.31%, 1, 0, 2, 97.47
1630309434, 0, 0, 37, 37, 1, 0.31%, 1, 0, 2, 85.75
1630309439, 0, 0, 38, 38, 1, 0.31%, 1, 0, 2, 72.47
1630309474, 0, 0, 39, 39, 1, 0.31%, 1, 0, 2, 68.50
1630309642, 0, 0, 40, 40, 1, 0.31%, 1, 0, 2, 72.04
1630309677, 0, 0, 41, 41, 1, 0.31%, 1, 0, 2, 74.51
1630309698, 0, 0, 42, 42, 1, 0.31%, 1, 0, 2, 70.71
1630309749, 0, 0, 43, 43, 1, 0.32%, 1, 0, 2, 69.12
1630309779, 0, 0, 46, 46, 1, 0.32%, 1, 0, 2, 70.03
1630310104, 0, 0, 47, 47, 1, 0.36%, 1, 0, 2, 94.31
1630310109, 0, 0, 48, 48, 1, 0.37%, 1, 0, 2, 99.19
1630310115, 0, 0, 49, 49, 1, 0.37%, 1, 0, 2, 97.26
1630310328, 0, 0, 50, 50, 1, 0.37%, 1, 0, 2, 68.35
1630311004, 0, 0, 51, 51, 1, 0.37%, 1, 0, 2, 69.32
1630311014, 0, 0, 52, 52, 1, 0.37%, 1, 0, 2, 68.09
1630311019, 0, 0, 53, 53, 1, 0.37%, 1, 0, 2, 70.56
1630311024, 0, 0, 54, 54, 1, 0.37%, 1, 0, 2, 69.17
1630313420, 0, 0, 55, 55, 1, 0.37%, 1, 0, 2, 90.98
1630313425, 0, 0, 57, 57, 1, 0.37%, 1, 0, 2, 95.81
1630313461, 0, 1, 57, 56, 24, 0.37%, 1, 0, 2, 101.40
1630313857, 0, 2, 57, 55, 22, 0.37%, 1, 0, 2, 99.36
1630318048, 0, 2, 58, 56, 22, 0.37%, 1, 0, 3, 94.45
1630318053, 0, 2, 59, 57, 22, 0.37%, 1, 0, 3, 99.47
1630318058, 0, 2, 60, 58, 22, 0.37%, 1, 0, 3, 96.21
1630318109, 0, 5, 60, 57, 20, 0.37%, 1, 0, 3, 76.91
1630321861, 0, 5, 61, 58, 20, 0.37%, 1, 0, 3, 92.71
1630321871, 0, 6, 61, 57, 19, 0.37%, 1, 0, 3, 79.86
1630322114, 0, 6, 62, 58, 19, 0.38%, 1, 0, 3, 68.85
1630322338, 0, 6, 63, 59, 19, 0.43%, 1, 0, 3, 71.31
1630326061, 0, 7, 63, 58, 20, 0.43%, 1, 0, 3, 80.79
1630330252, 0, 12, 63, 57, 19, 0.43%, 1, 0, 3, 91.02
1630330400, 0, 12, 64, 58, 19, 0.44%, 1, 0, 3, 69.24
1630330654, 0, 13, 64, 57, 19, 0.44%, 1, 0, 3, 93.86
1630334228, 0, 13, 65, 58, 19, 0.44%, 1, 0, 3, 70.57
1630334390, 0, 16, 65, 57, 18, 0.44%, 1, 0, 3, 106.66
1630334537, 0, 16, 66, 58, 18, 0.44%, 1, 0, 3, 72.38
1630334872, 0, 17, 66, 57, 18, 0.44%, 1, 0, 3, 82.33
1630338615, 0, 17, 67, 58, 18, 0.44%, 1, 0, 3, 77.63
1630338625, 0, 25, 67, 57, 17, 0.44%, 1, 0, 3, 93.71
1630342411, 0, 25, 68, 58, 17, 0.44%, 1, 0, 3, 79.19
1630342416, 0, 25, 69, 59, 17, 0.44%, 1, 0, 3, 100.92
1630342431, 0, 28, 69, 58, 16, 0.44%, 1, 0, 3, 95.08
1630344388, 0, 32, 69, 57, 15, 0.44%, 1, 0, 3, 95.37
1630345860, 0, 35, 69, 56, 14, 0.44%, 1, 0, 3, 103.15
1630346048, 0, 35, 70, 57, 14, 0.44%, 1, 0, 3, 98.35
1630346230, 0, 35, 71, 58, 14, 0.45%, 1, 0, 3, 69.88
1630347235, 0, 35, 72, 59, 14, 0.46%, 1, 0, 3, 96.86
1630348809, 0, 41, 72, 58, 14, 0.46%, 1, 0, 3, 91.08
1630353285, 0, 42, 72, 57, 13, 0.46%, 1, 0, 3, 94.92
1630354128, 0, 46, 72, 56, 12, 0.46%, 1, 0, 3, 96.59
1630354322, 0, 46, 73, 57, 12, 0.46%, 1, 0, 3, 83.08
1630355280, 0, 46, 74, 58, 12, 0.48%, 1, 0, 3, 77.74
1630355315, 0, 46, 80, 64, 12, 0.49%, 1, 0, 3, 80.61
1630355326, 0, 46, 81, 65, 12, 0.49%, 1, 0, 3, 83.44
1630355402, 0, 46, 82, 66, 12, 0.49%, 1, 0, 3, 79.73
1630357342, 0, 47, 82, 65, 14, 0.49%, 1, 0, 3, 98.51
1630358665, 0, 47, 83, 66, 14, 0.49%, 1, 0, 3, 96.18
1630360384, 0, 48, 83, 65, 13, 0.49%, 1, 0, 3, 99.25
1630361790, 0, 48, 84, 66, 13, 0.49%, 1, 0, 3, 95.94
1630363508, 0, 52, 84, 65, 13, 0.49%, 1, 0, 3, 96.79
1630366346, 0, 52, 85, 66, 13, 0.49%, 1, 0, 3, 68.04
1630368567, 0, 52, 86, 67, 13, 0.49%, 1, 0, 3, 82.45
1630368577, 0, 57, 86, 66, 12, 0.49%, 1, 0, 3, 84.93
1630371222, 0, 57, 87, 67, 12, 0.49%, 1, 0, 4, 90.02
1630371237, 0, 61, 87, 66, 11, 0.49%, 1, 0, 4, 84.66
1630371698, 0, 61, 88, 67, 11, 0.51%, 1, 0, 4, 71.15
1630375378, 0, 62, 88, 66, 11, 0.51%, 1, 0, 4, 94.02
1630375383, 0, 62, 89, 67, 11, 0.53%, 1, 0, 4, 72.79
1630375403, 0, 62, 90, 68, 11, 0.53%, 1, 0, 4, 65.74
1630375607, 0, 62, 96, 74, 11, 0.57%, 1, 0, 4, 75.61
1630375612, 0, 62, 97, 75, 11, 0.57%, 1, 0, 4, 77.87
1630375892, 0, 62, 98, 76, 11, 0.57%, 1, 0, 4, 70.44
1630376248, 0, 62, 99, 77, 11, 0.57%, 1, 0, 4, 65.16
1630376253, 0, 62, 100, 78, 11, 0.57%, 1, 0, 4, 62.04
1630376299, 0, 62, 102, 80, 11, 0.58%, 1, 0, 4, 63.16
1630376304, 0, 62, 103, 81, 11, 0.59%, 1, 0, 4, 61.47
1630376314, 0, 62, 104, 82, 11, 0.59%, 1, 0, 4, 59.94
1630376355, 0, 62, 105, 83, 11, 0.59%, 1, 0, 4, 61.23
1630380137, 0, 63, 105, 82, 17, 0.59%, 1, 0, 4, 94.36
1630380807, 0, 69, 105, 81, 16, 0.59%, 1, 0, 4, 100.84
1630382924, 0, 69, 106, 82, 16, 0.59%, 1, 0, 4, 99.22
1630383715, 0, 70, 106, 81, 15, 0.59%, 1, 0, 4, 89.70
1630383735, 0, 70, 107, 82, 15, 0.59%, 1, 0, 4, 74.55
1630383766, 0, 70, 108, 83, 15, 0.59%, 1, 0, 4, 78.10
1630383791, 0, 70, 109, 84, 15, 0.59%, 1, 0, 4, 75.90
1630387490, 0, 70, 111, 86, 15, 0.59%, 1, 0, 4, 73.62
1630387551, 0, 71, 111, 85, 16, 0.59%, 1, 0, 4, 88.89
1630387566, 0, 71, 112, 86, 16, 0.60%, 1, 0, 4, 80.55
1630387602, 0, 71, 113, 87, 16, 0.60%, 1, 0, 4, 78.08
1630387612, 0, 71, 114, 88, 16, 0.60%, 1, 0, 4, 77.52
1630389512, 0, 71, 115, 89, 16, 0.60%, 1, 0, 4, 81.26
1630389563, 0, 71, 116, 90, 16, 0.60%, 1, 0, 4, 74.77
1630389750, 0, 71, 117, 91, 16, 0.60%, 1, 0, 4, 79.31
1630390529, 0, 71, 119, 93, 16, 0.60%, 1, 0, 4, 77.19
1630390579, 0, 81, 119, 92, 16, 0.60%, 1, 0, 4, 96.03
1630390584, 0, 81, 120, 93, 16, 0.61%, 1, 0, 4, 82.94
1630390635, 0, 81, 121, 94, 16, 0.61%, 1, 0, 4, 81.62
1630390640, 0, 81, 123, 96, 16, 0.62%, 1, 0, 4, 84.17
1630390646, 0, 81, 126, 99, 16, 0.63%, 1, 0, 4, 83.11
1630390686, 0, 81, 128, 101, 16, 0.63%, 1, 0, 4, 82.40
1630390843, 0, 81, 129, 102, 16, 0.63%, 1, 0, 4, 79.90
1630390879, 0, 81, 130, 103, 16, 0.63%, 1, 0, 4, 82.88
1630391923, 0, 81, 131, 104, 16, 0.63%, 1, 0, 4, 82.19
1630392406, 0, 81, 134, 107, 16, 0.63%, 1, 0, 4, 79.74
1630392898, 0, 81, 135, 108, 16, 0.63%, 1, 0, 4, 79.43
1630392929, 0, 81, 136, 109, 16, 0.63%, 1, 0, 4, 78.35
1630392939, 0, 81, 137, 110, 16, 0.63%, 1, 0, 4, 79.35
1630392944, 0, 81, 138, 111, 16, 0.63%, 1, 0, 4, 78.92
1630392990, 0, 81, 139, 112, 16, 0.63%, 1, 0, 4, 78.16
1630394990, 0, 83, 139, 111, 22, 0.63%, 1, 0, 4, 101.22
