# unix_time, cycles_done, cur_path, paths_total, pending_total, pending_favs, map_size, unique_crashes, unique_hangs, max_depth, execs_per_sec
1629262819, 0, 0, 1, 1, 1, 0.07%, 0, 0, 1, 0.12
1629262861, 0, 0, 2, 2, 1, 0.07%, 1, 0, 2, 6.02
1629262866, 0, 0, 4, 4, 1, 0.07%, 2, 0, 2, 4.35
1629262871, 0, 0, 4, 4, 1, 0.07%, 3, 0, 2, 4.64
1629262882, 0, 0, 5, 5, 1, 0.07%, 8, 0, 2, 5.05
1629262887, 0, 0, 5, 5, 1, 0.07%, 10, 0, 2, 4.86
1629262892, 0, 0, 7, 7, 1, 0.07%, 10, 0, 2, 4.60
1629262897, 0, 0, 9, 9, 1, 0.07%, 10, 0, 2, 4.17
1629262902, 0, 0, 11, 11, 1, 0.07%, 10, 0, 2, 4.30
1629262907, 0, 0, 13, 13, 1, 0.07%, 10, 0, 2, 4.24
1629262912, 0, 0, 14, 14, 1, 0.07%, 10, 0, 2, 4.25
1629262917, 0, 0, 15, 15, 1, 0.07%, 10, 0, 2, 4.45
1629262923, 0, 0, 17, 17, 1, 0.07%, 10, 0, 2, 4.78
1629262928, 0, 0, 19, 19, 1, 0.07%, 10, 0, 2, 4.58
1629262933, 0, 0, 20, 20, 1, 0.07%, 10, 0, 2, 4.61
1629262938, 0, 0, 22, 22, 1, 0.07%, 10, 0, 2, 4.64
1629262943, 0, 0, 24, 24, 1, 0.08%, 10, 0, 2, 4.88
1629262948, 0, 0, 26, 26, 1, 0.08%, 10, 0, 2, 4.78
1629262954, 0, 0, 27, 27, 1, 0.08%, 10, 0, 2, 4.78
1629262959, 0, 0, 28, 28, 1, 0.08%, 10, 0, 2, 4.53
1629262964, 0, 0, 30, 30, 1, 0.08%, 10, 0, 2, 4.68
1629262969, 0, 0, 32, 32, 1, 0.08%, 10, 0, 2, 4.82
1629262974, 0, 0, 33, 33, 1, 0.08%, 10, 0, 2, 4.61
1629262979, 0, 0, 35, 35, 1, 0.08%, 10, 0, 2, 4.48
1629262984, 0, 0, 37, 37, 1, 0.08%, 10, 0, 2, 4.40
1629262989, 0, 0, 39, 39, 1, 0.08%, 10, 0, 2, 4.61
1629262995, 0, 0, 41, 41, 1, 0.08%, 10, 0, 2, 4.96
1629263000, 0, 0, 42, 42, 1, 0.08%, 10, 0, 2, 4.65
1629263005, 0, 0, 44, 44, 1, 0.08%, 10, 0, 2, 4.44
1629263010, 0, 0, 46, 46, 1, 0.08%, 10, 0, 2, 4.12
1629263015, 0, 0, 47, 47, 1, 0.08%, 10, 0, 2, 4.29
1629263020, 0, 0, 48, 48, 1, 0.08%, 10, 0, 2, 4.40
1629263025, 0, 0, 49, 49, 1, 0.08%, 10, 0, 2, 4.66
1629263030, 0, 0, 50, 50, 1, 0.08%, 10, 0, 2, 5.16
1629263041, 0, 0, 51, 51, 1, 0.08%, 10, 0, 2, 4.72
1629263051, 0, 0, 52, 52, 1, 0.08%, 10, 0, 2, 5.11
1629263072, 0, 0, 53, 53, 1, 0.08%, 10, 0, 2, 5.41
1629263124, 0, 0, 54, 54, 1, 0.08%, 10, 0, 2, 5.64
1629263154, 0, 0, 55, 55, 1, 0.08%, 10, 0, 2, 6.32
1629263160, 0, 0, 57, 57, 1, 0.08%, 10, 0, 2, 6.45
1629263165, 0, 0, 59, 59, 1, 0.08%, 10, 0, 2, 5.96
1629263170, 0, 0, 60, 60, 1, 0.08%, 10, 0, 2, 5.83
1629263175, 0, 0, 61, 61, 1, 0.08%, 10, 0, 2, 6.39
1629263191, 0, 0, 62, 62, 1, 0.08%, 10, 0, 2, 6.39
1629263196, 0, 0, 63, 63, 1, 0.08%, 10, 0, 2, 6.43
1629263216, 0, 0, 65, 65, 1, 0.08%, 10, 0, 2, 6.45
1629263263, 0, 0, 67, 67, 1, 0.08%, 10, 0, 2, 6.43
1629263268, 0, 0, 68, 68, 1, 0.08%, 10, 0, 2, 6.15
1629263274, 0, 0, 69, 69, 1, 0.08%, 10, 0, 2, 5.89
1629263284, 0, 0, 70, 70, 1, 0.08%, 10, 0, 2, 5.90
1629263294, 0, 0, 72, 72, 1, 0.08%, 10, 0, 2, 5.84
1629263305, 0, 0, 73, 73, 1, 0.08%, 10, 0, 2, 6.29
1629263310, 0, 0, 75, 75, 1, 0.08%, 10, 0, 2, 6.20
1629263351, 0, 0, 77, 77, 1, 0.08%, 10, 0, 2, 6.51
1629263356, 0, 0, 79, 79, 1, 0.08%, 10, 0, 2, 5.96
1629263387, 0, 0, 80, 80, 1, 0.08%, 10, 0, 2, 6.49
1629263392, 0, 0, 82, 82, 1, 0.08%, 10, 0, 2, 6.89
1629263408, 0, 0, 83, 83, 1, 0.08%, 10, 0, 2, 5.88
1629263418, 0, 0, 84, 84, 1, 0.08%, 10, 0, 2, 7.87
1629263433, 0, 0, 85, 85, 1, 0.08%, 10, 0, 2, 7.72
1629263438, 0, 0, 86, 86, 1, 0.08%, 10, 0, 2, 7.07
1629263444, 0, 0, 88, 88, 1, 0.08%, 10, 0, 2, 7.01
1629263449, 0, 0, 89, 89, 1, 0.08%, 10, 0, 2, 6.81
1629263454, 0, 0, 90, 90, 1, 0.08%, 10, 0, 2, 6.55
1629263459, 0, 0, 93, 93, 1, 0.08%, 10, 0, 2, 6.45
1629263578, 0, 0, 94, 94, 1, 0.08%, 10, 0, 2, 5.84
1629263583, 0, 0, 95, 95, 1, 0.08%, 10, 0, 2, 6.06
1629263594, 0, 0, 96, 96, 1, 0.08%, 10, 0, 2, 5.89
1629263635, 0, 0, 97, 97, 1, 0.08%, 10, 0, 2, 5.97
1629263697, 0, 0, 98, 98, 1, 0.08%, 10, 0, 2, 6.12
1629263743, 0, 0, 99, 99, 1, 0.08%, 10, 0, 2, 5.72
1629263805, 0, 0, 100, 100, 1, 0.08%, 10, 0, 2, 5.74
1629263836, 0, 0, 102, 102, 1, 0.08%, 10, 0, 2, 7.47
1629263847, 0, 0, 103, 103, 1, 0.08%, 10, 0, 2, 7.30
1629263852, 0, 0, 104, 104, 1, 0.08%, 10, 0, 2, 7.19
1629263862, 0, 0, 106, 106, 1, 0.08%, 10, 0, 2, 6.69
1629264235, 0, 0, 107, 107, 1, 0.08%, 10, 0, 2, 7.17
1629264255, 0, 0, 108, 108, 1, 0.08%, 10, 0, 2, 5.58
1629264266, 0, 0, 108, 108, 1, 0.08%, 11, 0, 2, 7.13
1629264271, 0, 0, 109, 109, 1, 0.08%, 11, 0, 2, 7.15
1629264302, 0, 0, 110, 110, 1, 0.08%, 11, 0, 2, 125.57
1629264312, 0, 0, 111, 111, 1, 0.08%, 11, 0, 2, 7.28
1629264358, 0, 0, 111, 111, 1, 0.08%, 12, 0, 2, 8.55
1629264394, 0, 0, 112, 112, 1, 0.08%, 12, 0, 2, 7.86
1629264435, 0, 0, 113, 113, 1, 0.08%, 12, 0, 2, 7.29
1629264440, 0, 0, 114, 114, 1, 0.08%, 12, 0, 2, 6.80
1629264445, 0, 0, 115, 115, 1, 0.08%, 12, 0, 2, 6.78
1629264522, 0, 0, 116, 116, 1, 0.08%, 12, 0, 2, 6.94
1629264533, 0, 0, 119, 119, 1, 0.08%, 12, 0, 2, 6.82
1629264569, 0, 0, 120, 120, 1, 0.08%, 12, 0, 2, 6.39
1629264755, 0, 0, 121, 121, 1, 0.08%, 12, 0, 2, 6.11
1629264808, 0, 0, 122, 122, 1, 0.08%, 12, 0, 2, 6.00
1629265516, 0, 0, 123, 123, 1, 0.08%, 12, 0, 2, 5.81
1629265522, 0, 0, 124, 124, 1, 0.08%, 12, 0, 2, 5.61
1629265785, 0, 0, 125, 125, 1, 0.08%, 12, 0, 2, 5.64
1629265821, 0, 0, 126, 126, 1, 0.08%, 12, 0, 2, 5.56
1629266028, 0, 0, 127, 127, 1, 0.08%, 12, 0, 2, 5.44
1629266204, 0, 0, 127, 127, 1, 0.08%, 13, 0, 2, 7.92
1629266209, 0, 0, 128, 128, 1, 0.08%, 14, 0, 2, 7.93
1629266214, 0, 0, 129, 129, 1, 0.08%, 14, 0, 2, 7.39
1629266358, 0, 0, 130, 130, 1, 0.08%, 14, 0, 2, 5.92
1629266363, 0, 0, 131, 131, 1, 0.08%, 14, 0, 2, 8.93
1629267196, 0, 0, 132, 132, 1, 0.08%, 14, 0, 2, 7.80
1629268308, 0, 0, 132, 132, 1, 0.08%, 15, 0, 2, 9.49
1629268328, 0, 0, 132, 132, 1, 0.08%, 16, 0, 2, 9.19
1629268600, 0, 0, 133, 133, 1, 0.08%, 16, 0, 2, 7.71
1629268605, 0, 0, 134, 134, 1, 0.08%, 16, 0, 2, 7.75
1629268611, 0, 0, 135, 135, 1, 0.08%, 16, 0, 2, 7.63
1629268631, 0, 0, 136, 136, 1, 0.08%, 16, 0, 2, 7.60
1629268636, 0, 0, 137, 137, 1, 0.08%, 16, 0, 2, 7.64
1629268657, 0, 0, 138, 138, 1, 0.08%, 16, 0, 2, 7.66
1629268667, 0, 0, 139, 139, 1, 0.08%, 16, 0, 2, 7.84
1629268708, 0, 0, 140, 140, 1, 0.08%, 16, 0, 2, 7.78
1629268734, 0, 0, 142, 142, 1, 0.08%, 16, 0, 2, 7.49
1629268744, 0, 0, 144, 144, 1, 0.08%, 16, 0, 2, 7.09
1629268749, 0, 0, 147, 147, 1, 0.08%, 16, 0, 2, 6.76
1629268765, 0, 0, 148, 148, 1, 0.08%, 16, 0, 2, 7.32
1629268770, 0, 0, 149, 149, 1, 0.08%, 16, 0, 2, 7.40
1629268780, 0, 0, 150, 150, 1, 0.08%, 16, 0, 2, 7.28
1629268785, 0, 0, 152, 152, 1, 0.08%, 16, 0, 2, 6.50
1629268790, 0, 0, 153, 153, 1, 0.08%, 16, 0, 2, 7.13
1629268816, 0, 0, 156, 156, 1, 0.08%, 16, 0, 2, 6.82
1629268847, 0, 0, 157, 157, 1, 0.08%, 16, 0, 2, 6.91
1629268878, 0, 0, 158, 158, 1, 0.08%, 16, 0, 2, 7.06
1629268903, 0, 0, 159, 159, 1, 0.08%, 16, 0, 2, 7.10
1629268935, 0, 0, 160, 160, 1, 0.08%, 16, 0, 2, 6.85
1629268991, 0, 0, 161, 161, 1, 0.08%, 16, 0, 2, 6.77
1629268996, 0, 0, 162, 162, 1, 0.08%, 16, 0, 2, 6.92
1629269022, 0, 0, 163, 163, 1, 0.08%, 16, 0, 2, 7.47
1629269161, 0, 0, 164, 164, 1, 0.08%, 16, 0, 2, 6.59
1629269573, 0, 0, 165, 165, 1, 0.08%, 16, 0, 2, 6.05
1629269697, 0, 0, 166, 166, 1, 0.08%, 16, 0, 2, 6.21
1629269934, 0, 0, 167, 167, 1, 0.08%, 16, 0, 2, 6.36
1629270170, 0, 0, 168, 168, 1, 0.08%, 16, 0, 2, 6.49
1629270259, 0, 0, 169, 169, 1, 0.08%, 16, 0, 2, 6.10
1629270357, 0, 0, 170, 170, 1, 0.08%, 16, 0, 2, 7.18
1629270367, 0, 0, 171, 171, 1, 0.08%, 16, 0, 2, 6.79
1629271010, 0, 0, 172, 172, 1, 0.08%, 16, 0, 2, 5.89
1629271346, 0, 0, 173, 173, 1, 0.08%, 16, 0, 2, 6.47
1629271403, 0, 0, 174, 174, 1, 0.08%, 16, 0, 2, 6.75
1629271675, 0, 0, 175, 175, 1, 0.09%, 16, 0, 2, 7.97
1629271758, 0, 0, 176, 176, 1, 0.09%, 16, 0, 2, 8.45
1629272319, 0, 0, 177, 177, 1, 0.09%, 16, 0, 2, 6.14
1629272654, 0, 0, 178, 178, 1, 0.09%, 16, 0, 2, 5.78
1629272674, 0, 0, 179, 179, 1, 0.09%, 16, 0, 2, 5.48
1629272680, 0, 0, 180, 180, 1, 0.09%, 16, 0, 2, 5.68
1629272716, 0, 0, 181, 181, 1, 0.09%, 16, 0, 2, 5.54
1629272763, 0, 0, 182, 182, 1, 0.09%, 16, 0, 2, 5.56
1629272830, 0, 0, 183, 183, 1, 0.09%, 16, 0, 2, 5.76
1629274054, 0, 0, 184, 184, 1, 0.09%, 16, 0, 2, 9.77
1629274586, 0, 0, 185, 185, 1, 0.09%, 16, 0, 2, 8.09
1629274591, 0, 0, 186, 186, 1, 0.09%, 16, 0, 2, 7.09
1629274606, 0, 0, 187, 187, 1, 0.09%, 16, 0, 2, 10.81
1629274632, 0, 0, 188, 188, 1, 0.09%, 16, 0, 2, 5.48
1629274694, 0, 0, 188, 188, 1, 0.09%, 17, 0, 2, 8.44
1629274796, 0, 0, 189, 189, 1, 0.09%, 17, 0, 2, 7.34
1629274801, 0, 0, 191, 191, 1, 0.09%, 17, 0, 2, 6.30
1629274807, 0, 0, 192, 192, 1, 0.09%, 17, 0, 2, 5.86
1629274812, 0, 0, 193, 193, 1, 0.09%, 17, 0, 2, 5.86
1629274817, 0, 0, 194, 194, 1, 0.09%, 17, 0, 2, 5.70
1629274822, 0, 0, 195, 195, 1, 0.09%, 17, 0, 2, 5.74
1629274827, 0, 0, 197, 197, 1, 0.09%, 17, 0, 2, 5.80
1629274832, 0, 0, 198, 198, 1, 0.09%, 17, 0, 2, 6.06
1629274838, 0, 0, 199, 199, 1, 0.09%, 17, 0, 2, 6.12
1629274848, 0, 0, 201, 201, 1, 0.09%, 17, 0, 2, 6.04
1629274853, 0, 0, 202, 202, 1, 0.09%, 17, 0, 2, 6.13
1629274858, 0, 0, 203, 203, 1, 0.09%, 17, 0, 2, 5.78
1629274863, 0, 0, 204, 204, 1, 0.09%, 17, 0, 2, 5.78
1629274868, 0, 0, 205, 205, 1, 0.09%, 17, 0, 2, 5.61
1629274873, 0, 0, 206, 206, 1, 0.10%, 17, 0, 2, 5.05
1629274889, 0, 0, 207, 207, 1, 0.10%, 17, 0, 2, 6.62
1629274899, 0, 0, 208, 208, 1, 0.10%, 17, 0, 2, 6.46
1629274904, 0, 0, 209, 209, 1, 0.10%, 17, 0, 2, 6.29
1629274909, 0, 0, 211, 211, 1, 0.10%, 17, 0, 2, 6.06
1629274914, 0, 0, 212, 212, 1, 0.10%, 17, 0, 2, 5.97
1629274950, 0, 0, 213, 213, 1, 0.10%, 17, 0, 2, 6.58
1629274956, 0, 0, 214, 214, 1, 0.10%, 17, 0, 2, 6.46
1629274961, 0, 0, 215, 215, 1, 0.10%, 17, 0, 2, 6.53
1629274971, 0, 0, 217, 217, 1, 0.10%, 17, 0, 2, 6.84
1629274977, 0, 0, 218, 218, 1, 0.10%, 17, 0, 2, 6.97
1629274992, 0, 0, 219, 219, 1, 0.10%, 17, 0, 2, 7.02
1629274997, 0, 0, 220, 220, 1, 0.10%, 17, 0, 2, 6.26
1629275002, 0, 0, 221, 221, 1, 0.10%, 17, 0, 2, 5.84
1629275017, 0, 0, 222, 222, 1, 0.10%, 17, 0, 2, 6.22
1629276248, 0, 0, 223, 223, 1, 0.10%, 17, 0, 2, 7.45
1629276253, 0, 0, 224, 224, 1, 0.10%, 17, 0, 2, 7.44
1629276259, 0, 0, 225, 225, 1, 0.10%, 17, 0, 2, 7.71
1629276274, 0, 0, 226, 226, 1, 0.10%, 17, 0, 2, 7.56
1629276284, 0, 0, 227, 227, 1, 0.10%, 17, 0, 2, 7.66
1629276305, 0, 0, 228, 228, 1, 0.10%, 17, 0, 2, 7.57
1629277087, 0, 0, 229, 229, 1, 0.10%, 17, 0, 2, 7.26
1629278246, 0, 0, 230, 230, 1, 0.10%, 17, 0, 2, 6.20
1629278252, 0, 0, 231, 231, 1, 0.10%, 17, 0, 2, 6.32
1629278257, 0, 0, 233, 233, 1, 0.10%, 17, 0, 2, 6.52
1629278267, 0, 0, 235, 235, 1, 0.10%, 17, 0, 2, 6.31
1629278283, 0, 0, 236, 236, 1, 0.10%, 17, 0, 2, 6.39
1629278288, 0, 0, 237, 237, 1, 0.10%, 17, 0, 2, 6.28
1629278293, 0, 0, 238, 238, 1, 0.10%, 17, 0, 2, 6.23
1629278303, 0, 0, 239, 239, 1, 0.10%, 17, 0, 2, 6.48
1629278314, 0, 0, 241, 241, 1, 0.10%, 17, 0, 2, 6.44
1629278319, 0, 0, 242, 242, 1, 0.10%, 17, 0, 2, 6.41
1629278324, 0, 0, 243, 243, 1, 0.10%, 17, 0, 2, 6.42
1629278329, 0, 0, 244, 244, 1, 0.10%, 17, 0, 2, 6.22
1629278339, 0, 0, 246, 246, 1, 0.10%, 17, 0, 2, 6.54
1629278355, 0, 0, 247, 247, 1, 0.10%, 17, 0, 2, 6.55
1629278360, 0, 0, 248, 248, 1, 0.10%, 17, 0, 2, 6.53
1629278365, 0, 0, 249, 249, 1, 0.10%, 17, 0, 2, 6.48
1629278376, 0, 0, 250, 250, 1, 0.10%, 17, 0, 2, 6.74
1629278386, 0, 0, 251, 251, 1, 0.10%, 17, 0, 2, 6.81
1629278401, 0, 0, 252, 252, 1, 0.10%, 17, 0, 2, 7.22
1629278412, 0, 0, 253, 253, 1, 0.10%, 17, 0, 2, 6.72
1629302308, 0, 0, 254, 254, 1, 0.10%, 17, 0, 2, 6.45
1629302427, 0, 0, 255, 255, 1, 0.10%, 17, 0, 2, 5.36
1629302468, 0, 0, 256, 256, 1, 0.10%, 17, 0, 2, 5.61
1629302474, 0, 0, 257, 257, 1, 0.10%, 17, 0, 2, 5.62
1629304405, 0, 0, 258, 258, 1, 0.10%, 17, 0, 2, 6.32
1629312255, 0, 0, 259, 259, 1, 0.10%, 17, 0, 2, 6.84
1629312522, 0, 0, 260, 260, 1, 0.10%, 17, 0, 2, 5.82
1629314629, 0, 0, 261, 261, 1, 0.10%, 18, 0, 2, 8.59
1629314634, 0, 0, 264, 264, 1, 0.10%, 18, 0, 2, 12.03
1629314639, 0, 0, 265, 265, 1, 0.10%, 19, 0, 2, 12.85
1629314644, 0, 0, 266, 266, 1, 0.10%, 19, 0, 2, 13.38
1629314649, 0, 0, 268, 268, 1, 0.10%, 19, 0, 2, 11.73
1629314654, 0, 0, 269, 269, 1, 0.10%, 19, 0, 2, 11.78
1629314664, 0, 0, 270, 270, 1, 0.10%, 19, 0, 2, 10.81
1629314675, 0, 0, 272, 272, 1, 0.10%, 19, 0, 2, 10.57
1629314685, 0, 0, 273, 273, 1, 0.10%, 19, 0, 2, 10.14
1629314711, 0, 0, 274, 274, 1, 0.10%, 19, 0, 2, 11.93
1629314716, 0, 0, 276, 276, 1, 0.10%, 19, 0, 2, 9.79
1629314742, 0, 0, 277, 277, 1, 0.10%, 19, 0, 2, 11.27
1629314767, 0, 0, 278, 278, 1, 0.10%, 19, 0, 2, 10.07
1629314772, 0, 0, 279, 279, 1, 0.10%, 19, 0, 2, 11.28
1629314777, 0, 0, 280, 280, 1, 0.10%, 19, 0, 2, 10.92
1629314788, 0, 0, 281, 281, 1, 0.10%, 19, 0, 2, 10.96
1629314829, 0, 0, 281, 281, 1, 0.10%, 20, 0, 2, 11.41
1629314844, 0, 0, 282, 282, 1, 0.10%, 20, 0, 2, 11.24
1629314885, 0, 0, 283, 283, 1, 0.10%, 20, 0, 2, 10.65
1629314895, 0, 0, 284, 284, 1, 0.10%, 20, 0, 2, 11.21
1629314916, 0, 0, 285, 285, 1, 0.10%, 20, 0, 2, 9.44
1629314931, 0, 0, 286, 286, 1, 0.10%, 20, 0, 2, 9.87
1629314957, 0, 0, 287, 287, 1, 0.10%, 20, 0, 2, 9.85
1629315019, 0, 0, 288, 288, 1, 0.10%, 20, 0, 2, 10.48
1629315050, 0, 0, 289, 289, 1, 0.10%, 20, 0, 2, 10.48
1629315152, 0, 0, 290, 290, 1, 0.10%, 20, 0, 2, 10.25
1629315178, 0, 0, 291, 291, 1, 0.10%, 20, 0, 2, 12.85
1629315193, 0, 0, 292, 292, 1, 0.10%, 20, 0, 2, 9.79
1629315219, 0, 0, 294, 294, 1, 0.10%, 20, 0, 2, 12.51
1629315270, 0, 0, 295, 295, 1, 0.10%, 20, 0, 2, 10.81
1629315352, 0, 0, 296, 296, 1, 0.10%, 20, 0, 2, 10.24
1629315414, 0, 0, 297, 297, 1, 0.10%, 20, 0, 2, 10.15
1629315435, 0, 0, 298, 298, 1, 0.10%, 20, 0, 2, 9.39
1629315445, 0, 0, 299, 299, 1, 0.10%, 20, 0, 2, 10.41
1629316010, 0, 0, 300, 300, 1, 0.10%, 20, 0, 2, 11.71
1629316093, 0, 0, 301, 301, 1, 0.10%, 20, 0, 2, 9.83
1629316113, 0, 2, 301, 300, 66, 0.10%, 20, 0, 2, 11.07
1629316470, 0, 2, 302, 301, 66, 0.10%, 20, 0, 3, 6.32
1629317240, 0, 2, 303, 302, 66, 0.10%, 20, 0, 3, 6.73
1629321680, 0, 2, 304, 303, 66, 0.10%, 20, 0, 3, 6.58
1629321711, 0, 2, 305, 304, 66, 0.10%, 20, 0, 3, 6.80
1629322006, 0, 2, 306, 305, 66, 0.10%, 20, 0, 3, 6.88
1629322433, 0, 2, 307, 306, 66, 0.10%, 20, 0, 3, 5.68
1629323946, 0, 2, 308, 307, 66, 0.10%, 20, 0, 3, 6.40
1629325508, 0, 2, 309, 308, 66, 0.10%, 20, 0, 3, 6.46
1629325606, 0, 2, 310, 309, 66, 0.10%, 20, 0, 3, 6.37
1629327151, 0, 2, 311, 310, 66, 0.10%, 20, 0, 3, 9.99
1629327368, 0, 2, 312, 311, 66, 0.10%, 20, 0, 3, 6.51
1629327373, 0, 2, 313, 312, 66, 0.10%, 20, 0, 3, 6.37
