# unix_time, cycles_done, cur_path, paths_total, pending_total, pending_favs, map_size, unique_crashes, unique_hangs, max_depth, execs_per_sec
1650899961, 0, 0, 1, 1, 1, 0.77%, 0, 0, 1, 7.68
1650899977, 0, 0, 4, 4, 1, 0.80%, 0, 0, 2, 17.86
1650899987, 0, 0, 5, 5, 1, 0.80%, 0, 0, 2, 8.68
1650900084, 0, 0, 6, 6, 1, 0.80%, 0, 0, 2, 7.72
1650900544, 0, 0, 7, 7, 1, 0.81%, 0, 0, 2, 7.61
1650900806, 0, 0, 8, 8, 1, 0.81%, 0, 0, 2, 8.43
1650900985, 0, 0, 9, 9, 1, 0.81%, 0, 0, 2, 7.82
1650901118, 0, 0, 10, 10, 1, 0.81%, 0, 0, 2, 7.74
1650901723, 0, 0, 11, 11, 1, 0.81%, 0, 0, 2, 7.79
1650901959, 0, 0, 12, 12, 1, 0.81%, 0, 0, 2, 7.69
1650902994, 0, 0, 13, 13, 1, 0.81%, 0, 0, 2, 10.76
1650905654, 0, 0, 22, 22, 1, 0.84%, 0, 0, 2, 206.49
1650905660, 0, 0, 24, 24, 1, 0.98%, 0, 0, 2, 11.36
1650905921, 0, 0, 25, 25, 1, 0.99%, 0, 0, 2, 7.91
1650905926, 0, 0, 26, 26, 1, 0.99%, 0, 0, 2, 7.89
1650908523, 0, 0, 27, 27, 1, 1.00%, 0, 0, 2, 7.94
1650909401, 0, 0, 28, 28, 1, 1.01%, 0, 0, 2, 7.69
1650910680, 0, 0, 29, 29, 1, 1.01%, 0, 0, 2, 7.92
1650912117, 0, 0, 31, 31, 1, 1.01%, 0, 0, 2, 159.62
1650912148, 0, 0, 36, 36, 1, 1.02%, 0, 0, 2, 79.33
1650912153, 0, 0, 44, 44, 1, 1.32%, 1, 0, 2, 61.58
1650912158, 0, 0, 48, 48, 1, 1.43%, 1, 0, 2, 81.73
1650912163, 0, 0, 50, 50, 1, 1.44%, 2, 0, 2, 76.39
1650912169, 0, 0, 52, 52, 1, 1.55%, 2, 0, 2, 75.60
1650912174, 0, 0, 57, 57, 1, 1.55%, 2, 0, 2, 81.82
1650912179, 0, 0, 61, 61, 1, 1.55%, 2, 0, 2, 7.17
1650912184, 0, 0, 62, 62, 1, 1.55%, 2, 0, 2, 82.72
1650912189, 0, 0, 68, 68, 1, 1.57%, 2, 0, 2, 58.09
1650912194, 0, 0, 73, 73, 1, 1.63%, 2, 0, 2, 80.26
1650912199, 0, 0, 76, 76, 1, 1.72%, 2, 0, 2, 75.28
1650912205, 0, 0, 77, 77, 1, 1.80%, 2, 0, 2, 67.35
1650912210, 0, 0, 78, 78, 1, 1.80%, 2, 0, 2, 78.06
1650912215, 0, 0, 82, 82, 1, 1.80%, 2, 0, 2, 7.91
1650916240, 0, 0, 83, 83, 1, 1.81%, 2, 0, 2, 7.90
