# unix_time, cycles_done, cur_path, paths_total, pending_total, pending_favs, map_size, unique_crashes, unique_hangs, max_depth, execs_per_sec
1619934255, 0, 0, 1, 1, 1, 1.62%, 0, 0, 1, 19.24
1619934269, 0, 0, 10, 10, 1, 2.25%, 0, 0, 2, 165.74
1619934274, 0, 0, 30, 30, 1, 2.31%, 0, 0, 2, 150.01
1619934279, 0, 0, 51, 51, 1, 2.40%, 0, 0, 2, 146.27
1619934284, 0, 0, 58, 58, 1, 2.43%, 0, 0, 2, 121.26
1619934289, 0, 0, 62, 62, 1, 2.44%, 0, 0, 2, 110.68
1619934294, 0, 0, 71, 71, 1, 2.47%, 0, 0, 2, 125.02
1619934304, 0, 0, 73, 73, 1, 2.47%, 0, 0, 2, 109.36
1619934310, 0, 0, 86, 86, 1, 2.53%, 0, 0, 2, 201.78
1619934315, 0, 0, 90, 90, 1, 2.54%, 0, 0, 2, 2.20
1619934320, 0, 0, 94, 94, 1, 2.55%, 0, 0, 2, 106.23
1619934325, 0, 0, 95, 95, 1, 2.55%, 0, 0, 2, 88.53
1619934330, 0, 0, 97, 97, 1, 2.55%, 0, 0, 2, 97.39
1619934336, 0, 0, 98, 98, 1, 2.55%, 0, 0, 2, 91.57
1619934363, 0, 0, 99, 99, 1, 2.55%, 0, 0, 2, 78.29
1619934368, 0, 0, 101, 101, 1, 2.55%, 0, 0, 2, 83.11
1619934384, 0, 0, 102, 102, 1, 2.55%, 0, 0, 2, 69.18
1619934394, 0, 0, 104, 104, 1, 2.55%, 0, 0, 2, 74.17
1619934409, 0, 0, 105, 105, 1, 2.55%, 0, 0, 2, 98.04
1619934430, 0, 0, 115, 115, 1, 2.57%, 0, 0, 2, 95.81
1619934435, 0, 0, 116, 116, 1, 2.57%, 0, 0, 2, 77.73
1619934440, 0, 0, 122, 122, 1, 2.58%, 0, 0, 2, 123.20
1619934445, 0, 0, 123, 123, 1, 2.58%, 0, 0, 2, 129.66
1619934480, 0, 0, 124, 124, 1, 2.58%, 0, 0, 2, 92.94
1619934486, 0, 0, 127, 127, 1, 2.59%, 0, 0, 2, 127.57
1619934541, 0, 0, 129, 129, 1, 2.59%, 0, 0, 2, 107.21
1619934551, 0, 0, 131, 131, 1, 2.59%, 0, 0, 2, 91.08
1619934562, 0, 0, 153, 153, 1, 2.62%, 0, 0, 2, 187.03
1619934572, 0, 0, 160, 160, 1, 2.62%, 0, 0, 2, 138.56
1619934577, 0, 0, 164, 164, 1, 2.62%, 0, 0, 2, 93.95
1619934582, 0, 0, 166, 166, 1, 2.63%, 0, 0, 2, 94.49
1619934587, 0, 0, 169, 169, 1, 2.63%, 0, 0, 2, 96.40
1619934597, 0, 0, 171, 171, 1, 2.64%, 0, 0, 2, 119.36
1619934603, 0, 0, 172, 172, 1, 2.64%, 0, 0, 2, 153.96
1619934608, 0, 0, 173, 173, 1, 2.64%, 0, 0, 2, 98.16
1619934613, 0, 0, 174, 174, 1, 2.64%, 0, 0, 2, 81.47
1619934692, 0, 0, 175, 175, 1, 2.64%, 0, 0, 2, 1.38
1619934727, 0, 0, 176, 176, 1, 2.65%, 0, 0, 2, 76.25
1619934732, 0, 0, 178, 178, 1, 2.67%, 0, 0, 2, 89.28
1619934737, 0, 0, 181, 181, 1, 2.68%, 0, 0, 2, 105.11
1619934742, 0, 0, 182, 182, 1, 2.68%, 0, 0, 2, 95.11
1619934748, 0, 0, 184, 184, 1, 2.68%, 0, 0, 2, 77.75
1619934791, 0, 0, 187, 187, 1, 2.69%, 0, 0, 2, 78.14
1619934821, 0, 0, 190, 190, 1, 2.69%, 0, 0, 2, 85.26
1619934832, 0, 0, 192, 192, 1, 2.70%, 0, 0, 2, 69.59
1619934842, 0, 0, 193, 193, 1, 2.70%, 0, 0, 2, 143.74
1619934878, 0, 0, 195, 195, 1, 2.71%, 0, 0, 2, 215.15
1619934888, 0, 0, 199, 199, 1, 2.71%, 0, 0, 2, 248.21
1619934893, 0, 0, 218, 218, 1, 2.77%, 1, 0, 2, 181.07
1619934898, 0, 0, 226, 226, 1, 2.79%, 1, 0, 2, 161.07
1619934903, 0, 0, 231, 231, 1, 2.79%, 1, 0, 2, 161.20
1619934908, 0, 0, 232, 232, 1, 2.79%, 1, 0, 2, 161.29
1619934929, 0, 0, 235, 235, 1, 2.79%, 1, 0, 2, 172.76
1619934964, 0, 0, 237, 237, 1, 2.82%, 1, 0, 2, 79.15
1619934969, 0, 0, 238, 238, 1, 2.82%, 1, 0, 2, 78.26
1619935142, 0, 0, 240, 240, 1, 2.82%, 1, 0, 2, 75.91
1619935654, 0, 0, 242, 242, 1, 2.82%, 1, 0, 2, 77.25
1619935660, 0, 0, 243, 243, 1, 2.82%, 1, 0, 2, 78.66
1619935665, 0, 0, 244, 244, 1, 2.82%, 1, 0, 2, 78.64
1619935853, 0, 0, 245, 245, 1, 2.82%, 1, 0, 2, 74.53
1619935858, 0, 0, 246, 246, 1, 2.82%, 1, 0, 2, 70.44
1619935864, 0, 0, 249, 249, 1, 2.82%, 1, 0, 2, 66.76
1619935904, 0, 0, 250, 250, 1, 2.82%, 1, 0, 2, 68.75
1619936002, 0, 0, 251, 251, 1, 2.82%, 1, 0, 2, 63.48
1619936073, 0, 0, 252, 252, 1, 2.83%, 1, 0, 2, 65.23
1619936103, 0, 0, 253, 253, 1, 2.83%, 1, 0, 2, 79.64
1619936164, 0, 0, 255, 255, 1, 2.83%, 1, 0, 2, 73.78
1619936180, 0, 0, 256, 256, 1, 2.83%, 1, 0, 2, 74.47
1619936190, 0, 0, 257, 257, 1, 2.83%, 1, 0, 2, 73.49
1619936327, 0, 0, 258, 258, 1, 2.87%, 1, 0, 2, 164.60
1619936485, 0, 0, 271, 271, 1, 2.87%, 1, 0, 2, 117.83
1619936490, 0, 0, 284, 284, 1, 2.87%, 1, 0, 2, 153.17
1619936495, 0, 0, 295, 295, 1, 2.89%, 1, 0, 2, 159.76
1619936500, 0, 0, 304, 304, 1, 2.89%, 1, 0, 2, 168.53
1619936505, 0, 0, 310, 310, 1, 2.89%, 1, 0, 2, 166.62
1619936510, 0, 0, 311, 311, 1, 2.89%, 1, 0, 2, 168.26
1619936515, 0, 0, 316, 316, 1, 2.89%, 1, 0, 2, 161.44
1619936520, 0, 0, 321, 321, 1, 2.89%, 1, 0, 2, 160.24
1619936525, 0, 0, 323, 323, 1, 2.89%, 1, 0, 2, 177.94
1619936530, 0, 0, 327, 327, 1, 2.89%, 1, 0, 2, 174.72
1619936536, 0, 0, 330, 330, 1, 2.89%, 1, 0, 2, 180.73
1619936541, 0, 0, 334, 334, 1, 2.89%, 1, 0, 2, 170.55
1619936546, 0, 0, 335, 335, 1, 2.89%, 1, 0, 2, 162.77
1619936551, 0, 0, 337, 337, 1, 2.89%, 1, 0, 2, 164.77
1619936556, 0, 0, 339, 339, 1, 2.89%, 1, 0, 2, 161.90
1619936561, 0, 0, 341, 341, 1, 2.89%, 1, 0, 2, 159.12
1619936571, 0, 0, 342, 342, 1, 2.89%, 1, 0, 2, 178.20
1619936576, 0, 0, 343, 343, 1, 2.89%, 1, 0, 2, 176.55
1619936586, 0, 0, 345, 345, 1, 2.90%, 1, 0, 2, 172.75
1619936596, 0, 0, 347, 347, 1, 2.90%, 1, 0, 2, 172.38
1619936602, 0, 0, 348, 348, 1, 2.90%, 1, 0, 2, 174.82
1619936617, 0, 0, 350, 350, 1, 2.90%, 1, 0, 2, 157.91
1619936622, 0, 0, 351, 351, 1, 2.90%, 1, 0, 2, 163.43
1619936632, 0, 0, 352, 352, 1, 2.90%, 1, 0, 2, 162.96
1619936637, 0, 0, 353, 353, 1, 2.90%, 1, 0, 2, 166.35
1619936652, 0, 0, 356, 356, 1, 2.90%, 1, 0, 2, 167.64
1619936657, 0, 0, 357, 357, 1, 2.91%, 1, 0, 2, 180.84
1619936662, 0, 0, 361, 361, 1, 2.91%, 1, 0, 2, 178.50
1619936668, 0, 0, 362, 362, 1, 2.91%, 1, 0, 2, 176.66
1619936683, 0, 1, 364, 363, 85, 2.91%, 1, 0, 2, 189.29
1619936775, 0, 3, 364, 362, 84, 2.91%, 1, 0, 2, 220.82
1619936916, 0, 3, 365, 363, 84, 2.91%, 1, 0, 3, 230.48
1619937038, 0, 3, 366, 364, 84, 2.91%, 1, 0, 3, 164.34
1619937059, 0, 3, 367, 365, 84, 2.91%, 1, 0, 3, 172.20
1619937080, 0, 3, 367, 365, 84, 2.91%, 2, 0, 3, 21.19
1619937086, 0, 3, 368, 366, 84, 2.91%, 2, 0, 3, 169.85
1619937795, 0, 11, 368, 365, 86, 2.91%, 2, 0, 3, 204.10
1619937907, 0, 11, 369, 366, 86, 2.91%, 2, 0, 3, 269.15
1619937912, 0, 12, 369, 365, 86, 2.91%, 2, 0, 3, 262.25
1619938018, 0, 12, 370, 366, 86, 2.91%, 2, 0, 3, 188.31
1619938029, 0, 13, 372, 367, 84, 2.91%, 2, 0, 3, 263.45
1619938034, 0, 13, 374, 369, 84, 2.92%, 2, 0, 3, 204.85
1619938069, 0, 13, 374, 369, 84, 2.92%, 3, 0, 3, 184.01
1619938079, 0, 13, 375, 370, 84, 2.92%, 3, 0, 3, 159.44
1619938230, 0, 16, 375, 369, 83, 2.92%, 3, 0, 3, 235.27
1619938245, 0, 16, 376, 370, 83, 2.92%, 3, 0, 3, 244.70
1619938341, 0, 23, 376, 369, 83, 2.92%, 3, 0, 3, 294.64
1619938408, 0, 23, 377, 370, 83, 2.92%, 3, 0, 3, 172.75
1619938679, 0, 31, 377, 369, 82, 2.92%, 3, 0, 3, 62.78
1619939006, 0, 31, 378, 370, 82, 2.92%, 3, 0, 3, 168.30
1619939333, 0, 31, 378, 370, 82, 2.92%, 4, 0, 3, 214.19
1619939338, 0, 31, 379, 371, 82, 2.93%, 4, 0, 3, 162.66
1619940999, 0, 31, 380, 372, 82, 2.93%, 4, 0, 3, 105.78
1619941014, 0, 31, 381, 373, 82, 2.93%, 4, 0, 3, 171.32
1619941019, 0, 31, 383, 375, 82, 2.93%, 4, 0, 3, 171.67
1619941034, 0, 31, 384, 376, 82, 2.93%, 4, 0, 3, 169.62
1619941044, 0, 31, 385, 377, 82, 2.93%, 4, 0, 3, 169.50
1619941049, 0, 31, 386, 378, 82, 2.93%, 4, 0, 3, 174.03
1619941060, 0, 31, 387, 379, 82, 2.94%, 4, 0, 3, 168.18
1619941065, 0, 31, 389, 381, 82, 2.94%, 4, 0, 3, 169.58
1619941070, 0, 31, 392, 384, 82, 2.94%, 4, 0, 3, 166.57
1619941075, 0, 31, 393, 385, 82, 2.94%, 4, 0, 3, 174.39
1619941085, 0, 31, 394, 386, 82, 2.94%, 4, 0, 3, 168.09
1619941090, 0, 31, 395, 387, 82, 2.94%, 4, 0, 3, 180.24
1619941095, 0, 31, 396, 388, 82, 2.94%, 4, 0, 3, 165.37
1619941150, 0, 31, 399, 391, 82, 2.94%, 4, 0, 3, 0.32
1619941155, 0, 31, 400, 392, 82, 2.94%, 4, 0, 3, 155.34
1619941175, 0, 31, 401, 393, 82, 2.94%, 4, 0, 3, 173.51
1619941191, 0, 37, 401, 392, 83, 2.94%, 4, 0, 3, 141.18
1619941495, 0, 37, 402, 393, 83, 3.05%, 4, 0, 3, 201.11
1619943536, 0, 37, 403, 394, 83, 3.05%, 4, 0, 3, 153.48
1619943546, 0, 37, 404, 395, 83, 3.05%, 4, 0, 3, 162.25
1619943552, 0, 37, 406, 397, 83, 3.05%, 4, 0, 3, 175.74
1619943557, 0, 37, 407, 398, 83, 3.05%, 4, 0, 3, 173.05
1619943567, 0, 37, 408, 399, 83, 3.05%, 4, 0, 3, 176.35
1619943598, 0, 37, 409, 400, 83, 3.05%, 4, 0, 3, 182.00
1619943608, 0, 37, 410, 401, 83, 3.05%, 4, 0, 3, 168.39
1619943649, 0, 37, 411, 402, 83, 3.05%, 4, 0, 3, 172.12
1619943679, 0, 41, 411, 401, 83, 3.05%, 4, 0, 3, 102.09
1619944324, 0, 41, 411, 401, 83, 3.05%, 5, 0, 3, 213.59
1619945587, 0, 41, 412, 402, 83, 3.05%, 5, 0, 3, 67.58
1619945948, 0, 42, 412, 401, 83, 3.05%, 5, 0, 3, 181.67
1619946876, 0, 46, 412, 400, 82, 3.05%, 5, 0, 3, 210.46
1619948917, 0, 51, 412, 399, 82, 3.05%, 5, 0, 3, 163.47
1619948943, 0, 51, 413, 400, 82, 3.05%, 5, 0, 3, 191.90
1619949065, 0, 51, 414, 401, 82, 3.05%, 5, 0, 3, 173.63
1619949222, 0, 51, 414, 401, 82, 3.05%, 6, 0, 3, 182.74
1619949910, 0, 53, 414, 400, 83, 3.05%, 6, 0, 3, 223.70
1619949945, 0, 53, 416, 402, 83, 3.07%, 6, 0, 3, 169.74
1619949952, 0, 53, 417, 403, 83, 3.11%, 6, 0, 3, 0.56
1619950004, 0, 53, 418, 404, 83, 3.11%, 6, 0, 3, 178.92
1619950040, 0, 60, 418, 403, 83, 3.11%, 6, 0, 3, 147.15
1619952186, 0, 62, 418, 402, 82, 3.11%, 6, 0, 3, 169.74
1619952482, 0, 62, 419, 403, 82, 3.11%, 6, 0, 3, 183.95
1619952947, 0, 62, 420, 404, 82, 3.11%, 6, 0, 3, 187.32
1619952983, 0, 62, 421, 405, 82, 3.11%, 6, 0, 3, 179.84
1619953126, 0, 62, 422, 406, 82, 3.11%, 6, 0, 3, 224.03
1619953136, 0, 62, 423, 407, 82, 3.11%, 6, 0, 3, 221.99
1619953171, 0, 62, 424, 408, 82, 3.11%, 6, 0, 3, 224.25
1619953186, 0, 62, 425, 409, 82, 3.11%, 6, 0, 3, 220.91
1619953212, 0, 62, 426, 410, 82, 3.11%, 6, 0, 3, 238.47
1619953227, 0, 64, 426, 409, 81, 3.11%, 6, 0, 3, 219.40
1619953274, 0, 64, 427, 410, 81, 3.11%, 6, 0, 3, 4.22
1619953279, 0, 64, 428, 411, 81, 3.11%, 6, 0, 3, 169.31
1619953340, 0, 66, 429, 411, 80, 3.13%, 6, 0, 3, 254.99
1619953345, 0, 66, 430, 412, 80, 3.13%, 6, 0, 3, 206.80
1619953417, 0, 66, 431, 413, 80, 3.13%, 6, 0, 3, 164.40
1619953458, 0, 71, 431, 412, 79, 3.13%, 6, 0, 3, 178.51
1619954002, 0, 71, 431, 412, 79, 3.13%, 7, 0, 3, 225.12
1619955452, 0, 72, 431, 411, 78, 3.13%, 7, 0, 3, 178.46
1619955518, 0, 72, 432, 412, 78, 3.13%, 7, 0, 3, 181.79
1619956418, 0, 72, 433, 413, 78, 3.13%, 7, 0, 3, 225.49
1619956439, 0, 77, 433, 412, 76, 3.13%, 7, 0, 3, 183.97
1619957084, 0, 77, 434, 413, 76, 3.13%, 7, 0, 3, 190.93
1619958751, 0, 77, 435, 414, 76, 3.13%, 7, 0, 3, 170.53
1619958761, 0, 77, 436, 415, 76, 3.13%, 7, 0, 3, 176.57
1619958771, 0, 77, 437, 416, 76, 3.13%, 7, 0, 3, 174.64
1619958807, 0, 77, 438, 417, 76, 3.13%, 7, 0, 3, 163.94
1619958879, 0, 77, 439, 418, 76, 3.13%, 7, 0, 3, 163.99
1619958889, 0, 81, 439, 417, 72, 3.13%, 7, 0, 3, 165.35
1619958985, 0, 81, 440, 418, 72, 3.13%, 7, 0, 3, 202.06
1619959056, 0, 81, 441, 419, 72, 3.13%, 7, 0, 3, 159.18
1619959203, 0, 81, 442, 420, 72, 3.13%, 7, 0, 3, 201.50
1619959801, 0, 81, 444, 422, 72, 3.13%, 7, 0, 3, 157.83
1619959908, 0, 82, 444, 421, 72, 3.13%, 7, 0, 3, 225.08
1619959944, 0, 82, 446, 423, 72, 3.13%, 7, 0, 3, 189.03
1619960027, 0, 83, 447, 423, 72, 3.13%, 7, 0, 3, 268.76
1619960032, 0, 83, 448, 424, 72, 3.14%, 7, 0, 3, 187.07
1619960139, 0, 86, 448, 423, 72, 3.14%, 7, 0, 3, 268.94
1619960251, 0, 87, 448, 422, 71, 3.14%, 7, 0, 3, 331.46
1619960368, 0, 90, 448, 421, 70, 3.14%, 7, 0, 3, 142.10
1619960459, 0, 90, 449, 422, 70, 3.14%, 7, 0, 3, 80.32
1619960945, 0, 90, 449, 422, 70, 3.14%, 8, 0, 3, 203.22
1619961016, 0, 90, 452, 425, 70, 3.15%, 8, 0, 3, 84.22
1619962413, 0, 92, 452, 424, 71, 3.15%, 8, 0, 3, 119.06
1619962843, 0, 92, 453, 425, 71, 3.15%, 8, 0, 3, 79.46
1619962873, 0, 92, 453, 425, 71, 3.15%, 9, 0, 3, 223.53
1619963570, 0, 92, 454, 426, 71, 3.15%, 9, 0, 3, 75.23
1619964278, 0, 96, 454, 425, 70, 3.15%, 9, 0, 3, 138.67
1619964384, 0, 96, 455, 426, 70, 3.15%, 9, 0, 3, 79.64
1619964435, 0, 96, 456, 427, 70, 3.15%, 9, 0, 3, 86.91
1619964554, 0, 96, 457, 428, 70, 3.16%, 9, 0, 3, 0.34
1619964865, 0, 96, 457, 428, 70, 3.16%, 10, 0, 3, 178.15
1619966326, 0, 96, 458, 429, 70, 3.16%, 10, 0, 3, 151.08
1619966336, 0, 105, 458, 428, 71, 3.16%, 10, 0, 3, 221.15
1619966373, 0, 105, 458, 428, 71, 3.16%, 11, 0, 3, 189.98
1619966445, 0, 106, 458, 427, 70, 3.16%, 11, 0, 3, 289.96
1619966556, 0, 110, 458, 426, 69, 3.16%, 11, 0, 3, 227.75
1619966592, 0, 110, 459, 427, 69, 3.16%, 11, 0, 3, 0.47
1619966816, 0, 110, 460, 428, 69, 3.16%, 11, 0, 3, 293.76
1619966821, 0, 120, 460, 427, 67, 3.16%, 11, 0, 3, 247.69
1619966838, 0, 120, 461, 428, 67, 3.25%, 11, 0, 3, 8.94
1619966956, 0, 121, 461, 427, 67, 3.25%, 11, 0, 3, 267.90
1619967068, 0, 122, 461, 426, 66, 3.25%, 11, 0, 3, 272.61
1619967134, 0, 122, 462, 427, 66, 3.25%, 11, 0, 3, 78.50
1619967220, 0, 122, 463, 428, 66, 3.25%, 11, 0, 3, 89.20
1619967535, 0, 122, 463, 428, 66, 3.25%, 12, 0, 3, 183.74
1619967606, 0, 122, 464, 429, 66, 3.25%, 12, 0, 3, 76.36
1619967791, 0, 122, 465, 430, 66, 3.25%, 12, 0, 3, 76.31
1619968994, 0, 127, 465, 429, 67, 3.25%, 12, 0, 3, 183.76
1619971128, 0, 134, 465, 428, 66, 3.25%, 12, 0, 3, 234.75
1619971225, 0, 144, 465, 427, 65, 3.25%, 12, 0, 3, 363.89
1619971260, 0, 144, 466, 428, 65, 3.43%, 12, 0, 3, 200.83
1619971336, 0, 150, 466, 427, 66, 3.43%, 12, 0, 3, 248.59
1619971407, 0, 150, 467, 428, 66, 3.43%, 12, 0, 3, 218.40
1619971438, 0, 150, 468, 429, 66, 3.43%, 12, 0, 3, 168.47
1619971489, 0, 150, 469, 430, 66, 3.43%, 12, 0, 3, 204.37
1619971494, 0, 150, 470, 431, 66, 3.44%, 12, 0, 3, 9.25
1619971880, 0, 150, 472, 433, 66, 3.44%, 12, 0, 3, 246.56
1619971885, 0, 150, 473, 434, 66, 3.44%, 12, 0, 3, 256.70
1619971890, 0, 150, 475, 436, 66, 3.44%, 12, 0, 3, 252.70
1619971895, 0, 150, 476, 437, 66, 3.44%, 12, 0, 3, 259.39
1619971900, 0, 150, 477, 438, 66, 3.44%, 12, 0, 3, 263.91
1619971905, 0, 150, 478, 439, 66, 3.44%, 12, 0, 3, 271.22
1619971910, 0, 150, 480, 441, 66, 3.44%, 12, 0, 3, 300.83
1619971920, 0, 150, 481, 442, 66, 3.44%, 12, 0, 3, 299.56
1619971930, 0, 150, 482, 443, 66, 3.44%, 12, 0, 3, 311.23
1619971941, 0, 164, 482, 442, 67, 3.44%, 12, 0, 3, 205.41
1619972272, 0, 164, 483, 443, 67, 3.44%, 12, 0, 3, 80.67
1619972333, 0, 164, 483, 443, 67, 3.44%, 13, 0, 3, 217.98
1619973573, 0, 176, 483, 442, 67, 3.44%, 13, 0, 3, 147.71
1619973584, 0, 176, 484, 443, 67, 3.44%, 13, 0, 3, 75.94
1619973844, 0, 176, 485, 444, 67, 3.44%, 13, 0, 3, 101.31
1619974012, 0, 176, 486, 445, 67, 3.44%, 13, 0, 3, 76.29
1619974104, 0, 176, 486, 445, 67, 3.44%, 14, 0, 3, 186.96
1619974175, 0, 176, 487, 446, 67, 3.44%, 14, 0, 3, 77.04
1619974897, 0, 176, 488, 447, 67, 3.44%, 14, 0, 3, 53.45
1619975487, 0, 178, 488, 446, 68, 3.44%, 14, 0, 3, 151.47
1619976109, 0, 178, 489, 447, 68, 3.49%, 14, 0, 3, 208.68
1619976185, 0, 178, 490, 448, 68, 3.49%, 14, 0, 3, 66.05
1619977785, 0, 188, 490, 447, 66, 3.49%, 14, 0, 3, 118.35
1619978378, 0, 188, 491, 448, 66, 3.49%, 14, 0, 3, 70.98
1619979782, 0, 188, 492, 449, 66, 3.49%, 14, 0, 3, 68.44
1619979787, 0, 188, 493, 450, 66, 3.49%, 14, 0, 3, 69.85
1619980102, 0, 188, 494, 451, 66, 3.49%, 14, 0, 3, 154.89
1619980128, 0, 190, 494, 450, 66, 3.49%, 14, 0, 3, 97.14
1619980839, 0, 190, 495, 451, 66, 3.49%, 14, 0, 3, 65.76
1619982138, 0, 190, 496, 452, 66, 3.49%, 14, 0, 3, 62.76
1619982427, 0, 191, 496, 451, 67, 3.49%, 14, 0, 3, 164.70
1619984744, 0, 191, 497, 452, 67, 3.50%, 14, 0, 3, 163.11
1619984760, 0, 194, 497, 451, 67, 3.50%, 14, 0, 3, 175.92
1619984782, 0, 194, 498, 452, 67, 3.50%, 14, 0, 3, 0.43
1619984793, 0, 194, 499, 453, 67, 3.50%, 14, 0, 3, 0.55
1619984912, 0, 220, 499, 452, 66, 3.50%, 14, 0, 3, 314.42
1619985064, 0, 220, 500, 453, 66, 3.58%, 14, 0, 3, 252.83
1619985239, 0, 220, 501, 454, 66, 3.59%, 14, 0, 3, 0.28
1619985262, 0, 220, 503, 456, 66, 3.59%, 15, 0, 3, 152.52
1619985632, 0, 220, 504, 457, 66, 3.60%, 15, 0, 3, 160.72
1619985972, 0, 220, 504, 457, 66, 3.60%, 16, 0, 3, 224.96
1619985978, 0, 220, 505, 458, 66, 3.60%, 16, 0, 3, 238.57
1619985993, 0, 235, 505, 457, 64, 3.60%, 16, 0, 3, 201.81
1619986628, 0, 235, 505, 457, 64, 3.60%, 17, 0, 3, 181.07
1619987513, 0, 235, 506, 458, 64, 3.60%, 17, 0, 3, 78.25
1619987725, 0, 235, 507, 459, 64, 3.60%, 17, 0, 3, 64.07
1619988196, 0, 235, 508, 460, 64, 3.60%, 17, 0, 3, 156.98
1619988267, 0, 235, 509, 461, 64, 3.60%, 17, 0, 3, 169.96
1619988282, 0, 251, 509, 460, 64, 3.60%, 17, 0, 3, 124.57
1619991067, 0, 251, 510, 461, 64, 3.60%, 17, 0, 3, 156.13
1619991093, 0, 252, 510, 460, 63, 3.60%, 17, 0, 3, 158.88
1619991683, 0, 252, 510, 460, 63, 3.60%, 18, 0, 3, 231.07
1619993240, 0, 252, 511, 461, 63, 3.60%, 18, 0, 3, 178.26
1619993250, 0, 252, 512, 462, 63, 3.60%, 18, 0, 3, 181.33
1619993255, 0, 252, 513, 463, 63, 3.60%, 18, 0, 3, 182.23
1619993260, 0, 252, 514, 464, 63, 3.60%, 18, 0, 3, 178.16
1619993296, 0, 252, 515, 465, 63, 3.60%, 18, 0, 3, 179.49
1619993306, 0, 252, 516, 466, 63, 3.60%, 18, 0, 3, 181.94
1619993362, 0, 252, 517, 467, 63, 3.60%, 18, 0, 3, 173.90
1619993367, 0, 252, 519, 469, 63, 3.60%, 18, 0, 3, 167.48
1619993397, 0, 252, 520, 470, 63, 3.60%, 18, 0, 3, 184.82
1619993417, 0, 257, 520, 469, 62, 3.60%, 18, 0, 3, 174.30
1619993422, 0, 257, 521, 470, 62, 3.60%, 18, 0, 3, 173.63
1619993676, 0, 257, 522, 471, 62, 3.60%, 18, 0, 3, 176.45
1619994519, 0, 290, 522, 470, 61, 3.60%, 18, 0, 3, 212.52
1619994555, 0, 290, 523, 471, 61, 3.60%, 18, 0, 3, 8.60
1619994636, 0, 290, 525, 473, 61, 3.60%, 18, 0, 3, 303.83
1619994651, 0, 292, 525, 472, 62, 3.60%, 18, 0, 3, 80.03
1619995777, 0, 292, 525, 472, 62, 3.60%, 19, 0, 3, 186.74
1619995787, 0, 292, 526, 473, 62, 3.60%, 19, 0, 3, 148.15
1619998490, 0, 299, 526, 472, 62, 3.60%, 19, 0, 3, 158.91
1619998510, 0, 299, 526, 472, 62, 3.60%, 20, 0, 3, 206.33
1619998607, 0, 309, 526, 471, 61, 3.60%, 20, 0, 3, 306.39
1619998860, 0, 311, 526, 470, 60, 3.60%, 20, 0, 3, 205.50
1619998896, 0, 311, 527, 471, 60, 3.60%, 20, 0, 3, 170.17
1619999124, 0, 311, 528, 472, 60, 3.60%, 20, 0, 3, 188.18
1619999215, 0, 311, 529, 473, 60, 3.60%, 20, 0, 3, 167.56
1619999861, 0, 311, 530, 474, 60, 3.60%, 20, 0, 3, 207.83
1619999887, 0, 321, 530, 473, 60, 3.60%, 20, 0, 3, 210.80
1620000146, 0, 330, 530, 472, 59, 3.60%, 20, 0, 3, 266.49
1620000817, 0, 330, 530, 472, 59, 3.60%, 21, 0, 3, 192.04
1620000893, 0, 330, 531, 473, 59, 3.60%, 21, 0, 3, 67.20
1620002521, 0, 338, 531, 472, 58, 3.60%, 21, 0, 3, 178.05
1620003191, 0, 344, 531, 471, 57, 3.60%, 21, 0, 3, 200.75
1620003206, 0, 344, 535, 475, 57, 3.60%, 21, 0, 3, 70.80
1620003415, 0, 344, 536, 476, 57, 3.61%, 21, 0, 3, 69.15
1620006009, 0, 344, 537, 477, 57, 3.61%, 21, 0, 3, 171.57
1620006029, 0, 344, 538, 478, 57, 3.61%, 21, 0, 3, 175.91
1620006054, 0, 344, 539, 479, 57, 3.61%, 21, 0, 3, 155.82
1620006141, 0, 344, 540, 480, 57, 3.61%, 21, 0, 3, 149.71
1620006156, 0, 360, 540, 479, 58, 3.61%, 21, 0, 3, 173.83
1620007237, 0, 360, 542, 481, 58, 3.61%, 21, 0, 3, 222.25
1620007253, 0, 360, 543, 482, 58, 3.61%, 21, 0, 3, 225.37
1620007263, 0, 360, 545, 484, 58, 3.61%, 21, 0, 3, 221.42
1620007278, 0, 360, 546, 485, 58, 3.61%, 21, 0, 3, 234.25
1620007298, 0, 360, 547, 486, 58, 3.61%, 21, 0, 3, 238.54
1620007339, 0, 366, 547, 485, 57, 3.61%, 21, 0, 3, 222.72
1620008171, 0, 367, 547, 484, 56, 3.61%, 21, 0, 3, 177.78
1620008492, 0, 367, 548, 485, 56, 3.61%, 21, 0, 4, 11.52
1620008517, 0, 367, 549, 486, 56, 3.61%, 21, 0, 4, 165.26
1620009237, 0, 369, 549, 485, 55, 3.61%, 21, 0, 4, 203.40
1620009326, 0, 369, 550, 486, 55, 3.61%, 21, 0, 4, 167.62
1620009600, 0, 370, 550, 485, 54, 3.61%, 21, 0, 4, 255.38
1620009717, 0, 371, 551, 485, 53, 3.61%, 21, 0, 4, 227.18
1620009753, 0, 371, 551, 485, 53, 3.61%, 22, 0, 4, 205.37
1620009862, 0, 373, 551, 484, 53, 3.61%, 22, 0, 4, 328.45
1620009867, 0, 373, 552, 485, 53, 3.61%, 22, 0, 4, 228.08
1620009981, 0, 378, 552, 484, 53, 3.61%, 22, 0, 4, 12.93
1620010029, 0, 378, 553, 485, 53, 3.61%, 22, 0, 4, 1.55
1620010084, 0, 378, 554, 486, 53, 3.61%, 22, 0, 4, 0.36
1620010103, 0, 378, 555, 487, 53, 3.62%, 22, 0, 4, 0.44
1620010452, 0, 378, 556, 488, 53, 3.62%, 22, 0, 4, 0.78
1620010550, 0, 378, 557, 489, 53, 3.62%, 22, 0, 4, 73.99
1620010599, 0, 378, 558, 490, 53, 3.62%, 22, 0, 4, 0.82
1620010625, 0, 378, 559, 491, 53, 3.62%, 22, 0, 4, 7.30
1620011305, 0, 378, 560, 492, 53, 3.62%, 22, 0, 4, 0.37
1620012030, 0, 378, 561, 493, 53, 3.62%, 22, 0, 4, 0.36
1620012048, 0, 378, 562, 494, 53, 3.62%, 22, 0, 4, 0.58
1620012066, 0, 378, 563, 495, 53, 3.62%, 22, 0, 4, 0.91
1620012153, 0, 378, 564, 496, 53, 3.62%, 22, 0, 4, 71.26
1620012827, 0, 378, 565, 497, 53, 3.62%, 22, 0, 4, 0.47
1620013672, 0, 378, 566, 498, 53, 3.62%, 22, 0, 4, 105.17
1620013804, 0, 378, 567, 499, 53, 3.62%, 22, 0, 4, 0.33
1620013926, 0, 378, 568, 500, 53, 3.63%, 22, 0, 4, 0.90
1620014081, 0, 378, 569, 501, 53, 3.63%, 22, 0, 4, 0.66
1620014378, 0, 378, 570, 502, 53, 3.63%, 22, 0, 4, 0.23
1620014629, 0, 378, 571, 503, 53, 3.63%, 22, 0, 4, 0.64
1620015846, 0, 378, 572, 504, 53, 3.63%, 22, 0, 4, 0.98
1620015919, 0, 378, 574, 506, 53, 3.65%, 22, 0, 4, 97.10
1620015924, 0, 378, 590, 522, 53, 3.65%, 22, 0, 4, 122.02
1620016285, 0, 378, 591, 523, 53, 3.68%, 22, 0, 4, 171.64
1620016523, 0, 378, 592, 524, 53, 3.68%, 22, 0, 4, 0.98
1620017377, 0, 378, 593, 525, 53, 3.68%, 22, 0, 4, 1.50
1620017474, 0, 378, 594, 526, 53, 3.68%, 22, 0, 4, 1.90
