# unix_time, cycles_done, cur_path, paths_total, pending_total, pending_favs, map_size, unique_crashes, unique_hangs, max_depth, execs_per_sec
1630309228, 0, 0, 1, 1, 1, 0.12%, 0, 0, 1, 3.68
1630309233, 0, 0, 8, 8, 1, 0.26%, 1, 0, 2, 75.67
1630309238, 0, 0, 10, 10, 1, 0.26%, 1, 0, 2, 70.65
1630309243, 0, 0, 11, 11, 1, 0.26%, 1, 0, 2, 71.85
1630309248, 0, 0, 13, 13, 1, 0.27%, 1, 0, 2, 72.57
1630309253, 0, 0, 15, 15, 1, 0.27%, 1, 0, 2, 73.60
1630309258, 0, 0, 16, 16, 1, 0.27%, 1, 0, 2, 72.79
1630309269, 0, 0, 17, 17, 1, 0.27%, 1, 0, 2, 87.48
1630309274, 0, 0, 18, 18, 1, 0.28%, 1, 0, 2, 77.65
1630309279, 0, 0, 19, 19, 1, 0.28%, 1, 0, 2, 70.97
1630309284, 0, 0, 21, 21, 1, 0.28%, 1, 0, 2, 70.42
1630309304, 0, 0, 23, 23, 1, 0.28%, 1, 0, 2, 68.53
1630309309, 0, 0, 24, 24, 1, 0.28%, 1, 0, 2, 72.43
1630309334, 0, 0, 28, 28, 1, 0.28%, 1, 0, 2, 69.40
1630309416, 0, 0, 32, 32, 1, 0.30%, 1, 0, 2, 94.41
1630309421, 0, 0, 36, 36, 1, 0.30%, 1, 0, 2, 81.59
1630309426, 0, 0, 37, 37, 1, 0.30%, 1, 0, 2, 91.48
1630309446, 0, 0, 39, 39, 1, 0.30%, 1, 0, 2, 80.42
1630309497, 0, 0, 40, 40, 1, 0.30%, 1, 0, 2, 72.12
1630309563, 0, 0, 41, 41, 1, 0.31%, 1, 0, 2, 69.24
1630309690, 0, 0, 42, 42, 1, 0.31%, 1, 0, 2, 71.61
1630309716, 0, 0, 43, 43, 1, 0.31%, 1, 0, 2, 69.09
1630309766, 0, 0, 44, 44, 1, 0.32%, 1, 0, 2, 69.74
1630309792, 0, 0, 45, 45, 1, 0.32%, 1, 0, 2, 69.33
1630309797, 0, 0, 46, 46, 1, 0.32%, 1, 0, 2, 68.67
1630310112, 0, 0, 47, 47, 1, 0.36%, 1, 0, 2, 94.50
1630310122, 0, 0, 50, 50, 1, 0.37%, 1, 0, 2, 98.35
1630310340, 0, 0, 51, 51, 1, 0.37%, 1, 0, 2, 71.05
1630311004, 0, 0, 52, 52, 1, 0.37%, 1, 0, 2, 68.44
1630311014, 0, 0, 53, 53, 1, 0.37%, 1, 0, 2, 68.78
1630311024, 0, 0, 54, 54, 1, 0.37%, 1, 0, 2, 69.50
1630311030, 0, 0, 55, 55, 1, 0.37%, 1, 0, 2, 71.03
1630313392, 0, 0, 56, 56, 1, 0.37%, 1, 0, 2, 92.72
1630313397, 0, 0, 57, 57, 1, 0.37%, 1, 0, 2, 98.64
1630313413, 0, 5, 57, 56, 22, 0.37%, 1, 0, 2, 77.71
1630317149, 0, 5, 58, 57, 22, 0.37%, 1, 0, 3, 92.98
1630317159, 0, 6, 58, 56, 21, 0.37%, 1, 0, 3, 80.39
1630317404, 0, 6, 59, 57, 21, 0.38%, 1, 0, 3, 71.50
1630317623, 0, 6, 60, 58, 21, 0.43%, 1, 0, 3, 68.89
1630321342, 0, 6, 61, 59, 21, 0.43%, 1, 0, 3, 96.02
1630321347, 0, 12, 61, 58, 22, 0.43%, 1, 0, 3, 98.43
1630321495, 0, 12, 62, 59, 22, 0.44%, 1, 0, 3, 72.07
1630321744, 0, 13, 62, 58, 21, 0.44%, 1, 0, 3, 98.30
1630325275, 0, 13, 63, 59, 21, 0.44%, 1, 0, 3, 70.52
1630325432, 0, 15, 63, 58, 20, 0.44%, 1, 0, 3, 91.13
1630329519, 0, 19, 63, 57, 19, 0.44%, 1, 0, 3, 87.90
1630331008, 0, 19, 64, 58, 19, 0.44%, 1, 0, 3, 71.35
1630331130, 0, 19, 65, 59, 19, 0.44%, 1, 0, 3, 97.10
1630331135, 0, 19, 66, 60, 19, 0.44%, 1, 0, 3, 110.25
1630331140, 0, 19, 67, 61, 19, 0.44%, 1, 0, 3, 114.98
1630331165, 0, 27, 67, 60, 18, 0.44%, 1, 0, 3, 90.55
1630335083, 0, 28, 67, 59, 17, 0.44%, 1, 0, 3, 79.95
1630338345, 0, 31, 67, 58, 16, 0.44%, 1, 0, 3, 80.80
1630338762, 0, 31, 68, 59, 16, 0.46%, 1, 0, 3, 73.40
1630340322, 0, 36, 68, 58, 16, 0.46%, 1, 0, 3, 100.65
1630341794, 0, 39, 68, 57, 15, 0.46%, 1, 0, 3, 84.57
1630342667, 0, 39, 69, 58, 15, 0.46%, 1, 0, 3, 97.12
1630343566, 0, 39, 70, 59, 15, 0.46%, 1, 0, 3, 71.69
1630345939, 0, 39, 71, 60, 15, 0.46%, 1, 0, 3, 97.83
1630345944, 0, 40, 71, 59, 14, 0.46%, 1, 0, 3, 76.18
1630345985, 0, 40, 72, 60, 14, 0.46%, 1, 0, 3, 70.09
1630350208, 0, 40, 73, 61, 14, 0.46%, 1, 0, 3, 91.35
1630350213, 0, 40, 74, 62, 14, 0.46%, 1, 0, 3, 96.08
1630350223, 0, 42, 74, 61, 14, 0.46%, 1, 0, 3, 92.89
1630354678, 0, 42, 75, 62, 14, 0.46%, 1, 0, 3, 87.44
1630354693, 0, 43, 75, 61, 13, 0.46%, 1, 0, 3, 93.07
1630355530, 0, 46, 75, 60, 12, 0.46%, 1, 0, 3, 94.33
1630355713, 0, 46, 76, 61, 12, 0.49%, 1, 0, 3, 92.22
1630355718, 0, 46, 77, 62, 12, 0.49%, 1, 0, 3, 84.62
1630356677, 0, 46, 78, 63, 12, 0.49%, 1, 0, 3, 78.48
1630356713, 0, 46, 83, 68, 12, 0.49%, 1, 0, 3, 79.08
1630356723, 0, 46, 84, 69, 12, 0.49%, 1, 0, 3, 77.91
1630356804, 0, 46, 85, 70, 12, 0.49%, 1, 0, 3, 78.59
1630358734, 0, 47, 85, 69, 13, 0.49%, 1, 0, 3, 97.17
1630361771, 0, 48, 85, 68, 12, 0.49%, 1, 0, 3, 99.45
1630361954, 0, 48, 86, 69, 12, 0.49%, 1, 0, 3, 97.60
1630364689, 0, 49, 86, 68, 11, 0.49%, 1, 0, 3, 99.43
1630366098, 0, 49, 87, 69, 11, 0.49%, 1, 0, 3, 96.00
1630367823, 0, 58, 87, 68, 10, 0.49%, 1, 0, 3, 79.60
1630368276, 0, 58, 88, 69, 10, 0.51%, 1, 0, 4, 74.74
1630371937, 0, 59, 88, 68, 10, 0.51%, 1, 0, 4, 80.54
1630371957, 0, 59, 89, 69, 10, 0.52%, 1, 0, 4, 70.78
1630372161, 0, 59, 90, 70, 10, 0.54%, 1, 0, 4, 79.74
1630372166, 0, 59, 96, 76, 10, 0.55%, 1, 0, 4, 74.10
1630372445, 0, 59, 97, 77, 10, 0.55%, 1, 0, 4, 74.08
1630372800, 0, 59, 98, 78, 10, 0.55%, 1, 0, 4, 63.30
1630372805, 0, 59, 99, 79, 10, 0.55%, 1, 0, 4, 65.14
1630372825, 0, 59, 100, 80, 10, 0.56%, 1, 0, 4, 63.65
1630372851, 0, 59, 103, 83, 10, 0.57%, 1, 0, 4, 61.51
1630372861, 0, 59, 104, 84, 10, 0.57%, 1, 0, 4, 62.72
1630372907, 0, 59, 105, 85, 10, 0.57%, 1, 0, 4, 57.58
1630376640, 0, 59, 106, 86, 10, 0.57%, 1, 0, 4, 80.51
1630376655, 0, 61, 106, 85, 16, 0.57%, 1, 0, 4, 97.05
1630377325, 0, 65, 106, 84, 15, 0.57%, 1, 0, 4, 87.73
1630379140, 0, 65, 107, 85, 15, 0.57%, 1, 0, 4, 98.03
1630379145, 0, 65, 108, 86, 15, 0.57%, 1, 0, 4, 105.41
1630379155, 0, 67, 108, 85, 14, 0.57%, 1, 0, 4, 113.23
1630381014, 0, 71, 108, 84, 13, 0.57%, 1, 0, 4, 85.06
1630384773, 0, 75, 108, 83, 12, 0.57%, 1, 0, 4, 87.62
1630384778, 0, 75, 110, 85, 12, 0.57%, 1, 0, 4, 86.41
1630384783, 0, 75, 111, 86, 12, 0.59%, 1, 0, 4, 81.67
1630384819, 0, 75, 113, 88, 12, 0.59%, 1, 0, 4, 82.63
1630384824, 0, 75, 115, 90, 12, 0.60%, 1, 0, 4, 84.03
1630384829, 0, 75, 117, 92, 12, 0.60%, 1, 0, 4, 82.31
1630384849, 0, 75, 118, 93, 12, 0.60%, 1, 0, 4, 91.01
1630384971, 0, 75, 119, 94, 12, 0.60%, 1, 0, 4, 83.24
1630385002, 0, 75, 120, 95, 12, 0.60%, 1, 0, 4, 81.37
1630386201, 0, 75, 121, 96, 12, 0.60%, 1, 0, 4, 79.31
1630386324, 0, 75, 123, 98, 12, 0.60%, 1, 0, 4, 79.20
1630386899, 0, 75, 124, 99, 12, 0.60%, 1, 0, 4, 81.92
1630386929, 0, 75, 126, 101, 12, 0.60%, 1, 0, 4, 82.29
1630386940, 0, 75, 129, 104, 12, 0.60%, 1, 0, 4, 79.94
1630387072, 0, 75, 130, 105, 12, 0.60%, 1, 0, 4, 72.95
1630387915, 0, 76, 130, 104, 20, 0.60%, 1, 0, 4, 88.60
1630389967, 0, 76, 131, 105, 20, 0.60%, 1, 0, 4, 80.92
1630390759, 0, 85, 131, 104, 18, 0.60%, 1, 0, 4, 98.24
1630392838, 0, 85, 132, 105, 18, 0.60%, 1, 0, 4, 97.81
1630393483, 0, 87, 132, 104, 17, 0.60%, 1, 0, 4, 102.61
1630393707, 0, 87, 133, 105, 17, 0.60%, 1, 0, 5, 80.87
