# unix_time, cycles_done, cur_path, paths_total, pending_total, pending_favs, map_size, unique_crashes, unique_hangs, max_depth, execs_per_sec
1629439988, 0, 0, 1, 1, 1, 0.81%, 0, 0, 1, 0.17
1629439998, 0, 0, 4, 4, 1, 0.84%, 0, 0, 2, 23.69
1629440008, 0, 0, 5, 5, 1, 0.84%, 0, 0, 2, 7.95
1629440050, 0, 0, 6, 6, 1, 0.84%, 0, 0, 2, 5.80
1629440055, 0, 0, 7, 7, 1, 0.84%, 0, 0, 2, 5.67
1629440096, 0, 0, 8, 8, 1, 0.84%, 0, 0, 2, 5.72
1629440117, 0, 0, 9, 9, 1, 0.85%, 0, 0, 2, 10.08
1629440168, 0, 0, 10, 10, 1, 0.85%, 0, 0, 2, 6.85
1629440230, 0, 0, 11, 11, 1, 0.85%, 0, 0, 2, 5.75
1629440262, 0, 0, 12, 12, 1, 0.85%, 0, 0, 2, 5.68
1629440303, 0, 0, 13, 13, 1, 0.85%, 0, 0, 2, 5.73
1629440350, 0, 0, 14, 14, 1, 0.85%, 0, 0, 2, 5.78
1629440391, 0, 0, 15, 15, 1, 0.85%, 0, 0, 2, 5.83
1629440722, 0, 0, 16, 16, 1, 0.85%, 0, 0, 2, 7.95
1629441219, 0, 0, 19, 19, 1, 0.88%, 0, 0, 2, 35.81
1629441224, 0, 0, 28, 28, 1, 0.89%, 0, 0, 2, 47.20
1629442716, 0, 0, 29, 29, 1, 0.89%, 0, 0, 2, 0.00
1629442793, 0, 0, 31, 31, 1, 0.89%, 0, 0, 2, 7.18
1629442798, 0, 0, 32, 32, 1, 0.89%, 0, 0, 2, 86.41
1629442833, 0, 0, 35, 35, 1, 0.89%, 0, 0, 2, 19.22
1629442840, 0, 0, 36, 36, 1, 0.90%, 0, 0, 2, 0.32
1629442859, 0, 0, 37, 37, 1, 0.90%, 0, 0, 2, 1.58
1629442871, 0, 0, 38, 38, 1, 0.90%, 0, 0, 2, 39.67
1629442879, 0, 0, 40, 40, 1, 0.95%, 0, 0, 2, 1.06
1629442907, 0, 0, 41, 41, 1, 0.95%, 0, 0, 2, 1.94
1629442923, 0, 0, 42, 42, 1, 0.98%, 0, 0, 2, 1.01
1629443100, 0, 0, 42, 42, 1, 0.98%, 1, 0, 2, 0.01
1629443107, 0, 0, 43, 43, 1, 0.98%, 2, 0, 2, 1.05
1629443243, 0, 0, 46, 46, 1, 1.28%, 2, 0, 2, 0.01
