# unix_time, cycles_done, cur_path, paths_total, pending_total, pending_favs, map_size, unique_crashes, unique_hangs, max_depth, execs_per_sec
1619265970, 0, 0, 1, 1, 1, 0.08%, 0, 0, 1, 0.16
1619265981, 0, 0, 7, 7, 1, 0.10%, 0, 0, 2, 58.75
1619265986, 0, 0, 9, 9, 1, 0.10%, 0, 0, 2, 6.49
1619265991, 0, 0, 10, 10, 1, 0.10%, 0, 0, 2, 6.23
1619266001, 0, 0, 11, 11, 1, 0.10%, 0, 0, 2, 5.92
1619266006, 0, 0, 13, 13, 1, 0.10%, 0, 0, 2, 9.63
1619266012, 0, 0, 22, 22, 1, 0.11%, 0, 0, 2, 27.43
1619266017, 0, 0, 31, 31, 1, 0.11%, 0, 0, 2, 5.59
1619266022, 0, 0, 35, 35, 1, 0.11%, 0, 0, 2, 4.81
1619266027, 0, 0, 36, 36, 1, 0.11%, 0, 0, 2, 5.48
1619266042, 0, 0, 37, 37, 1, 0.11%, 0, 0, 2, 5.33
1619266047, 0, 0, 38, 38, 1, 0.11%, 0, 0, 2, 5.28
1619266053, 0, 0, 40, 40, 1, 0.11%, 0, 0, 2, 6.93
1619266104, 0, 0, 41, 41, 1, 0.11%, 0, 0, 2, 5.71
1619266114, 0, 0, 42, 42, 1, 0.11%, 0, 0, 2, 5.93
1619266119, 0, 0, 45, 45, 1, 0.11%, 0, 0, 2, 6.62
1619266124, 0, 0, 46, 46, 1, 0.11%, 0, 0, 2, 6.62
1619266129, 0, 0, 47, 47, 1, 0.11%, 0, 0, 2, 7.12
1619266140, 0, 0, 49, 49, 1, 0.11%, 0, 0, 2, 7.26
1619266155, 0, 0, 50, 50, 1, 0.11%, 0, 0, 2, 7.40
1619266161, 0, 0, 51, 51, 1, 0.11%, 0, 0, 2, 7.42
1619266166, 0, 0, 53, 53, 1, 0.11%, 0, 0, 2, 7.38
1619266176, 0, 0, 55, 55, 1, 0.11%, 0, 0, 2, 7.34
1619266181, 0, 0, 56, 56, 1, 0.11%, 0, 0, 2, 7.38
1619266191, 0, 0, 57, 57, 1, 0.11%, 0, 0, 2, 7.36
1619266197, 0, 0, 59, 59, 1, 0.11%, 0, 0, 2, 13.27
1619266202, 0, 0, 60, 60, 1, 0.11%, 0, 0, 2, 9.34
1619266207, 0, 0, 61, 61, 1, 0.11%, 0, 0, 2, 9.19
1619266217, 0, 0, 63, 63, 1, 0.11%, 0, 0, 2, 18.20
1619266285, 0, 0, 64, 64, 1, 0.11%, 0, 0, 2, 7.36
1619266342, 0, 0, 65, 65, 1, 0.11%, 0, 0, 2, 22.47
1619266357, 0, 0, 67, 67, 1, 0.11%, 0, 0, 2, 60.67
1619266362, 0, 0, 71, 71, 1, 0.11%, 0, 0, 2, 7.40
1619266424, 0, 0, 72, 72, 1, 0.11%, 0, 0, 2, 7.37
1619266440, 0, 0, 73, 73, 1, 0.11%, 0, 0, 2, 7.38
1619266476, 0, 0, 74, 74, 1, 0.11%, 0, 0, 2, 7.36
1619266481, 0, 0, 75, 75, 1, 0.11%, 0, 0, 2, 7.32
1619266486, 0, 0, 76, 76, 1, 0.11%, 0, 0, 2, 7.30
1619266492, 0, 0, 78, 78, 1, 0.11%, 0, 0, 2, 7.35
1619266512, 0, 0, 80, 80, 1, 0.11%, 0, 0, 2, 7.79
1619266517, 0, 0, 81, 81, 1, 0.11%, 0, 0, 2, 7.31
1619266533, 0, 0, 84, 84, 1, 0.11%, 0, 0, 2, 8.20
1619266553, 0, 0, 88, 88, 1, 0.11%, 0, 0, 2, 50.93
1619266558, 0, 0, 90, 90, 1, 0.11%, 0, 0, 2, 7.76
1619266569, 0, 0, 91, 91, 1, 0.11%, 0, 0, 2, 7.85
1619266584, 0, 0, 92, 92, 1, 0.11%, 0, 0, 2, 7.80
1619266615, 0, 0, 93, 93, 1, 0.11%, 0, 0, 2, 7.82
1619266645, 0, 0, 94, 94, 1, 0.11%, 0, 0, 2, 7.97
1619266655, 0, 0, 97, 97, 1, 0.11%, 0, 0, 2, 38.57
1619266665, 0, 0, 99, 99, 1, 0.11%, 0, 0, 2, 42.65
1619266671, 0, 0, 102, 102, 1, 0.11%, 0, 0, 2, 46.61
1619266676, 0, 0, 107, 107, 1, 0.11%, 0, 0, 2, 45.41
1619266681, 0, 0, 110, 110, 1, 0.11%, 0, 0, 2, 7.24
1619266686, 0, 0, 111, 111, 1, 0.11%, 0, 0, 2, 7.31
1619266733, 0, 0, 112, 112, 1, 0.11%, 0, 0, 2, 7.28
1619266738, 0, 0, 113, 113, 1, 0.11%, 0, 0, 2, 7.31
1619266743, 0, 0, 114, 114, 1, 0.11%, 0, 0, 2, 7.27
1619266816, 0, 0, 115, 115, 1, 0.11%, 0, 0, 2, 7.36
1619266888, 0, 0, 116, 116, 1, 0.11%, 0, 0, 2, 7.36
1619267126, 0, 0, 117, 117, 1, 0.11%, 0, 0, 2, 8.46
1619267147, 0, 0, 118, 118, 1, 0.11%, 0, 0, 2, 7.58
1619267173, 0, 0, 119, 119, 1, 0.11%, 0, 0, 2, 7.33
1619267178, 0, 0, 120, 120, 1, 0.11%, 0, 0, 2, 7.28
1619267240, 0, 0, 121, 121, 1, 0.11%, 0, 0, 2, 7.24
1619267261, 0, 0, 122, 122, 1, 0.11%, 0, 0, 2, 7.36
1619267266, 0, 0, 123, 123, 1, 0.11%, 0, 0, 2, 7.32
1619267390, 0, 0, 124, 124, 1, 0.11%, 0, 0, 2, 7.29
1619267479, 0, 0, 125, 125, 1, 0.11%, 0, 0, 2, 7.34
1619267562, 0, 0, 126, 126, 1, 0.11%, 0, 0, 2, 7.24
1619267572, 0, 0, 127, 127, 1, 0.11%, 0, 0, 2, 7.26
1619267624, 0, 0, 135, 135, 1, 0.11%, 0, 0, 2, 27.64
1619267634, 0, 0, 139, 139, 1, 0.11%, 0, 0, 2, 21.04
1619267710, 0, 0, 140, 140, 1, 0.11%, 0, 0, 2, 22.69
1619267878, 0, 0, 141, 141, 1, 0.11%, 0, 0, 2, 25.65
1619267899, 0, 0, 142, 142, 1, 0.11%, 0, 0, 2, 53.58
1619268093, 0, 0, 146, 146, 1, 0.11%, 0, 0, 2, 53.31
1619268098, 0, 0, 154, 154, 1, 0.11%, 0, 0, 2, 55.09
1619268103, 0, 0, 161, 161, 1, 0.11%, 0, 0, 2, 51.82
1619268108, 0, 0, 165, 165, 1, 0.11%, 0, 0, 2, 11.75
1619268118, 0, 0, 167, 167, 1, 0.11%, 0, 0, 2, 22.45
1619268129, 0, 0, 170, 170, 1, 0.11%, 0, 0, 2, 28.90
1619268139, 0, 0, 172, 172, 1, 0.11%, 0, 0, 2, 29.01
1619268149, 0, 0, 174, 174, 1, 0.11%, 0, 0, 2, 9.50
1619268160, 0, 0, 176, 176, 1, 0.11%, 0, 0, 2, 20.57
1619268170, 0, 0, 177, 177, 1, 0.11%, 0, 0, 2, 21.01
1619268190, 0, 0, 179, 179, 1, 0.11%, 0, 0, 2, 39.82
1619268215, 0, 0, 180, 180, 1, 0.11%, 0, 0, 2, 64.19
1619268246, 0, 0, 181, 181, 1, 0.11%, 0, 0, 2, 45.57
1619268251, 0, 0, 182, 182, 1, 0.11%, 0, 0, 2, 44.92
1619268256, 0, 0, 183, 183, 1, 0.11%, 0, 0, 2, 45.57
1619268266, 0, 0, 184, 184, 1, 0.11%, 0, 0, 2, 7.10
1619268276, 0, 0, 185, 185, 1, 0.11%, 0, 0, 2, 7.23
1619268282, 0, 0, 187, 187, 1, 0.12%, 0, 0, 2, 7.96
1619268287, 0, 0, 188, 188, 1, 0.12%, 0, 0, 2, 7.49
1619268297, 0, 0, 190, 190, 1, 0.12%, 0, 0, 2, 7.28
1619268308, 0, 0, 191, 191, 1, 0.12%, 0, 0, 2, 7.30
1619268468, 0, 0, 192, 192, 1, 0.12%, 0, 0, 2, 7.48
1619269396, 0, 0, 194, 194, 1, 0.12%, 0, 0, 2, 58.36
1619269401, 0, 0, 197, 197, 1, 0.12%, 0, 0, 2, 59.68
1619269426, 0, 0, 198, 198, 1, 0.12%, 0, 0, 2, 7.68
1619269431, 0, 0, 199, 199, 1, 0.12%, 0, 0, 2, 7.59
1619269436, 0, 0, 201, 201, 1, 0.12%, 0, 0, 2, 7.57
1619269462, 0, 0, 202, 202, 1, 0.12%, 0, 0, 2, 7.52
1619269467, 0, 0, 203, 203, 1, 0.12%, 0, 0, 2, 7.60
1619269716, 0, 0, 204, 204, 1, 0.12%, 0, 0, 2, 7.44
1619269797, 0, 0, 205, 205, 1, 0.12%, 0, 0, 2, 7.58
1619269802, 0, 0, 206, 206, 1, 0.12%, 0, 0, 2, 7.45
1619269808, 0, 0, 207, 207, 1, 0.12%, 0, 0, 2, 7.33
1619269813, 0, 0, 208, 208, 1, 0.12%, 0, 0, 2, 7.68
1619269884, 0, 0, 209, 209, 1, 0.12%, 0, 0, 2, 7.39
1619270301, 0, 0, 210, 210, 1, 0.12%, 0, 0, 2, 7.37
1619270306, 0, 0, 211, 211, 1, 0.12%, 0, 0, 2, 7.49
1619270311, 0, 0, 212, 212, 1, 0.12%, 0, 0, 2, 69.65
1619270316, 0, 0, 213, 213, 1, 0.12%, 0, 0, 2, 7.54
1619270321, 0, 0, 214, 214, 1, 0.12%, 0, 0, 2, 7.55
1619270331, 0, 0, 216, 216, 1, 0.12%, 0, 0, 2, 7.52
1619270341, 0, 0, 217, 217, 1, 0.12%, 0, 0, 2, 7.55
1619270387, 0, 0, 220, 220, 1, 0.12%, 0, 0, 2, 241.44
1619270393, 0, 0, 221, 221, 1, 0.12%, 0, 0, 2, 228.78
1619270403, 0, 0, 222, 222, 1, 0.12%, 0, 0, 2, 65.36
1619270408, 0, 0, 225, 225, 1, 0.12%, 0, 0, 2, 49.76
1619270413, 0, 0, 229, 229, 1, 0.12%, 0, 0, 2, 59.41
1619270418, 0, 0, 232, 232, 1, 0.12%, 0, 0, 2, 21.41
1619270423, 0, 0, 236, 236, 1, 0.12%, 0, 0, 2, 19.24
1619270428, 0, 0, 238, 238, 1, 0.12%, 0, 0, 2, 22.37
1619270433, 0, 0, 239, 239, 1, 0.12%, 0, 0, 2, 20.62
1619270439, 0, 0, 240, 240, 1, 0.12%, 0, 0, 2, 19.78
1619270444, 0, 0, 243, 243, 1, 0.12%, 0, 0, 2, 19.62
1619270449, 0, 0, 244, 244, 1, 0.12%, 0, 0, 2, 13.46
1619270454, 0, 0, 246, 246, 1, 0.12%, 0, 0, 2, 13.65
1619270469, 0, 0, 247, 247, 1, 0.12%, 0, 0, 2, 11.52
1619270510, 0, 0, 248, 248, 1, 0.12%, 0, 0, 2, 15.10
1619270516, 0, 0, 249, 249, 1, 0.12%, 0, 0, 2, 22.70
1619270521, 0, 0, 251, 251, 1, 0.12%, 0, 0, 2, 13.64
1619270526, 0, 0, 252, 252, 1, 0.12%, 0, 0, 2, 10.68
1619270588, 0, 0, 254, 254, 1, 0.12%, 0, 0, 2, 10.38
1619270593, 0, 0, 255, 255, 1, 0.12%, 0, 0, 2, 13.58
1619270608, 0, 0, 256, 256, 1, 0.12%, 0, 0, 2, 10.01
1619270634, 0, 0, 257, 257, 1, 0.12%, 0, 0, 2, 8.78
1619270670, 0, 0, 258, 258, 1, 0.13%, 0, 0, 2, 12.84
1619270742, 0, 0, 259, 259, 1, 0.13%, 0, 0, 2, 11.86
1619271121, 0, 0, 260, 260, 1, 0.13%, 0, 0, 2, 10.93
1619271254, 0, 0, 261, 261, 1, 0.13%, 0, 0, 2, 13.98
1619271289, 0, 0, 262, 262, 1, 0.13%, 0, 0, 2, 11.10
1619271515, 0, 0, 265, 265, 1, 0.13%, 0, 0, 2, 22.05
1619271525, 0, 0, 267, 267, 1, 0.13%, 0, 0, 2, 23.06
1619271540, 0, 0, 269, 269, 1, 0.13%, 0, 0, 2, 27.55
1619271546, 0, 0, 270, 270, 1, 0.13%, 0, 0, 2, 27.22
1619271571, 0, 0, 272, 272, 1, 0.13%, 0, 0, 2, 32.91
1619271581, 0, 0, 273, 273, 1, 0.13%, 0, 0, 2, 30.03
1619271591, 0, 0, 274, 274, 1, 0.13%, 0, 0, 2, 26.58
1619271596, 0, 0, 275, 275, 1, 0.13%, 0, 0, 2, 27.26
1619271602, 0, 0, 278, 278, 1, 0.14%, 0, 0, 2, 1.95
1619271632, 0, 0, 282, 282, 1, 0.14%, 0, 0, 2, 67.30
1619271698, 0, 0, 283, 283, 1, 0.14%, 0, 0, 2, 51.78
1619271713, 0, 0, 284, 284, 1, 0.14%, 0, 0, 2, 51.05
1619271729, 0, 0, 285, 285, 1, 0.14%, 0, 0, 2, 51.35
1619271774, 0, 0, 286, 286, 1, 0.14%, 0, 0, 2, 7.48
1619271799, 0, 0, 287, 287, 1, 0.14%, 0, 0, 2, 7.52
1619271805, 0, 0, 288, 288, 1, 0.14%, 0, 0, 2, 7.52
1619271820, 0, 0, 289, 289, 1, 0.14%, 0, 0, 2, 7.55
1619271830, 0, 0, 290, 290, 1, 0.14%, 0, 0, 2, 7.58
1619271845, 0, 0, 291, 291, 1, 0.14%, 0, 0, 2, 7.55
1619271875, 0, 0, 292, 292, 1, 0.14%, 0, 0, 2, 7.55
1619271886, 0, 0, 294, 294, 1, 0.14%, 0, 0, 2, 7.62
1619278223, 0, 0, 295, 295, 1, 0.14%, 0, 0, 2, 50.09
1619278228, 0, 0, 297, 297, 1, 0.14%, 0, 0, 2, 49.80
1619278299, 0, 0, 299, 299, 1, 0.14%, 0, 0, 2, 6.42
1619278518, 0, 0, 300, 300, 1, 0.14%, 0, 0, 2, 2.25
1619278554, 0, 0, 301, 301, 1, 0.14%, 0, 0, 2, 2.37
1619286534, 0, 0, 301, 301, 1, 0.14%, 1, 0, 2, 2.18
1619289079, 0, 0, 302, 302, 1, 0.14%, 1, 0, 2, 1.86
1619292278, 0, 0, 303, 303, 1, 0.14%, 1, 0, 2, 2.16
1619292299, 0, 0, 304, 304, 1, 0.14%, 1, 0, 2, 2.40
1619292351, 0, 0, 305, 305, 1, 0.14%, 1, 0, 2, 2.22
1619292362, 0, 0, 306, 306, 1, 0.14%, 1, 0, 2, 2.24
1619292378, 0, 0, 307, 307, 1, 0.14%, 1, 0, 2, 1.96
1619292425, 0, 0, 308, 308, 1, 0.14%, 1, 0, 2, 2.31
1619292457, 0, 0, 309, 309, 1, 0.14%, 1, 0, 2, 2.46
1619292505, 0, 0, 310, 310, 1, 0.14%, 1, 0, 2, 2.08
1619292531, 0, 0, 311, 311, 1, 0.14%, 1, 0, 2, 2.43
1619292541, 0, 0, 312, 312, 1, 0.14%, 1, 0, 2, 2.47
1619292574, 0, 0, 313, 313, 1, 0.14%, 1, 0, 2, 2.37
1619292600, 0, 0, 314, 314, 1, 0.14%, 1, 0, 2, 2.31
1619292610, 0, 0, 315, 315, 1, 0.14%, 1, 0, 2, 2.63
1619292616, 0, 0, 316, 316, 1, 0.14%, 1, 0, 2, 2.36
1619292626, 0, 0, 317, 317, 1, 0.14%, 1, 0, 2, 2.42
1619292701, 0, 0, 318, 318, 1, 0.14%, 1, 0, 2, 2.38
1619292716, 0, 0, 319, 319, 1, 0.14%, 1, 0, 2, 2.15
1619292727, 0, 0, 320, 320, 1, 0.14%, 1, 0, 2, 2.31
1619292732, 0, 0, 321, 321, 1, 0.14%, 1, 0, 2, 2.34
1619292737, 0, 0, 322, 322, 1, 0.14%, 1, 0, 2, 2.53
1619293962, 0, 0, 323, 323, 1, 0.14%, 1, 0, 2, 2.20
1619294006, 0, 0, 324, 324, 1, 0.14%, 1, 0, 2, 2.33
1619294329, 0, 0, 325, 325, 1, 0.14%, 1, 0, 2, 2.27
1619294432, 0, 0, 326, 326, 1, 0.14%, 1, 0, 2, 1.90
1619296328, 0, 0, 326, 326, 1, 0.14%, 2, 0, 2, 1.98
1619297650, 0, 0, 327, 327, 1, 0.14%, 2, 0, 2, 2.11
1619298074, 0, 0, 328, 328, 1, 0.14%, 2, 0, 2, 2.28
1619298985, 0, 0, 331, 331, 1, 0.14%, 2, 0, 2, 20.89
1619298990, 0, 0, 332, 332, 1, 0.14%, 2, 0, 2, 4.95
1619298996, 0, 0, 334, 334, 1, 0.14%, 2, 0, 2, 9.16
1619299001, 0, 0, 336, 336, 1, 0.14%, 2, 0, 2, 14.40
1619299006, 0, 0, 339, 339, 1, 0.14%, 2, 0, 2, 13.30
1619299011, 0, 0, 341, 341, 1, 0.14%, 2, 0, 2, 13.31
1619299017, 0, 0, 342, 342, 1, 0.14%, 2, 0, 2, 2.38
1619299022, 0, 0, 344, 344, 1, 0.14%, 2, 0, 2, 2.69
1619299027, 0, 0, 345, 345, 1, 0.14%, 2, 0, 2, 2.97
1619299038, 0, 0, 346, 346, 1, 0.14%, 2, 0, 2, 22.73
1619299043, 0, 0, 348, 348, 1, 0.14%, 2, 0, 2, 2.16
1619299059, 0, 0, 350, 350, 1, 0.14%, 2, 0, 2, 15.64
1619299064, 0, 0, 351, 351, 1, 0.14%, 2, 0, 2, 19.49
1619299071, 0, 0, 352, 352, 1, 0.14%, 2, 0, 2, 7.77
1619299076, 0, 0, 353, 353, 1, 0.14%, 2, 0, 2, 11.56
1619299081, 0, 0, 354, 354, 1, 0.14%, 2, 0, 2, 3.26
1619299086, 0, 0, 355, 355, 1, 0.14%, 2, 0, 2, 19.22
1619299102, 0, 0, 356, 356, 1, 0.14%, 2, 0, 2, 2.93
1619299113, 0, 0, 357, 357, 1, 0.14%, 2, 0, 2, 1.83
1619299118, 0, 0, 358, 358, 1, 0.14%, 2, 0, 2, 12.58
1619299123, 0, 0, 359, 359, 1, 0.14%, 2, 0, 2, 14.89
1619299133, 0, 0, 360, 360, 1, 0.14%, 2, 0, 2, 17.34
1619299150, 0, 0, 361, 361, 1, 0.14%, 2, 0, 2, 3.50
1619299160, 0, 0, 362, 362, 1, 0.14%, 2, 0, 2, 2.46
1619299170, 0, 0, 363, 363, 1, 0.14%, 2, 0, 2, 10.99
1619299176, 0, 0, 364, 364, 1, 0.14%, 2, 0, 2, 2.50
1619299187, 0, 0, 365, 365, 1, 0.14%, 2, 0, 2, 2.32
1619299192, 0, 0, 366, 366, 1, 0.14%, 2, 0, 2, 11.18
1619299213, 0, 0, 367, 367, 1, 0.14%, 2, 0, 2, 1.80
1619299218, 0, 0, 368, 368, 1, 0.14%, 2, 0, 2, 6.43
1619299230, 0, 0, 369, 369, 1, 0.14%, 2, 0, 2, 5.21
1619299241, 0, 0, 370, 370, 1, 0.14%, 2, 0, 2, 3.68
1619299257, 0, 0, 371, 371, 1, 0.14%, 2, 0, 2, 5.81
1619299294, 0, 0, 372, 372, 1, 0.14%, 2, 0, 2, 1.07
1619299305, 0, 0, 373, 373, 1, 0.14%, 2, 0, 2, 12.35
1619299321, 0, 0, 374, 374, 1, 0.14%, 2, 0, 2, 5.49
1619299341, 0, 0, 375, 375, 1, 0.14%, 2, 0, 2, 10.90
1619299347, 0, 0, 376, 376, 1, 0.14%, 2, 0, 2, 1.54
1619299374, 0, 0, 377, 377, 1, 0.14%, 2, 0, 2, 3.91
1619299379, 0, 0, 378, 378, 1, 0.14%, 2, 0, 2, 3.40
1619299389, 0, 0, 379, 379, 1, 0.14%, 2, 0, 2, 3.06
1619299405, 0, 0, 380, 380, 1, 0.14%, 2, 0, 2, 2.21
1619299415, 0, 0, 381, 381, 1, 0.14%, 2, 0, 2, 4.03
1619299421, 0, 0, 382, 382, 1, 0.14%, 2, 0, 2, 4.13
1619299452, 0, 0, 383, 383, 1, 0.14%, 2, 0, 2, 18.13
1619299468, 0, 0, 384, 384, 1, 0.14%, 2, 0, 2, 9.17
1619299474, 0, 0, 385, 385, 1, 0.14%, 2, 0, 2, 0.89
1619299490, 0, 0, 386, 386, 1, 0.14%, 2, 0, 2, 3.65
1619299501, 0, 0, 387, 387, 1, 0.14%, 2, 0, 2, 2.63
1619299516, 0, 0, 388, 388, 1, 0.14%, 2, 0, 2, 2.09
1619299527, 0, 0, 389, 389, 1, 0.14%, 2, 0, 2, 3.77
1619299543, 0, 0, 390, 390, 1, 0.14%, 2, 0, 2, 12.30
1619299548, 0, 0, 392, 392, 1, 0.14%, 2, 0, 2, 12.44
1619299553, 0, 0, 393, 393, 1, 0.14%, 2, 0, 2, 13.66
1619299574, 0, 0, 394, 394, 1, 0.14%, 2, 0, 2, 10.01
1619299580, 0, 0, 395, 395, 1, 0.14%, 2, 0, 2, 1.65
1619299639, 0, 0, 397, 397, 1, 0.14%, 2, 0, 2, 12.28
1619299661, 0, 0, 398, 398, 1, 0.14%, 2, 0, 2, 1.16
1619299683, 0, 0, 399, 399, 1, 0.14%, 2, 0, 2, 1.71
1619299700, 0, 0, 400, 400, 1, 0.14%, 2, 0, 2, 13.67
1619299741, 0, 0, 401, 401, 1, 0.14%, 2, 0, 2, 20.89
1619299752, 0, 0, 402, 402, 1, 0.14%, 2, 0, 2, 2.00
1619299757, 0, 0, 403, 403, 1, 0.14%, 2, 0, 2, 2.32
1619299768, 0, 0, 404, 404, 1, 0.14%, 2, 0, 2, 12.03
1619299784, 0, 0, 405, 405, 1, 0.14%, 2, 0, 2, 8.19
1619299789, 0, 0, 406, 406, 1, 0.14%, 2, 0, 2, 7.40
1619299805, 0, 0, 407, 407, 1, 0.14%, 2, 0, 2, 1.29
1619299810, 0, 0, 408, 408, 1, 0.14%, 2, 0, 2, 17.07
1619299821, 0, 0, 409, 409, 1, 0.14%, 2, 0, 2, 4.10
1619299837, 0, 0, 410, 410, 1, 0.14%, 2, 0, 2, 5.31
1619299864, 0, 0, 411, 411, 1, 0.14%, 2, 0, 2, 4.34
1619299885, 0, 0, 412, 412, 1, 0.14%, 2, 0, 2, 4.77
1619299895, 0, 0, 413, 413, 1, 0.14%, 2, 0, 2, 11.52
1619299922, 0, 0, 414, 414, 1, 0.14%, 2, 0, 2, 3.32
1619299937, 0, 0, 415, 415, 1, 0.14%, 2, 0, 2, 32.56
1619299943, 0, 0, 416, 416, 1, 0.14%, 2, 0, 2, 13.22
1619299959, 0, 0, 417, 417, 1, 0.14%, 2, 0, 2, 3.12
1619299964, 0, 0, 418, 418, 1, 0.14%, 2, 0, 2, 3.70
1619299995, 0, 0, 419, 419, 1, 0.14%, 2, 0, 2, 26.79
1619300011, 0, 0, 420, 420, 1, 0.14%, 2, 0, 2, 21.13
1619300016, 0, 0, 421, 421, 1, 0.14%, 2, 0, 2, 23.55
1619300037, 0, 0, 422, 422, 1, 0.14%, 2, 0, 2, 13.69
1619300130, 0, 0, 423, 423, 1, 0.14%, 2, 0, 2, 7.43
1619300146, 0, 0, 424, 424, 1, 0.14%, 2, 0, 2, 1.95
1619300151, 0, 0, 426, 426, 1, 0.14%, 2, 0, 2, 14.41
1619300182, 0, 0, 427, 427, 1, 0.14%, 2, 0, 2, 14.39
1619300198, 0, 0, 428, 428, 1, 0.14%, 2, 0, 2, 13.22
1619300273, 0, 0, 429, 429, 1, 0.14%, 2, 0, 2, 3.05
1619300283, 0, 0, 430, 430, 1, 0.14%, 2, 0, 2, 9.40
1619300357, 0, 0, 431, 431, 1, 0.14%, 2, 0, 2, 4.19
1619300413, 0, 0, 432, 432, 1, 0.14%, 2, 0, 2, 2.95
1619300440, 0, 0, 433, 433, 1, 0.14%, 2, 0, 2, 1.92
1619300498, 0, 0, 434, 434, 1, 0.14%, 2, 0, 2, 2.39
1619300518, 0, 0, 435, 435, 1, 0.14%, 2, 0, 2, 2.44
1619300544, 0, 0, 436, 436, 1, 0.14%, 2, 0, 2, 12.68
1619300549, 0, 0, 437, 437, 1, 0.14%, 2, 0, 2, 14.51
1619300581, 0, 0, 438, 438, 1, 0.14%, 2, 0, 2, 2.07
1619300644, 0, 0, 439, 439, 1, 0.14%, 2, 0, 2, 15.09
1619300649, 0, 0, 440, 440, 1, 0.14%, 2, 0, 2, 3.14
1619300753, 0, 0, 441, 441, 1, 0.14%, 2, 0, 2, 11.39
1619300806, 0, 0, 442, 442, 1, 0.14%, 2, 0, 2, 3.16
1619300833, 0, 0, 444, 444, 1, 0.14%, 2, 0, 2, 4.38
1619300874, 0, 0, 445, 445, 1, 0.14%, 2, 0, 2, 1.77
1619300946, 0, 0, 446, 446, 1, 0.14%, 2, 0, 2, 20.59
1619300979, 0, 0, 447, 447, 1, 0.14%, 2, 0, 2, 2.33
1619301005, 0, 0, 448, 448, 1, 0.14%, 2, 0, 2, 2.98
1619301020, 0, 0, 449, 449, 1, 0.14%, 2, 0, 2, 5.05
1619301078, 0, 17, 449, 448, 91, 0.14%, 2, 0, 2, 13.71
1619308175, 0, 17, 450, 449, 91, 0.14%, 2, 0, 3, 21.04
1619308211, 0, 20, 450, 448, 89, 0.14%, 2, 0, 3, 13.83
1619325596, 0, 20, 451, 449, 89, 0.14%, 2, 0, 3, 15.38
1619325750, 0, 20, 452, 450, 89, 0.14%, 2, 0, 3, 16.73
1619325899, 0, 20, 453, 451, 89, 0.14%, 2, 0, 3, 18.00
1619326187, 0, 20, 454, 452, 89, 0.14%, 2, 0, 3, 14.70
1619326274, 0, 20, 455, 453, 89, 0.14%, 2, 0, 3, 17.24
1619326397, 0, 21, 455, 452, 88, 0.14%, 2, 0, 3, 12.59
1619340836, 0, 22, 455, 451, 87, 0.14%, 2, 0, 3, 68.94
1619343466, 0, 22, 456, 452, 87, 0.14%, 2, 0, 3, 96.02
1619343477, 0, 22, 457, 453, 87, 0.14%, 2, 0, 3, 109.04
1619343502, 0, 22, 458, 454, 87, 0.14%, 2, 0, 3, 114.12
1619343538, 0, 22, 459, 455, 87, 0.14%, 2, 0, 3, 111.28
1619343543, 0, 22, 460, 456, 87, 0.14%, 2, 0, 3, 117.14
1619343573, 0, 25, 460, 455, 87, 0.14%, 2, 0, 3, 99.01
1619343578, 0, 25, 461, 456, 87, 0.14%, 2, 0, 3, 64.67
1619343779, 0, 25, 462, 457, 87, 0.14%, 2, 0, 3, 77.02
1619343805, 0, 25, 464, 459, 87, 0.14%, 2, 0, 3, 86.33
1619344000, 0, 25, 465, 460, 87, 0.14%, 2, 0, 3, 57.53
1619344258, 0, 25, 466, 461, 87, 0.14%, 2, 0, 3, 58.10
1619344345, 0, 25, 467, 462, 87, 0.14%, 2, 0, 3, 58.24
1619346466, 0, 25, 468, 463, 87, 0.14%, 2, 0, 3, 69.41
1619346492, 0, 26, 468, 462, 88, 0.14%, 2, 0, 3, 98.04
1619346538, 0, 26, 469, 463, 88, 0.14%, 2, 0, 3, 58.54
1619349005, 0, 26, 470, 464, 88, 0.14%, 2, 0, 3, 102.19
1619349025, 0, 27, 470, 463, 87, 0.14%, 2, 0, 3, 105.94
1619351548, 0, 30, 470, 462, 86, 0.14%, 2, 0, 3, 12.33
1619351569, 0, 30, 471, 463, 86, 0.14%, 2, 0, 3, 76.86
1619353462, 0, 30, 472, 464, 86, 0.14%, 2, 0, 3, 11.97
1619353538, 0, 30, 473, 465, 86, 0.14%, 2, 0, 3, 10.22
1619355112, 0, 30, 474, 466, 86, 0.14%, 2, 0, 3, 7.41
1619369105, 0, 66, 474, 465, 89, 0.14%, 2, 0, 3, 61.11
1619369131, 0, 66, 475, 466, 89, 0.14%, 2, 0, 3, 61.78
1619369978, 0, 66, 476, 467, 89, 0.14%, 2, 0, 3, 59.35
1619371582, 0, 67, 476, 466, 89, 0.14%, 2, 0, 3, 99.30
1619371607, 0, 67, 477, 467, 89, 0.14%, 2, 0, 3, 60.85
1619371715, 0, 67, 478, 468, 89, 0.14%, 2, 0, 3, 68.99
1619372496, 0, 67, 479, 469, 89, 0.14%, 2, 0, 3, 58.74
1619374027, 0, 67, 480, 470, 89, 0.14%, 2, 0, 3, 111.88
1619374037, 0, 67, 481, 471, 89, 0.14%, 2, 0, 3, 117.97
1619374047, 0, 67, 482, 472, 89, 0.14%, 2, 0, 3, 110.89
1619374078, 0, 67, 483, 473, 89, 0.14%, 2, 0, 3, 110.90
1619374083, 0, 67, 484, 474, 89, 0.14%, 2, 0, 3, 110.49
1619374088, 0, 67, 485, 475, 89, 0.14%, 2, 0, 3, 109.47
1619374103, 0, 67, 487, 477, 89, 0.14%, 2, 0, 3, 107.00
1619374108, 0, 67, 488, 478, 89, 0.14%, 2, 0, 3, 107.95
1619374123, 0, 67, 489, 479, 89, 0.14%, 2, 0, 3, 113.70
1619374128, 0, 68, 489, 478, 89, 0.14%, 2, 0, 3, 95.18
1619374272, 0, 68, 490, 479, 89, 0.14%, 2, 0, 3, 57.97
1619374550, 0, 68, 492, 481, 89, 0.14%, 2, 0, 3, 58.12
1619374848, 0, 68, 493, 482, 89, 0.14%, 2, 0, 3, 63.45
1619376800, 0, 68, 494, 483, 89, 0.14%, 2, 0, 3, 111.58
1619376805, 0, 68, 495, 484, 89, 0.14%, 2, 0, 3, 114.97
1619376811, 0, 68, 496, 485, 89, 0.14%, 2, 0, 3, 112.92
1619376831, 0, 68, 497, 486, 89, 0.14%, 2, 0, 3, 115.90
1619376841, 0, 68, 498, 487, 89, 0.14%, 2, 0, 3, 108.99
1619376846, 0, 68, 499, 488, 89, 0.14%, 2, 0, 3, 110.49
1619376876, 0, 68, 500, 489, 89, 0.14%, 2, 0, 3, 111.89
1619376897, 0, 77, 500, 488, 92, 0.14%, 2, 0, 3, 152.52
1619376942, 0, 77, 501, 489, 92, 0.14%, 2, 0, 3, 150.56
1619377807, 0, 77, 502, 490, 92, 0.14%, 2, 0, 3, 162.63
1619377812, 0, 78, 502, 489, 92, 0.14%, 2, 0, 3, 134.54
1619379334, 0, 85, 502, 488, 91, 0.14%, 2, 0, 3, 109.55
1619380761, 0, 86, 502, 487, 90, 0.14%, 2, 0, 3, 12.38
1619380781, 0, 86, 504, 489, 90, 0.14%, 2, 0, 3, 23.84
1619397304, 0, 86, 505, 490, 90, 0.14%, 2, 0, 3, 59.70
1619397309, 0, 86, 506, 491, 90, 0.14%, 2, 0, 3, 54.53
1619397345, 0, 86, 507, 492, 90, 0.14%, 2, 0, 3, 20.89
1619397350, 0, 86, 508, 493, 90, 0.14%, 2, 0, 3, 43.19
1619397365, 0, 86, 509, 494, 90, 0.14%, 2, 0, 3, 43.26
1619397380, 0, 86, 510, 495, 90, 0.14%, 2, 0, 3, 50.80
1619397390, 0, 86, 511, 496, 90, 0.14%, 2, 0, 3, 7.96
1619397401, 0, 86, 512, 497, 90, 0.14%, 2, 0, 3, 56.36
1619397426, 0, 86, 513, 498, 90, 0.14%, 2, 0, 3, 64.63
1619397504, 0, 86, 514, 499, 90, 0.14%, 2, 0, 3, 54.73
1619397509, 0, 86, 515, 500, 90, 0.14%, 2, 0, 3, 46.58
1619397545, 0, 86, 516, 501, 90, 0.14%, 2, 0, 3, 43.92
1619397560, 0, 86, 517, 502, 90, 0.14%, 2, 0, 3, 55.88
1619397566, 0, 102, 517, 501, 89, 0.14%, 2, 0, 3, 60.87
1619400036, 0, 103, 517, 500, 88, 0.14%, 2, 0, 3, 77.34
1619402543, 0, 105, 517, 499, 87, 0.14%, 2, 0, 3, 100.97
1619405049, 0, 109, 517, 498, 86, 0.14%, 2, 0, 3, 13.18
1619408263, 0, 109, 518, 499, 86, 0.14%, 2, 0, 3, 7.46
1619410536, 0, 109, 519, 500, 86, 0.15%, 2, 0, 3, 7.42
1619410541, 0, 109, 520, 501, 86, 0.15%, 2, 0, 3, 8.58
1619410546, 0, 109, 521, 502, 86, 0.15%, 2, 0, 3, 7.80
1619410556, 0, 109, 523, 504, 86, 0.15%, 2, 0, 3, 7.55
1619410582, 0, 109, 524, 505, 86, 0.15%, 2, 0, 3, 7.68
1619410587, 0, 109, 525, 506, 86, 0.15%, 2, 0, 3, 7.54
