# unix_time, cycles_done, cur_path, paths_total, pending_total, pending_favs, map_size, unique_crashes, unique_hangs, max_depth, execs_per_sec
1654174489, 0, 0, 1, 1, 1, 0.03%, 0, 0, 1, 0.19
1654174510, 0, 0, 4, 4, 1, 0.03%, 0, 0, 2, 5.71
1654174526, 0, 0, 5, 5, 1, 0.03%, 0, 0, 2, 3.15
1654174610, 0, 0, 6, 6, 1, 0.03%, 0, 0, 2, 3.04
1654174620, 0, 0, 7, 7, 1, 0.03%, 0, 0, 2, 3.02
1654174699, 0, 0, 8, 8, 1, 0.03%, 0, 0, 2, 3.07
1654174730, 0, 0, 9, 9, 1, 0.03%, 0, 0, 2, 26.61
1654174830, 0, 0, 10, 10, 1, 0.03%, 0, 0, 2, 2.95
1654174950, 0, 0, 11, 11, 1, 0.03%, 0, 0, 2, 2.97
1654175013, 0, 0, 12, 12, 1, 0.03%, 0, 0, 2, 2.83
1654175086, 0, 0, 13, 13, 1, 0.03%, 0, 0, 2, 2.99
1654175185, 0, 0, 14, 14, 1, 0.03%, 0, 0, 2, 2.83
1654175258, 0, 0, 15, 15, 1, 0.03%, 0, 0, 2, 3.00
1654175881, 0, 0, 16, 16, 1, 0.03%, 0, 0, 2, 7.12
1654176823, 0, 0, 17, 17, 1, 0.03%, 0, 0, 2, 60.10
1654176828, 0, 0, 20, 20, 1, 0.03%, 0, 0, 2, 56.94
1654176833, 0, 0, 25, 25, 1, 0.03%, 0, 0, 2, 34.43
1654177415, 0, 0, 26, 26, 1, 0.03%, 0, 0, 2, 3.06
1654178406, 0, 0, 28, 28, 1, 0.03%, 0, 0, 2, 44.89
1654178498, 0, 0, 30, 30, 1, 0.03%, 0, 0, 2, 16.19
1654178503, 0, 0, 33, 33, 1, 0.03%, 0, 0, 2, 19.61
1654178509, 0, 0, 34, 34, 1, 0.03%, 0, 0, 2, 15.71
1654178514, 0, 0, 36, 36, 1, 0.03%, 0, 0, 2, 15.24
1654178519, 0, 0, 37, 37, 1, 0.03%, 0, 0, 2, 14.33
1654178524, 0, 0, 39, 39, 1, 0.03%, 0, 0, 2, 13.47
1654178529, 0, 0, 40, 40, 1, 0.03%, 1, 0, 2, 13.56
1654178534, 0, 0, 43, 43, 1, 0.04%, 1, 0, 2, 13.02
1654178539, 0, 0, 44, 44, 1, 0.04%, 1, 0, 2, 2.35
1654178549, 0, 0, 45, 45, 1, 0.04%, 1, 0, 2, 8.31
1654178555, 0, 0, 47, 47, 1, 0.04%, 1, 0, 2, 12.26
1654178565, 0, 0, 48, 48, 1, 0.05%, 1, 0, 2, 6.89
1654178570, 0, 0, 49, 49, 1, 0.05%, 1, 0, 2, 9.93
1654178575, 0, 0, 50, 50, 1, 0.05%, 1, 0, 2, 6.53
1654178586, 0, 0, 52, 52, 1, 0.06%, 1, 0, 2, 12.26
1654178591, 0, 0, 53, 53, 1, 0.06%, 1, 0, 2, 13.69
1654178616, 0, 0, 55, 55, 1, 0.06%, 1, 0, 2, 9.75
1654178622, 0, 0, 56, 56, 1, 0.06%, 1, 0, 2, 9.50
1654178627, 0, 0, 58, 58, 1, 0.06%, 1, 0, 2, 12.30
1654178637, 0, 0, 59, 59, 1, 0.06%, 1, 0, 2, 10.36
1654178642, 0, 0, 61, 61, 1, 0.06%, 1, 0, 2, 14.45
1654178653, 0, 0, 62, 62, 1, 0.06%, 1, 0, 2, 10.03
1654178663, 0, 0, 63, 63, 1, 0.06%, 1, 0, 2, 8.96
1654178678, 0, 0, 64, 64, 1, 0.06%, 1, 0, 2, 9.08
1654178684, 0, 0, 66, 66, 1, 0.06%, 1, 0, 2, 12.31
1654178689, 0, 0, 67, 67, 1, 0.06%, 1, 0, 2, 13.18
1654178694, 0, 0, 69, 69, 1, 0.06%, 1, 0, 2, 16.33
1654178699, 0, 0, 70, 70, 1, 0.06%, 1, 0, 2, 9.16
1654178704, 0, 0, 72, 72, 1, 0.06%, 1, 0, 2, 11.22
1654178710, 0, 0, 73, 73, 1, 0.06%, 1, 0, 2, 14.31
1654178715, 0, 0, 74, 74, 1, 0.06%, 1, 0, 2, 16.48
1654178720, 0, 0, 75, 75, 1, 0.06%, 1, 0, 2, 16.32
1654178725, 0, 0, 76, 76, 1, 0.06%, 1, 0, 2, 2.99
1654178746, 0, 0, 77, 77, 1, 0.07%, 1, 0, 2, 14.23
1654178766, 0, 0, 78, 78, 1, 0.07%, 1, 0, 2, 18.94
1654178782, 0, 0, 80, 80, 1, 0.07%, 1, 0, 2, 2.67
1654178792, 0, 0, 82, 82, 1, 0.07%, 1, 0, 2, 16.17
1654185119, 0, 0, 83, 83, 1, 0.07%, 1, 0, 2, 3.06
1654185239, 0, 0, 84, 84, 1, 0.07%, 1, 0, 2, 3.05
1654185255, 0, 0, 85, 85, 1, 0.07%, 1, 0, 2, 3.06
1654185459, 0, 0, 86, 86, 1, 0.07%, 1, 0, 2, 3.04
1654216583, 0, 0, 87, 87, 1, 0.07%, 1, 0, 2, 3.01
1654218264, 0, 0, 88, 88, 1, 0.07%, 1, 0, 2, 3.09
1654218341, 0, 0, 89, 89, 1, 0.07%, 1, 0, 2, 7.40
1654218435, 0, 2, 89, 88, 37, 0.07%, 1, 0, 2, 139.72
1654218521, 0, 8, 89, 87, 36, 0.07%, 1, 0, 2, 30.84
1654218531, 0, 8, 90, 88, 36, 0.07%, 1, 0, 3, 100.18
1654218572, 0, 8, 91, 89, 36, 0.07%, 1, 0, 3, 236.65
1654218618, 0, 8, 92, 90, 36, 0.07%, 1, 0, 3, 67.01
1654219029, 0, 9, 92, 89, 33, 0.07%, 1, 0, 3, 13.68
1654222958, 0, 9, 92, 89, 33, 0.07%, 2, 0, 3, 15.56
1654261700, 0, 18, 95, 91, 32, 0.07%, 2, 0, 3, 86.22
1654262358, 0, 18, 96, 92, 32, 0.07%, 2, 0, 3, 45.12
1654262981, 0, 24, 96, 91, 32, 0.07%, 2, 0, 3, 101.80
1654263227, 0, 24, 97, 92, 32, 0.07%, 2, 0, 3, 16.37
1654263248, 0, 24, 98, 93, 32, 0.07%, 2, 0, 3, 15.89
1654263325, 0, 24, 99, 94, 32, 0.07%, 2, 0, 3, 15.73
1654263351, 0, 24, 100, 95, 32, 0.07%, 2, 0, 3, 11.02
1654263382, 0, 24, 101, 96, 32, 0.07%, 2, 0, 3, 16.34
1654263418, 0, 24, 103, 98, 32, 0.07%, 2, 0, 3, 16.45
1654263428, 0, 24, 104, 99, 32, 0.07%, 2, 0, 3, 17.33
1654264180, 0, 24, 105, 100, 32, 0.07%, 2, 0, 3, 16.63
1654264559, 0, 25, 105, 99, 34, 0.07%, 2, 0, 3, 121.67
1654268088, 0, 25, 106, 100, 34, 0.07%, 2, 0, 3, 3.04
1654268413, 0, 25, 106, 100, 34, 0.07%, 3, 0, 3, 2.97
1654274932, 0, 25, 107, 101, 34, 0.07%, 3, 0, 3, 3.06
1654275011, 0, 25, 108, 102, 34, 0.07%, 3, 0, 3, 3.06
1654291486, 0, 25, 109, 103, 34, 0.07%, 3, 0, 3, 3.09
1654295296, 0, 25, 110, 104, 34, 0.07%, 3, 0, 3, 3.01
1654295500, 0, 25, 111, 105, 34, 0.07%, 3, 0, 3, 2.98
1654308320, 0, 26, 111, 104, 37, 0.07%, 3, 0, 3, 10.24
1654343252, 0, 26, 112, 105, 37, 0.07%, 3, 0, 3, 3.01
1654350779, 0, 26, 113, 106, 37, 0.07%, 3, 0, 3, 22.13
1654350815, 0, 26, 114, 107, 37, 0.07%, 3, 0, 3, 2.99
1654350898, 0, 27, 114, 106, 36, 0.07%, 3, 0, 3, 3.00
1654356677, 0, 31, 114, 105, 35, 0.07%, 3, 0, 3, 15.66
1654357270, 0, 31, 115, 106, 35, 0.07%, 3, 0, 3, 3.00
1654360127, 0, 32, 115, 105, 34, 0.07%, 3, 0, 3, 30.08
1654360598, 0, 32, 116, 106, 34, 0.07%, 3, 0, 3, 16.32
1654363366, 0, 36, 116, 105, 33, 0.07%, 3, 0, 3, 5.43
1654391735, 0, 37, 116, 104, 32, 0.07%, 3, 0, 3, 19.90
1654392602, 0, 37, 117, 105, 32, 0.07%, 3, 0, 3, 39.59
1654392627, 0, 37, 118, 106, 32, 0.07%, 3, 0, 3, 15.86
1654392673, 0, 37, 119, 107, 32, 0.07%, 3, 0, 3, 16.31
1654392813, 0, 37, 119, 107, 32, 0.07%, 4, 0, 3, 12.50
1654400855, 0, 41, 119, 106, 33, 0.07%, 4, 0, 3, 36.56
1654400932, 0, 41, 120, 107, 33, 0.07%, 4, 0, 3, 14.54
1654402141, 0, 41, 122, 109, 33, 0.07%, 4, 0, 3, 9.23
1654412203, 0, 42, 122, 108, 33, 0.07%, 4, 0, 3, 22.09
1654412311, 0, 42, 123, 109, 33, 0.07%, 4, 0, 3, 7.30
1654415261, 0, 42, 124, 110, 33, 0.07%, 4, 0, 3, 14.47
1654415271, 0, 42, 125, 111, 33, 0.07%, 4, 0, 3, 12.82
1654417753, 0, 42, 126, 112, 33, 0.07%, 4, 0, 3, 9.13
1654427961, 0, 43, 126, 111, 34, 0.07%, 4, 0, 3, 2.42
1654485994, 0, 44, 126, 110, 33, 0.07%, 4, 0, 3, 93.92
1654486113, 0, 44, 127, 111, 33, 0.07%, 4, 0, 3, 10.46
1654486184, 0, 44, 128, 112, 33, 0.07%, 4, 0, 3, 8.21
1654486885, 0, 44, 129, 113, 33, 0.07%, 4, 0, 3, 6.97
1654489068, 0, 44, 130, 114, 33, 0.07%, 4, 0, 3, 15.58
1654489337, 0, 44, 131, 115, 33, 0.07%, 4, 0, 3, 3.07
1654489938, 0, 44, 132, 116, 33, 0.07%, 4, 0, 3, 5.13
1654490150, 0, 44, 133, 117, 33, 0.07%, 4, 0, 3, 5.97
1654503529, 0, 45, 133, 116, 34, 0.07%, 4, 0, 3, 14.11
1654505226, 0, 45, 133, 116, 34, 0.07%, 5, 0, 3, 11.45
1654519355, 0, 47, 133, 115, 33, 0.07%, 5, 0, 3, 2.63
