# unix_time, cycles_done, cur_path, paths_total, pending_total, pending_favs, map_size, unique_crashes, unique_hangs, max_depth, execs_per_sec
1629262617, 0, 0, 1, 1, 1, 0.07%, 0, 0, 1, 0.49
1629262628, 0, 0, 4, 4, 1, 0.07%, 3, 0, 2, 19.84
1629262633, 0, 0, 9, 9, 1, 0.07%, 10, 0, 2, 22.48
1629262638, 0, 0, 19, 19, 1, 0.07%, 10, 0, 2, 25.44
1629262643, 0, 0, 27, 27, 1, 0.07%, 10, 0, 2, 25.89
1629262648, 0, 0, 36, 36, 1, 0.08%, 10, 0, 2, 24.99
1629262653, 0, 0, 45, 45, 1, 0.08%, 10, 0, 2, 24.23
1629262658, 0, 0, 49, 49, 1, 0.08%, 10, 0, 2, 23.37
1629262663, 0, 0, 51, 51, 1, 0.08%, 10, 0, 2, 22.78
1629262668, 0, 0, 52, 52, 1, 0.08%, 10, 0, 2, 22.51
1629262678, 0, 0, 53, 53, 1, 0.08%, 10, 0, 2, 22.67
1629262688, 0, 0, 57, 57, 1, 0.08%, 10, 0, 2, 21.71
1629262694, 0, 0, 60, 60, 1, 0.08%, 10, 0, 2, 20.95
1629262699, 0, 0, 62, 62, 1, 0.08%, 10, 0, 2, 22.14
1629262704, 0, 0, 64, 64, 1, 0.08%, 10, 0, 2, 23.34
1629262719, 0, 0, 66, 66, 1, 0.08%, 10, 0, 2, 22.62
1629262724, 0, 0, 69, 69, 1, 0.08%, 10, 0, 2, 19.45
1629262729, 0, 0, 72, 72, 1, 0.08%, 10, 0, 2, 17.06
1629262755, 0, 0, 75, 75, 1, 0.08%, 10, 0, 2, 12.89
1629262760, 0, 0, 77, 77, 1, 0.08%, 10, 0, 2, 11.94
1629262776, 0, 0, 80, 80, 1, 0.08%, 10, 0, 2, 13.33
1629262786, 0, 0, 81, 81, 1, 0.08%, 10, 0, 2, 12.24
1629262796, 0, 0, 82, 82, 1, 0.08%, 10, 0, 2, 14.79
1629262801, 0, 0, 85, 85, 1, 0.08%, 10, 0, 2, 14.54
1629262806, 0, 0, 89, 89, 1, 0.08%, 10, 0, 2, 14.83
1629262811, 0, 0, 90, 90, 1, 0.08%, 10, 0, 2, 14.94
1629262909, 0, 0, 91, 91, 1, 0.08%, 10, 0, 2, 6.27
1629262914, 0, 0, 92, 92, 1, 0.08%, 10, 0, 2, 6.29
1629262925, 0, 0, 93, 93, 1, 0.08%, 10, 0, 2, 7.24
1629263002, 0, 0, 94, 94, 1, 0.08%, 10, 0, 2, 7.27
1629263105, 0, 0, 96, 96, 1, 0.08%, 10, 0, 2, 9.48
1629263115, 0, 0, 97, 97, 1, 0.08%, 10, 0, 2, 9.28
1629263121, 0, 0, 99, 99, 1, 0.08%, 10, 0, 2, 8.94
1629263136, 0, 0, 100, 100, 1, 0.08%, 10, 0, 2, 8.73
1629263397, 0, 0, 101, 101, 1, 0.08%, 10, 0, 2, 8.54
1629263418, 0, 0, 102, 102, 1, 0.08%, 10, 0, 2, 8.00
1629263428, 0, 0, 102, 102, 1, 0.08%, 11, 0, 2, 8.39
1629263433, 0, 0, 103, 103, 1, 0.08%, 11, 0, 2, 8.43
1629263479, 0, 0, 104, 104, 1, 0.08%, 11, 0, 2, 9.56
1629263520, 0, 0, 104, 104, 1, 0.08%, 12, 0, 2, 9.28
1629263551, 0, 0, 105, 105, 1, 0.08%, 12, 0, 2, 9.00
1629263581, 0, 0, 106, 106, 1, 0.08%, 12, 0, 2, 9.04
1629263586, 0, 0, 107, 107, 1, 0.08%, 12, 0, 2, 8.92
1629263591, 0, 0, 108, 108, 1, 0.08%, 12, 0, 2, 8.83
1629263653, 0, 0, 109, 109, 1, 0.08%, 12, 0, 2, 8.69
1629263658, 0, 0, 112, 112, 1, 0.08%, 12, 0, 2, 8.80
1629263678, 0, 0, 113, 113, 1, 0.08%, 12, 0, 2, 8.75
1629263688, 0, 0, 114, 114, 1, 0.08%, 12, 0, 2, 8.40
1629264309, 0, 0, 115, 115, 1, 0.08%, 12, 0, 2, 7.85
1629264894, 0, 0, 116, 116, 1, 0.08%, 12, 0, 2, 8.12
1629265084, 0, 0, 117, 117, 1, 0.08%, 12, 0, 2, 8.37
1629265104, 0, 0, 118, 118, 1, 0.08%, 12, 0, 2, 8.43
1629265495, 0, 0, 118, 118, 1, 0.08%, 13, 0, 2, 10.67
1629265500, 0, 0, 118, 118, 1, 0.08%, 14, 0, 2, 9.50
1629265505, 0, 0, 120, 120, 1, 0.08%, 14, 0, 2, 8.89
1629265684, 0, 0, 121, 121, 1, 0.08%, 14, 0, 2, 14.16
1629266672, 0, 0, 122, 122, 1, 0.08%, 14, 0, 2, 8.82
1629267998, 0, 0, 122, 122, 1, 0.08%, 15, 0, 2, 10.20
1629268008, 0, 0, 122, 122, 1, 0.08%, 16, 0, 2, 9.39
1629268269, 0, 0, 123, 123, 1, 0.08%, 16, 0, 2, 9.16
1629268274, 0, 0, 124, 124, 1, 0.08%, 16, 0, 2, 9.31
1629268280, 0, 0, 126, 126, 1, 0.08%, 16, 0, 2, 9.18
1629268290, 0, 0, 127, 127, 1, 0.08%, 16, 0, 2, 9.27
1629268315, 0, 0, 128, 128, 1, 0.08%, 16, 0, 2, 8.89
1629268320, 0, 0, 129, 129, 1, 0.08%, 16, 0, 2, 8.90
1629268341, 0, 0, 130, 130, 1, 0.08%, 16, 0, 2, 8.86
1629268351, 0, 0, 131, 131, 1, 0.08%, 16, 0, 2, 8.82
1629268397, 0, 0, 134, 134, 1, 0.08%, 16, 0, 2, 8.29
1629268402, 0, 0, 137, 137, 1, 0.08%, 16, 0, 2, 8.53
1629268418, 0, 0, 138, 138, 1, 0.08%, 16, 0, 2, 8.40
1629268428, 0, 0, 140, 140, 1, 0.08%, 16, 0, 2, 8.31
1629268433, 0, 0, 141, 141, 1, 0.08%, 16, 0, 2, 8.21
1629268454, 0, 0, 143, 143, 1, 0.08%, 16, 0, 2, 8.38
1629268479, 0, 0, 144, 144, 1, 0.08%, 16, 0, 2, 8.50
1629268484, 0, 0, 145, 145, 1, 0.08%, 16, 0, 2, 8.30
1629268505, 0, 0, 146, 146, 1, 0.08%, 16, 0, 2, 7.69
1629268530, 0, 0, 148, 148, 1, 0.08%, 16, 0, 2, 8.02
1629268556, 0, 0, 149, 149, 1, 0.08%, 16, 0, 2, 8.44
1629268561, 0, 0, 150, 150, 1, 0.08%, 16, 0, 2, 8.39
1629268582, 0, 0, 151, 151, 1, 0.08%, 16, 0, 2, 8.16
1629268607, 0, 0, 152, 152, 1, 0.08%, 16, 0, 2, 8.53
1629268745, 0, 0, 153, 153, 1, 0.08%, 16, 0, 2, 8.89
1629268750, 0, 0, 154, 154, 1, 0.08%, 16, 0, 2, 9.23
1629268766, 0, 0, 155, 155, 1, 0.08%, 16, 0, 2, 8.58
1629268791, 0, 0, 156, 156, 1, 0.08%, 16, 0, 2, 8.82
1629268842, 0, 0, 157, 157, 1, 0.08%, 16, 0, 2, 8.88
1629269401, 0, 0, 158, 158, 1, 0.08%, 16, 0, 2, 8.66
1629270087, 0, 0, 159, 159, 1, 0.08%, 16, 0, 2, 8.84
1629270630, 0, 0, 160, 160, 1, 0.08%, 16, 0, 2, 8.53
1629270727, 0, 0, 161, 161, 1, 0.08%, 16, 0, 2, 8.86
1629270732, 0, 0, 162, 162, 1, 0.08%, 16, 0, 2, 8.85
1629270890, 0, 0, 163, 163, 1, 0.08%, 16, 0, 2, 9.07
1629271019, 0, 0, 164, 164, 1, 0.08%, 16, 0, 2, 8.94
1629271500, 0, 0, 166, 166, 1, 0.08%, 16, 0, 2, 9.57
1629271510, 0, 0, 167, 167, 1, 0.08%, 16, 0, 2, 9.21
1629271777, 0, 0, 168, 168, 1, 0.08%, 16, 0, 2, 9.57
1629272243, 0, 0, 169, 169, 1, 0.08%, 16, 0, 2, 9.03
1629272499, 0, 0, 170, 170, 1, 0.08%, 16, 0, 2, 7.92
1629272520, 0, 0, 171, 171, 1, 0.08%, 16, 0, 2, 8.05
1629272525, 0, 0, 172, 172, 1, 0.08%, 16, 0, 2, 7.98
1629272556, 0, 0, 173, 173, 1, 0.08%, 16, 0, 2, 7.71
1629272576, 0, 0, 174, 174, 1, 0.08%, 16, 0, 2, 7.89
1629272596, 0, 0, 175, 175, 1, 0.08%, 16, 0, 2, 7.79
1629272607, 0, 0, 176, 176, 1, 0.08%, 16, 0, 2, 7.74
1629273912, 0, 0, 177, 177, 1, 0.08%, 16, 0, 2, 9.84
1629273963, 0, 0, 178, 178, 1, 0.08%, 16, 0, 2, 10.49
1629273968, 0, 0, 179, 179, 1, 0.08%, 16, 0, 2, 8.86
1629273984, 0, 0, 180, 180, 1, 0.08%, 16, 0, 2, 11.10
1629274142, 0, 0, 180, 180, 1, 0.08%, 17, 0, 2, 10.25
1629274239, 0, 0, 183, 183, 1, 0.09%, 17, 0, 2, 8.59
1629274244, 0, 0, 184, 184, 1, 0.09%, 17, 0, 2, 8.23
1629274249, 0, 0, 186, 186, 1, 0.09%, 17, 0, 2, 8.28
1629274254, 0, 0, 187, 187, 1, 0.09%, 17, 0, 2, 8.13
1629274259, 0, 0, 189, 189, 1, 0.09%, 17, 0, 2, 8.47
1629274265, 0, 0, 191, 191, 1, 0.09%, 17, 0, 2, 8.29
1629274270, 0, 0, 192, 192, 1, 0.09%, 17, 0, 2, 8.53
1629274275, 0, 0, 194, 194, 1, 0.09%, 17, 0, 2, 8.45
1629274280, 0, 0, 195, 195, 1, 0.09%, 17, 0, 2, 8.40
1629274290, 0, 0, 196, 196, 1, 0.09%, 17, 0, 2, 8.31
1629274301, 0, 0, 197, 197, 1, 0.09%, 17, 0, 2, 8.72
1629274306, 0, 0, 198, 198, 1, 0.09%, 17, 0, 2, 8.44
1629274311, 0, 0, 199, 199, 1, 0.09%, 17, 0, 2, 8.40
1629274316, 0, 0, 201, 201, 1, 0.10%, 17, 0, 2, 8.36
1629274321, 0, 0, 202, 202, 1, 0.10%, 17, 0, 2, 8.33
1629274326, 0, 0, 203, 203, 1, 0.10%, 17, 0, 2, 8.57
1629274331, 0, 0, 204, 204, 1, 0.10%, 17, 0, 2, 8.46
1629274336, 0, 0, 205, 205, 1, 0.10%, 17, 0, 2, 8.40
1629274346, 0, 0, 206, 206, 1, 0.10%, 17, 0, 2, 8.58
1629274362, 0, 0, 208, 208, 1, 0.10%, 17, 0, 2, 8.52
1629274367, 0, 0, 210, 210, 1, 0.10%, 17, 0, 2, 8.44
1629274377, 0, 0, 211, 211, 1, 0.10%, 17, 0, 2, 8.66
1629274382, 0, 0, 212, 212, 1, 0.10%, 17, 0, 2, 8.61
1629274387, 0, 0, 213, 213, 1, 0.10%, 17, 0, 2, 8.50
1629274392, 0, 0, 214, 214, 1, 0.10%, 17, 0, 2, 8.38
1629274402, 0, 0, 215, 215, 1, 0.10%, 17, 0, 2, 8.46
1629274418, 0, 0, 216, 216, 1, 0.10%, 17, 0, 2, 8.16
1629275580, 0, 0, 218, 218, 1, 0.10%, 17, 0, 2, 7.49
1629275596, 0, 0, 219, 219, 1, 0.10%, 17, 0, 2, 8.02
1629275611, 0, 0, 220, 220, 1, 0.10%, 17, 0, 2, 8.29
1629275627, 0, 0, 221, 221, 1, 0.10%, 17, 0, 2, 8.10
1629276314, 0, 0, 222, 222, 1, 0.10%, 17, 0, 2, 8.88
1629277264, 0, 0, 223, 223, 1, 0.10%, 17, 0, 2, 8.57
1629277269, 0, 0, 224, 224, 1, 0.10%, 17, 0, 2, 8.45
1629277274, 0, 0, 225, 225, 1, 0.10%, 17, 0, 2, 8.35
1629277279, 0, 0, 227, 227, 1, 0.10%, 17, 0, 2, 8.57
1629277289, 0, 0, 229, 229, 1, 0.10%, 17, 0, 2, 8.29
1629277300, 0, 0, 230, 230, 1, 0.10%, 17, 0, 2, 8.55
1629277305, 0, 0, 231, 231, 1, 0.10%, 17, 0, 2, 8.63
1629277315, 0, 0, 232, 232, 1, 0.10%, 17, 0, 2, 8.69
1629277320, 0, 0, 234, 234, 1, 0.10%, 17, 0, 2, 8.34
1629277326, 0, 0, 235, 235, 1, 0.10%, 17, 0, 2, 8.39
1629277331, 0, 0, 237, 237, 1, 0.10%, 17, 0, 2, 8.34
1629277336, 0, 0, 238, 238, 1, 0.10%, 17, 0, 2, 8.44
1629277341, 0, 0, 239, 239, 1, 0.10%, 17, 0, 2, 8.60
1629277351, 0, 0, 240, 240, 1, 0.10%, 17, 0, 2, 8.53
1629277357, 0, 0, 242, 242, 1, 0.10%, 17, 0, 2, 8.57
1629277362, 0, 0, 243, 243, 1, 0.10%, 17, 0, 2, 8.57
1629277372, 0, 0, 244, 244, 1, 0.10%, 17, 0, 2, 8.58
1629277382, 0, 0, 245, 245, 1, 0.10%, 17, 0, 2, 8.79
1629277392, 0, 0, 246, 246, 1, 0.10%, 17, 0, 2, 8.71
1629290076, 0, 0, 247, 247, 1, 0.10%, 17, 0, 2, 8.89
1629294699, 0, 0, 248, 248, 1, 0.10%, 17, 0, 2, 9.17
1629294806, 0, 0, 250, 250, 1, 0.10%, 17, 0, 2, 8.65
1629296077, 0, 0, 251, 251, 1, 0.10%, 17, 0, 2, 8.68
1629301760, 0, 0, 252, 252, 1, 0.10%, 17, 0, 2, 8.79
1629303476, 0, 0, 252, 252, 1, 0.10%, 18, 0, 2, 10.53
1629303497, 0, 0, 253, 253, 1, 0.10%, 18, 0, 2, 8.86
1629303528, 0, 0, 254, 254, 1, 0.10%, 18, 0, 2, 8.75
1629303962, 0, 0, 256, 256, 1, 0.10%, 19, 0, 2, 10.78
1629303978, 0, 0, 257, 257, 1, 0.10%, 19, 0, 2, 12.16
1629303983, 0, 0, 258, 258, 1, 0.10%, 19, 0, 2, 12.71
1629303988, 0, 0, 259, 259, 1, 0.10%, 19, 0, 2, 12.59
1629303993, 0, 0, 260, 260, 1, 0.10%, 19, 0, 2, 11.40
1629303998, 0, 0, 261, 261, 1, 0.10%, 19, 0, 2, 11.41
1629304003, 0, 0, 262, 262, 1, 0.10%, 19, 0, 2, 11.29
1629304014, 0, 0, 263, 263, 1, 0.10%, 19, 0, 2, 13.02
1629304044, 0, 0, 264, 264, 1, 0.10%, 19, 0, 2, 12.25
1629304070, 0, 0, 265, 265, 1, 0.10%, 19, 0, 2, 11.39
1629304085, 0, 0, 266, 266, 1, 0.10%, 19, 0, 2, 11.34
1629304101, 0, 0, 267, 267, 1, 0.10%, 19, 0, 2, 11.10
1629304106, 0, 0, 268, 268, 1, 0.10%, 19, 0, 2, 9.90
1629304116, 0, 0, 268, 268, 1, 0.10%, 20, 0, 2, 8.53
1629304131, 0, 0, 270, 270, 1, 0.10%, 20, 0, 2, 7.62
1629304141, 0, 0, 271, 271, 1, 0.10%, 20, 0, 2, 9.89
1629304167, 0, 0, 272, 272, 1, 0.10%, 20, 0, 2, 11.81
1629304212, 0, 0, 273, 273, 1, 0.10%, 20, 0, 2, 11.27
1629304279, 0, 0, 274, 274, 1, 0.10%, 20, 0, 2, 11.94
1629304294, 0, 0, 275, 275, 1, 0.10%, 20, 0, 2, 11.56
1629304335, 0, 0, 276, 276, 1, 0.10%, 20, 0, 2, 12.26
1629304376, 0, 0, 277, 277, 1, 0.10%, 20, 0, 2, 11.30
1629304427, 0, 0, 278, 278, 1, 0.10%, 20, 0, 2, 11.02
1629304628, 0, 0, 279, 279, 1, 0.10%, 20, 0, 2, 10.85
1629304643, 0, 0, 279, 279, 1, 0.10%, 21, 0, 2, 11.67
1629304648, 0, 0, 280, 280, 1, 0.10%, 21, 0, 2, 11.60
1629304694, 0, 0, 281, 281, 1, 0.10%, 21, 0, 2, 11.81
1629304704, 0, 0, 282, 282, 1, 0.10%, 21, 0, 2, 11.83
1629304725, 0, 0, 283, 283, 1, 0.10%, 21, 0, 2, 10.85
1629304796, 0, 0, 284, 284, 1, 0.10%, 21, 0, 2, 11.12
1629304822, 0, 0, 285, 285, 1, 0.10%, 21, 0, 2, 10.45
1629304863, 0, 0, 286, 286, 1, 0.10%, 21, 0, 2, 11.83
1629305258, 0, 0, 287, 287, 1, 0.10%, 21, 0, 2, 11.12
1629305360, 0, 2, 287, 286, 66, 0.10%, 21, 0, 2, 9.89
1629305381, 0, 2, 288, 287, 66, 0.10%, 21, 0, 3, 9.55
1629305401, 0, 2, 289, 288, 66, 0.10%, 21, 0, 3, 8.78
1629305406, 0, 2, 290, 289, 66, 0.10%, 21, 0, 3, 8.58
1629305477, 0, 2, 291, 290, 66, 0.10%, 21, 0, 3, 8.88
1629305508, 0, 2, 292, 291, 66, 0.10%, 21, 0, 3, 8.75
1629305533, 0, 2, 293, 292, 66, 0.10%, 21, 0, 3, 8.68
1629305574, 0, 2, 294, 293, 66, 0.10%, 21, 0, 3, 8.98
1629306422, 0, 2, 295, 294, 66, 0.10%, 21, 0, 3, 8.69
1629306458, 0, 2, 296, 295, 66, 0.10%, 21, 0, 3, 8.83
1629306463, 0, 2, 297, 296, 66, 0.10%, 21, 0, 3, 8.84
1629306555, 0, 2, 298, 297, 66, 0.10%, 21, 0, 3, 8.76
1629309690, 0, 2, 299, 298, 66, 0.10%, 21, 0, 3, 8.33
1629309797, 0, 2, 300, 299, 66, 0.10%, 21, 0, 3, 8.51
1629310223, 0, 2, 301, 300, 66, 0.10%, 21, 0, 3, 8.62
1629310876, 0, 2, 302, 301, 66, 0.10%, 21, 0, 3, 8.67
1629313011, 0, 2, 303, 302, 66, 0.10%, 21, 0, 3, 8.37
1629313016, 0, 2, 304, 303, 66, 0.10%, 21, 0, 3, 8.24
1629339410, 0, 2, 305, 304, 66, 0.10%, 21, 0, 3, 11.90
1629339420, 0, 2, 306, 305, 66, 0.10%, 21, 0, 3, 10.85
1629339446, 0, 2, 307, 306, 66, 0.10%, 21, 0, 3, 11.04
1629339590, 0, 2, 308, 307, 66, 0.10%, 21, 0, 3, 10.82
1629339621, 0, 2, 309, 308, 66, 0.10%, 21, 0, 3, 10.92
1629339682, 0, 2, 310, 309, 66, 0.10%, 21, 0, 3, 11.43
1629339692, 0, 2, 311, 310, 66, 0.10%, 21, 0, 3, 11.76
1629339856, 0, 2, 312, 311, 66, 0.10%, 21, 0, 3, 12.21
1629340241, 0, 2, 313, 312, 66, 0.10%, 21, 0, 3, 11.48
1629340246, 0, 2, 314, 313, 66, 0.10%, 21, 0, 3, 12.18
1629340400, 0, 2, 315, 314, 66, 0.10%, 21, 0, 3, 11.13
1629340420, 0, 2, 316, 315, 66, 0.10%, 21, 0, 3, 11.29
1629340451, 0, 3, 316, 314, 69, 0.10%, 21, 0, 3, 9.41
1629340492, 0, 3, 317, 315, 69, 0.10%, 21, 0, 3, 8.51
1629344109, 0, 3, 318, 316, 69, 0.10%, 21, 0, 3, 9.00
1629348026, 0, 3, 319, 317, 69, 0.10%, 21, 0, 3, 8.66
1629348062, 0, 3, 320, 318, 69, 0.10%, 21, 0, 3, 8.49
