# unix_time, cycles_done, cur_path, paths_total, pending_total, pending_favs, map_size, unique_crashes, unique_hangs, max_depth, execs_per_sec
1654174477, 0, 0, 1, 1, 1, 0.03%, 0, 0, 1, 0.19
1654174498, 0, 0, 4, 4, 1, 0.03%, 0, 0, 2, 3.21
1654174513, 0, 0, 5, 5, 1, 0.03%, 0, 0, 2, 3.14
1654174595, 0, 0, 6, 6, 1, 0.03%, 0, 0, 2, 3.15
1654174600, 0, 0, 7, 7, 1, 0.03%, 0, 0, 2, 3.15
1654174676, 0, 0, 8, 8, 1, 0.03%, 0, 0, 2, 3.14
1654174712, 0, 0, 9, 9, 1, 0.03%, 0, 0, 2, 10.44
1654174808, 0, 0, 10, 10, 1, 0.03%, 0, 0, 2, 2.88
1654174926, 0, 0, 11, 11, 1, 0.03%, 0, 0, 2, 2.92
1654174982, 0, 0, 12, 12, 1, 0.03%, 0, 0, 2, 2.97
1654175058, 0, 0, 13, 13, 1, 0.03%, 0, 0, 2, 2.92
1654175150, 0, 0, 14, 14, 1, 0.03%, 0, 0, 2, 2.95
1654175226, 0, 0, 15, 15, 1, 0.03%, 0, 0, 2, 2.89
1654175832, 0, 0, 16, 16, 1, 0.03%, 0, 0, 2, 5.27
1654176741, 0, 0, 17, 17, 1, 0.03%, 0, 0, 2, 112.38
1654176747, 0, 0, 19, 19, 1, 0.03%, 0, 0, 2, 21.89
1654176752, 0, 0, 22, 22, 1, 0.03%, 0, 0, 2, 31.57
1654176757, 0, 0, 26, 26, 1, 0.03%, 0, 0, 2, 3.14
1654178054, 0, 0, 27, 27, 1, 0.03%, 0, 0, 2, 3.11
1654178275, 0, 0, 28, 28, 1, 0.03%, 0, 0, 2, 34.27
1654178280, 0, 0, 29, 29, 1, 0.03%, 0, 0, 2, 3.09
1654178285, 0, 0, 30, 30, 1, 0.03%, 0, 0, 2, 34.32
1654178396, 0, 0, 31, 31, 1, 0.03%, 0, 0, 2, 7.11
1654178401, 0, 0, 33, 33, 1, 0.03%, 0, 0, 2, 13.12
1654178407, 0, 0, 35, 35, 1, 0.03%, 0, 0, 2, 12.42
1654178412, 0, 0, 36, 36, 1, 0.03%, 0, 0, 2, 14.17
1654178417, 0, 0, 37, 37, 1, 0.03%, 0, 0, 2, 13.15
1654178422, 0, 0, 39, 39, 1, 0.03%, 0, 0, 2, 12.61
1654178427, 0, 0, 40, 40, 1, 0.03%, 0, 0, 2, 12.77
1654178432, 0, 0, 43, 43, 1, 0.04%, 1, 0, 2, 12.37
1654178438, 0, 0, 44, 44, 1, 0.04%, 1, 0, 2, 2.35
1654178448, 0, 0, 45, 45, 1, 0.04%, 1, 0, 2, 12.96
1654178453, 0, 0, 46, 46, 1, 0.04%, 1, 0, 2, 12.43
1654178458, 0, 0, 47, 47, 1, 0.04%, 1, 0, 2, 8.18
1654178463, 0, 0, 48, 48, 1, 0.05%, 1, 0, 2, 8.45
1654178474, 0, 0, 50, 50, 1, 0.05%, 1, 0, 2, 8.08
1654178489, 0, 0, 52, 52, 1, 0.06%, 1, 0, 2, 9.31
1654178499, 0, 0, 53, 53, 1, 0.06%, 1, 0, 2, 9.46
1654178520, 0, 0, 54, 54, 1, 0.06%, 1, 0, 2, 13.21
1654178525, 0, 0, 55, 55, 1, 0.06%, 1, 0, 2, 9.42
1654178530, 0, 0, 56, 56, 1, 0.06%, 1, 0, 2, 8.25
1654178535, 0, 0, 58, 58, 1, 0.06%, 1, 0, 2, 11.34
1654178546, 0, 0, 60, 60, 1, 0.06%, 1, 0, 2, 10.87
1654178551, 0, 0, 61, 61, 1, 0.06%, 1, 0, 2, 13.99
1654178561, 0, 0, 62, 62, 1, 0.06%, 1, 0, 2, 9.90
1654178571, 0, 0, 63, 63, 1, 0.06%, 1, 0, 2, 9.01
1654178587, 0, 0, 64, 64, 1, 0.06%, 1, 0, 2, 9.67
1654178592, 0, 0, 66, 66, 1, 0.06%, 1, 0, 2, 12.51
1654178602, 0, 0, 68, 68, 1, 0.06%, 1, 0, 2, 14.33
1654178607, 0, 0, 70, 70, 1, 0.06%, 1, 0, 2, 12.03
1654178612, 0, 0, 72, 72, 1, 0.06%, 1, 0, 2, 8.83
1654178618, 0, 0, 73, 73, 1, 0.06%, 1, 0, 2, 13.12
1654178628, 0, 0, 74, 74, 1, 0.06%, 1, 0, 2, 14.07
1654178633, 0, 0, 75, 75, 1, 0.06%, 1, 0, 2, 14.46
1654178638, 0, 0, 76, 76, 1, 0.06%, 1, 0, 2, 11.96
1654178659, 0, 0, 77, 77, 1, 0.07%, 1, 0, 2, 12.41
1654178679, 0, 0, 78, 78, 1, 0.07%, 1, 0, 2, 9.37
1654178694, 0, 0, 79, 79, 1, 0.07%, 1, 0, 2, 14.76
1654178699, 0, 0, 80, 80, 1, 0.07%, 1, 0, 2, 9.28
1654178704, 0, 0, 81, 81, 1, 0.07%, 1, 0, 2, 13.44
1654178709, 0, 0, 82, 82, 1, 0.07%, 1, 0, 2, 14.05
1654184913, 0, 0, 83, 83, 1, 0.07%, 1, 0, 2, 3.17
1654184964, 0, 0, 84, 84, 1, 0.07%, 1, 0, 2, 3.15
1654184974, 0, 0, 85, 85, 1, 0.07%, 1, 0, 2, 3.13
1654185173, 0, 0, 86, 86, 1, 0.07%, 1, 0, 2, 3.13
1654206365, 0, 0, 87, 87, 1, 0.07%, 1, 0, 2, 3.13
1654215356, 0, 0, 88, 88, 1, 0.07%, 1, 0, 2, 3.12
1654216966, 0, 0, 89, 89, 1, 0.07%, 1, 0, 2, 3.69
1654217043, 0, 0, 90, 90, 1, 0.07%, 1, 0, 2, 23.32
1654217069, 0, 0, 91, 91, 1, 0.07%, 1, 0, 2, 11.29
1654217287, 0, 2, 91, 90, 37, 0.07%, 1, 0, 2, 119.08
1654217384, 0, 3, 91, 89, 36, 0.07%, 1, 0, 2, 116.42
1654221540, 0, 8, 91, 88, 35, 0.07%, 1, 0, 2, 71.31
1654221555, 0, 8, 92, 89, 35, 0.07%, 1, 0, 3, 59.31
1654221596, 0, 8, 93, 90, 35, 0.07%, 1, 0, 3, 225.13
1654221658, 0, 8, 94, 91, 35, 0.07%, 1, 0, 3, 50.07
1654222217, 0, 10, 94, 90, 32, 0.07%, 1, 0, 3, 2.62
1654222803, 0, 10, 94, 90, 32, 0.07%, 2, 0, 3, 13.65
1654222936, 0, 10, 95, 91, 32, 0.07%, 2, 0, 3, 13.91
1654228926, 0, 23, 95, 90, 32, 0.07%, 2, 0, 3, 43.72
1654229263, 0, 23, 96, 91, 32, 0.07%, 2, 0, 3, 15.25
1654229279, 0, 23, 97, 92, 32, 0.07%, 2, 0, 3, 15.46
1654229284, 0, 23, 98, 93, 32, 0.07%, 2, 0, 3, 15.04
1654229442, 0, 23, 100, 95, 32, 0.07%, 2, 0, 3, 15.09
1654230739, 0, 25, 100, 94, 32, 0.07%, 2, 0, 3, 139.68
1654231131, 0, 25, 101, 95, 32, 0.07%, 2, 0, 3, 11.00
1654231229, 0, 25, 102, 96, 32, 0.07%, 2, 0, 3, 17.00
1654232024, 0, 25, 103, 97, 32, 0.07%, 2, 0, 3, 16.48
1654232425, 0, 26, 103, 96, 32, 0.07%, 2, 0, 3, 3.19
1654235677, 0, 26, 103, 96, 32, 0.07%, 3, 0, 3, 14.36
1654235795, 0, 26, 104, 97, 32, 0.07%, 3, 0, 3, 11.35
1654241031, 0, 26, 105, 98, 32, 0.07%, 3, 0, 3, 3.11
1654268404, 0, 26, 106, 99, 32, 0.07%, 3, 0, 3, 3.94
1654269362, 0, 28, 106, 98, 33, 0.07%, 3, 0, 3, 12.30
1654310251, 0, 29, 106, 97, 32, 0.07%, 3, 0, 3, 3.08
1654316656, 0, 32, 106, 96, 31, 0.07%, 3, 0, 3, 16.63
1654317360, 0, 32, 107, 97, 31, 0.07%, 3, 0, 3, 12.76
1654320886, 0, 36, 107, 96, 30, 0.07%, 3, 0, 3, 11.85
1654348785, 0, 37, 107, 95, 29, 0.07%, 3, 0, 3, 31.06
1654349733, 0, 37, 108, 96, 29, 0.07%, 3, 0, 3, 30.17
1654349759, 0, 37, 109, 97, 29, 0.07%, 3, 0, 3, 14.36
1654349810, 0, 37, 110, 98, 29, 0.07%, 3, 0, 3, 15.33
1654349954, 0, 37, 110, 98, 29, 0.07%, 4, 0, 3, 13.79
1654358387, 0, 39, 110, 97, 30, 0.07%, 4, 0, 3, 12.59
1654358484, 0, 39, 111, 98, 30, 0.07%, 4, 0, 3, 9.61
1654358530, 0, 39, 112, 99, 30, 0.07%, 4, 0, 3, 18.21
1654360082, 0, 39, 112, 99, 30, 0.07%, 5, 0, 3, 10.30
1654372749, 0, 41, 112, 98, 31, 0.07%, 5, 0, 3, 35.68
1654372836, 0, 41, 113, 99, 31, 0.07%, 5, 0, 3, 14.29
1654374118, 0, 41, 115, 101, 31, 0.07%, 5, 0, 3, 13.62
1654384409, 0, 42, 115, 100, 31, 0.07%, 5, 0, 3, 15.00
1654384440, 0, 42, 116, 101, 31, 0.07%, 5, 0, 3, 9.17
1654384471, 0, 42, 117, 102, 31, 0.07%, 5, 0, 3, 7.46
1654384537, 0, 42, 118, 103, 31, 0.07%, 5, 0, 3, 8.71
1654387715, 0, 42, 119, 104, 31, 0.07%, 5, 0, 3, 11.37
1654387725, 0, 42, 120, 105, 31, 0.08%, 5, 0, 3, 12.68
1654401143, 0, 43, 120, 104, 32, 0.08%, 5, 0, 3, 2.43
1654459228, 0, 44, 120, 103, 31, 0.08%, 5, 0, 3, 14.99
1654460132, 0, 44, 121, 104, 31, 0.08%, 5, 0, 3, 7.78
1654462485, 0, 44, 122, 105, 31, 0.08%, 5, 0, 3, 14.62
1654462758, 0, 44, 123, 106, 31, 0.08%, 5, 0, 3, 4.26
1654463341, 0, 44, 124, 107, 31, 0.08%, 5, 0, 3, 4.93
1654463543, 0, 44, 125, 108, 31, 0.08%, 5, 0, 3, 7.44
1654476783, 0, 47, 125, 107, 30, 0.08%, 5, 0, 3, 2.48
1654526097, 0, 48, 125, 106, 29, 0.08%, 5, 0, 3, 11.46
