# unix_time, cycles_done, cur_path, paths_total, pending_total, pending_favs, map_size, unique_crashes, unique_hangs, max_depth, execs_per_sec
1629611189, 0, 0, 1, 1, 1, 1.25%, 0, 0, 1, 4.89
1629611194, 0, 0, 9, 9, 1, 1.56%, 0, 0, 2, 28.95
1629611199, 0, 0, 26, 26, 1, 1.64%, 0, 0, 2, 55.97
1629611204, 0, 0, 28, 28, 1, 1.64%, 0, 0, 2, 31.44
1629611209, 0, 0, 31, 31, 1, 1.65%, 0, 0, 2, 26.23
1629611219, 0, 0, 34, 34, 1, 1.65%, 0, 0, 2, 36.24
1629611224, 0, 0, 37, 37, 1, 1.66%, 0, 0, 2, 26.37
1629611229, 0, 0, 38, 38, 1, 1.66%, 0, 0, 2, 24.73
1629611234, 0, 0, 39, 39, 1, 1.66%, 0, 0, 2, 24.64
1629611239, 0, 0, 41, 41, 1, 1.68%, 0, 0, 2, 20.91
1629611245, 0, 0, 43, 43, 1, 1.68%, 0, 0, 2, 39.09
1629611250, 0, 0, 44, 44, 1, 1.68%, 0, 0, 2, 29.56
1629611265, 0, 0, 45, 45, 1, 1.68%, 0, 0, 2, 33.15
1629611270, 0, 0, 46, 46, 1, 1.68%, 0, 0, 2, 25.07
1629611286, 0, 0, 47, 47, 1, 1.69%, 0, 0, 2, 24.60
1629611291, 0, 0, 52, 52, 1, 1.70%, 0, 0, 2, 43.23
1629611311, 0, 0, 53, 53, 1, 1.70%, 0, 0, 2, 29.26
1629611316, 0, 0, 54, 54, 1, 1.70%, 0, 0, 2, 26.02
1629611327, 0, 0, 55, 55, 1, 1.70%, 0, 0, 2, 31.06
1629611337, 0, 0, 56, 56, 1, 1.70%, 0, 0, 2, 27.53
1629611342, 0, 0, 59, 59, 1, 1.70%, 0, 0, 2, 28.30
1629611347, 0, 0, 64, 64, 1, 1.71%, 0, 0, 2, 38.28
1629611378, 0, 0, 67, 67, 1, 1.71%, 0, 0, 2, 33.92
1629611383, 0, 0, 69, 69, 1, 1.73%, 0, 0, 2, 75.85
1629611388, 0, 0, 75, 75, 1, 1.73%, 0, 0, 2, 84.05
1629611393, 0, 0, 77, 77, 1, 1.73%, 0, 0, 2, 36.33
1629611409, 0, 0, 79, 79, 1, 1.74%, 0, 0, 2, 23.51
1629611434, 0, 0, 80, 80, 1, 1.74%, 0, 0, 2, 23.73
1629611521, 0, 0, 81, 81, 1, 1.74%, 0, 0, 2, 50.60
1629611526, 0, 0, 82, 82, 1, 1.75%, 0, 0, 2, 44.04
1629611536, 0, 0, 84, 84, 1, 1.75%, 0, 0, 2, 24.49
1629611557, 0, 0, 85, 85, 1, 1.75%, 0, 0, 2, 24.02
1629611567, 0, 0, 86, 86, 1, 1.75%, 0, 0, 2, 24.18
1629611607, 0, 0, 87, 87, 1, 1.75%, 0, 0, 2, 23.72
1629611653, 0, 0, 88, 88, 1, 1.75%, 0, 0, 2, 22.51
1629611669, 0, 0, 95, 95, 1, 1.75%, 0, 0, 2, 25.99
1629611674, 0, 0, 99, 99, 1, 1.75%, 0, 0, 2, 34.57
1629611766, 0, 0, 100, 100, 1, 1.75%, 0, 0, 2, 71.49
1629611854, 0, 0, 102, 102, 1, 1.77%, 0, 0, 2, 131.70
1629611859, 0, 0, 112, 112, 1, 1.78%, 0, 0, 2, 105.84
1629611864, 0, 0, 117, 117, 1, 1.79%, 0, 0, 2, 70.03
1629611869, 0, 0, 120, 120, 1, 1.79%, 0, 0, 2, 61.52
1629611874, 0, 0, 122, 122, 1, 1.79%, 0, 0, 2, 53.19
1629611879, 0, 0, 123, 123, 1, 1.80%, 0, 0, 2, 48.88
1629611894, 0, 0, 126, 126, 1, 1.81%, 0, 0, 2, 84.91
1629611915, 0, 0, 127, 127, 1, 1.81%, 0, 0, 2, 96.06
1629611925, 0, 0, 128, 128, 1, 1.81%, 0, 0, 2, 87.14
1629611930, 0, 0, 129, 129, 1, 1.81%, 0, 0, 2, 85.51
1629611940, 0, 0, 130, 130, 1, 1.83%, 0, 0, 2, 30.96
1629611945, 0, 0, 131, 131, 1, 1.83%, 0, 0, 2, 26.77
1629611960, 0, 0, 132, 132, 1, 1.83%, 0, 0, 2, 24.88
1629612277, 0, 0, 134, 134, 1, 1.86%, 0, 0, 2, 93.29
1629612292, 0, 0, 135, 135, 1, 1.86%, 0, 0, 2, 28.67
1629612420, 0, 0, 136, 136, 1, 1.86%, 0, 0, 2, 23.12
1629612456, 0, 0, 137, 137, 1, 1.86%, 0, 0, 2, 24.21
1629612538, 0, 0, 138, 138, 1, 1.88%, 0, 0, 2, 25.39
1629612558, 0, 0, 139, 139, 1, 1.89%, 0, 0, 2, 27.41
1629612578, 0, 0, 140, 140, 1, 1.89%, 0, 0, 2, 159.67
1629612594, 0, 0, 142, 142, 1, 2.05%, 0, 0, 2, 92.37
1629612599, 0, 0, 145, 145, 1, 2.05%, 0, 0, 2, 74.41
1629612604, 0, 0, 146, 146, 1, 2.05%, 0, 0, 2, 54.12
1629612609, 0, 0, 147, 147, 1, 2.05%, 0, 0, 2, 40.78
1629612629, 0, 0, 148, 148, 1, 2.07%, 0, 0, 2, 39.67
1629612634, 0, 0, 151, 151, 1, 2.07%, 0, 0, 2, 35.38
1629612660, 0, 0, 152, 152, 1, 2.07%, 0, 0, 2, 34.06
1629613018, 0, 0, 155, 155, 1, 2.10%, 0, 0, 2, 58.07
1629613074, 0, 0, 156, 156, 1, 2.10%, 0, 0, 2, 86.01
1629613094, 0, 0, 157, 157, 1, 2.10%, 0, 0, 2, 84.38
1629613104, 0, 0, 158, 158, 1, 2.10%, 0, 0, 2, 87.71
1629613140, 0, 0, 160, 160, 1, 2.11%, 0, 0, 2, 23.02
1629613155, 0, 0, 161, 161, 1, 2.11%, 0, 0, 2, 22.30
1629613160, 0, 0, 162, 162, 1, 2.11%, 0, 0, 2, 23.44
1629614986, 0, 0, 163, 163, 1, 2.11%, 0, 0, 2, 24.20
1629616847, 0, 0, 169, 169, 1, 2.12%, 0, 0, 2, 52.90
1629616852, 0, 0, 176, 176, 1, 2.13%, 0, 0, 2, 63.42
1629616857, 0, 0, 183, 183, 1, 2.13%, 0, 0, 2, 75.01
1629616862, 0, 0, 185, 185, 1, 2.13%, 0, 0, 2, 76.54
1629616867, 0, 0, 188, 188, 1, 2.13%, 0, 0, 2, 68.96
1629616873, 0, 0, 192, 192, 1, 2.13%, 0, 0, 2, 70.41
1629616878, 0, 0, 193, 193, 1, 2.14%, 0, 0, 2, 72.23
1629616883, 0, 0, 198, 198, 1, 2.14%, 0, 0, 2, 71.83
1629616888, 0, 0, 199, 199, 1, 2.14%, 0, 0, 2, 71.00
1629616893, 0, 0, 203, 203, 1, 2.14%, 0, 0, 2, 76.69
1629616898, 0, 0, 205, 205, 1, 2.14%, 0, 0, 2, 78.08
1629616903, 0, 0, 208, 208, 1, 2.14%, 0, 0, 2, 72.93
1629616908, 0, 0, 209, 209, 1, 2.14%, 0, 0, 2, 77.71
1629616914, 0, 0, 210, 210, 1, 2.14%, 0, 0, 2, 81.81
1629616919, 0, 0, 211, 211, 1, 2.14%, 0, 0, 2, 85.46
1629616924, 0, 0, 213, 213, 1, 2.14%, 0, 0, 2, 78.49
1629616929, 0, 0, 214, 214, 1, 2.14%, 0, 0, 2, 77.97
1629616939, 0, 2, 214, 213, 62, 2.14%, 0, 0, 2, 94.96
1629618330, 0, 2, 215, 214, 62, 2.14%, 0, 0, 3, 115.76
1629618335, 0, 3, 215, 213, 61, 2.14%, 0, 0, 3, 138.82
1629618366, 0, 7, 215, 212, 60, 2.14%, 0, 0, 3, 116.88
1629618406, 0, 7, 216, 213, 60, 2.14%, 0, 0, 3, 89.50
1629618645, 0, 7, 217, 214, 60, 2.15%, 0, 0, 3, 77.28
1629618904, 0, 7, 219, 216, 60, 2.17%, 0, 0, 3, 90.60
1629618949, 0, 7, 220, 217, 60, 2.17%, 0, 0, 3, 87.03
1629618975, 0, 7, 221, 218, 60, 2.17%, 0, 0, 3, 77.59
1629620191, 0, 7, 222, 219, 60, 2.17%, 0, 0, 3, 107.55
1629620196, 0, 7, 223, 220, 60, 2.17%, 0, 0, 3, 91.53
1629620206, 0, 13, 223, 219, 65, 2.17%, 0, 0, 3, 106.46
1629620211, 0, 13, 224, 220, 65, 2.17%, 0, 0, 3, 110.88
1629620542, 0, 15, 224, 219, 63, 2.17%, 0, 0, 3, 106.76
1629620704, 0, 15, 225, 220, 63, 2.17%, 0, 0, 3, 99.63
1629622291, 0, 16, 225, 219, 62, 2.17%, 0, 0, 3, 89.70
1629624037, 0, 18, 225, 218, 61, 2.17%, 0, 0, 3, 91.94
1629624529, 0, 18, 226, 219, 61, 2.17%, 0, 0, 3, 90.73
1629625841, 0, 19, 226, 218, 60, 2.17%, 0, 0, 3, 89.01
1629627713, 0, 19, 227, 219, 60, 2.17%, 0, 0, 3, 95.10
1629627718, 0, 20, 227, 218, 59, 2.17%, 0, 0, 3, 92.89
1629629489, 0, 20, 228, 219, 59, 2.17%, 0, 0, 3, 97.47
1629629494, 0, 22, 228, 218, 58, 2.17%, 0, 0, 3, 97.66
1629629504, 0, 22, 229, 219, 58, 2.17%, 0, 0, 3, 89.30
1629631284, 0, 23, 230, 219, 58, 2.17%, 0, 0, 3, 56.53
1629631309, 0, 23, 231, 220, 58, 2.19%, 0, 0, 3, 28.10
1629632015, 0, 23, 232, 221, 58, 2.22%, 0, 0, 3, 102.23
1629632744, 0, 23, 233, 222, 58, 2.22%, 0, 0, 3, 79.32
1629637379, 0, 40, 233, 221, 59, 2.22%, 0, 0, 3, 60.68
1629638461, 0, 43, 233, 220, 58, 2.22%, 0, 0, 3, 112.11
1629638467, 0, 43, 234, 221, 58, 2.22%, 0, 0, 3, 92.72
1629638492, 0, 43, 235, 222, 58, 2.22%, 0, 0, 3, 85.77
1629638686, 0, 43, 236, 223, 58, 2.22%, 0, 0, 3, 104.55
1629638945, 0, 43, 237, 224, 58, 2.22%, 0, 0, 3, 89.47
1629640236, 0, 47, 237, 223, 57, 2.22%, 0, 0, 3, 101.70
1629640266, 0, 47, 238, 224, 57, 2.22%, 0, 0, 3, 89.70
1629641889, 0, 49, 238, 223, 57, 2.22%, 0, 0, 3, 92.80
1629641975, 0, 49, 239, 224, 57, 2.22%, 0, 0, 3, 97.93
1629642529, 0, 49, 240, 225, 57, 2.22%, 0, 0, 3, 87.28
1629643575, 0, 53, 240, 224, 56, 2.22%, 0, 0, 3, 55.27
1629644790, 0, 53, 241, 225, 56, 2.23%, 0, 0, 3, 25.35
1629649269, 0, 61, 241, 224, 56, 2.23%, 0, 0, 3, 56.10
1629655025, 0, 63, 241, 223, 55, 2.23%, 0, 0, 3, 59.56
1629655279, 0, 63, 242, 224, 55, 2.23%, 0, 0, 3, 110.02
1629655457, 0, 63, 243, 225, 55, 2.23%, 0, 0, 3, 94.49
1629656788, 0, 63, 245, 227, 55, 2.23%, 0, 0, 3, 112.83
1629656793, 0, 63, 246, 228, 55, 2.23%, 0, 0, 3, 119.21
1629656798, 0, 63, 247, 229, 55, 2.23%, 0, 0, 3, 124.23
1629656803, 0, 63, 248, 230, 55, 2.23%, 0, 0, 3, 122.70
1629656809, 0, 63, 251, 233, 55, 2.23%, 0, 0, 3, 122.62
1629656814, 0, 63, 253, 235, 55, 2.23%, 0, 0, 3, 120.82
1629656819, 0, 63, 254, 236, 55, 2.23%, 0, 0, 3, 124.28
1629656829, 0, 69, 254, 235, 55, 2.23%, 0, 0, 3, 96.71
1629658509, 0, 71, 255, 235, 55, 2.23%, 0, 0, 3, 100.81
1629660180, 0, 72, 255, 234, 54, 2.23%, 0, 0, 3, 102.85
1629660185, 0, 72, 256, 235, 54, 2.23%, 0, 0, 3, 84.72
1629660190, 0, 72, 257, 236, 54, 2.23%, 0, 0, 3, 85.17
1629660216, 0, 72, 258, 237, 54, 2.23%, 0, 0, 3, 89.51
1629660266, 0, 72, 259, 238, 54, 2.24%, 0, 0, 3, 97.07
1629660480, 0, 72, 260, 239, 54, 2.24%, 0, 0, 3, 85.19
1629661181, 0, 72, 263, 242, 54, 2.24%, 0, 0, 3, 86.68
1629661186, 0, 72, 264, 243, 54, 2.24%, 0, 0, 3, 82.93
1629661206, 0, 72, 266, 245, 54, 2.24%, 0, 0, 3, 120.17
1629661211, 0, 75, 266, 244, 59, 2.24%, 0, 0, 3, 98.00
1629662420, 0, 75, 267, 245, 59, 2.24%, 0, 0, 3, 23.98
1629663129, 0, 75, 270, 248, 59, 2.26%, 0, 0, 3, 38.62
1629663134, 0, 75, 273, 251, 59, 2.33%, 0, 0, 3, 27.39
1629663139, 0, 75, 274, 252, 59, 2.33%, 0, 0, 3, 24.95
1629663144, 0, 75, 276, 254, 59, 2.35%, 0, 0, 3, 23.49
1629666858, 0, 76, 276, 253, 66, 2.35%, 0, 0, 3, 45.07
1629667225, 0, 76, 277, 254, 66, 2.35%, 0, 0, 3, 23.05
1629668804, 0, 76, 278, 255, 66, 2.35%, 0, 0, 3, 24.19
1629672524, 0, 77, 278, 254, 66, 2.35%, 0, 0, 3, 48.76
1629678045, 0, 79, 278, 253, 65, 2.35%, 0, 0, 3, 48.29
1629678362, 0, 79, 279, 254, 65, 2.35%, 0, 0, 3, 34.34
1629683542, 0, 81, 279, 253, 65, 2.35%, 0, 0, 3, 60.57
1629684076, 0, 81, 280, 254, 65, 2.35%, 0, 0, 3, 96.40
1629685304, 0, 109, 280, 253, 64, 2.35%, 0, 0, 3, 96.32
1629685846, 0, 109, 281, 254, 64, 2.35%, 0, 0, 3, 91.19
1629687090, 0, 111, 283, 255, 63, 2.36%, 0, 0, 3, 82.67
1629687765, 0, 111, 284, 256, 63, 2.36%, 0, 0, 3, 78.13
1629689484, 0, 111, 286, 258, 63, 2.36%, 0, 0, 3, 93.96
1629689489, 0, 115, 286, 257, 63, 2.36%, 0, 0, 3, 105.39
1629690022, 0, 115, 287, 258, 63, 2.37%, 0, 0, 3, 142.62
1629690048, 0, 115, 288, 259, 63, 2.37%, 0, 0, 3, 37.42
1629691331, 0, 117, 288, 258, 62, 2.37%, 0, 0, 3, 96.67
1629691347, 0, 117, 289, 259, 62, 2.37%, 0, 0, 3, 93.56
1629691951, 0, 117, 290, 260, 62, 2.37%, 0, 0, 3, 90.43
1629693123, 0, 123, 290, 259, 62, 2.37%, 0, 0, 3, 90.94
1629694950, 0, 127, 290, 258, 61, 2.37%, 0, 0, 3, 96.87
1629694981, 0, 127, 291, 259, 61, 2.37%, 0, 0, 3, 85.97
1629695016, 0, 127, 292, 260, 61, 2.38%, 0, 0, 3, 82.91
1629695219, 0, 127, 293, 261, 61, 2.38%, 0, 0, 3, 91.67
1629695716, 0, 127, 294, 262, 61, 2.38%, 0, 0, 3, 82.72
1629696752, 0, 128, 294, 261, 61, 2.38%, 0, 0, 3, 93.63
1629698524, 0, 129, 295, 261, 60, 2.38%, 0, 0, 3, 94.62
1629698912, 0, 129, 296, 262, 60, 2.38%, 0, 0, 3, 32.67
1629700452, 0, 129, 297, 263, 60, 2.38%, 0, 0, 3, 85.28
1629701026, 0, 137, 297, 262, 60, 2.38%, 0, 0, 3, 83.23
1629701046, 0, 137, 298, 263, 60, 2.38%, 0, 0, 3, 73.35
1629702014, 0, 137, 299, 264, 60, 2.38%, 0, 0, 3, 85.85
1629703458, 0, 138, 299, 263, 61, 2.38%, 0, 0, 3, 49.57
1629708844, 0, 138, 299, 263, 61, 2.38%, 2, 0, 3, 0.90
1629709644, 0, 138, 300, 264, 61, 2.38%, 2, 0, 3, 0.00
