# unix_time, cycles_done, cur_path, paths_total, pending_total, pending_favs, map_size, unique_crashes, unique_hangs, max_depth, execs_per_sec
1619156106, 0, 0, 1, 1, 1, 0.05%, 0, 0, 1, 0.17
1619156111, 0, 0, 2, 2, 1, 0.06%, 0, 0, 2, 134.25
1619156117, 0, 0, 12, 12, 1, 0.07%, 0, 0, 2, 27.30
1619156122, 0, 0, 21, 21, 1, 0.07%, 0, 0, 2, 25.08
1619156127, 0, 0, 26, 26, 1, 0.07%, 0, 0, 2, 21.71
1619156132, 0, 0, 27, 27, 1, 0.07%, 0, 0, 2, 19.08
1619156137, 0, 0, 30, 30, 1, 0.07%, 0, 0, 2, 18.55
1619156142, 0, 0, 32, 32, 1, 0.07%, 0, 0, 2, 18.92
1619156147, 0, 0, 33, 33, 1, 0.07%, 0, 0, 2, 18.77
1619156152, 0, 0, 35, 35, 1, 0.07%, 0, 0, 2, 19.62
1619156157, 0, 0, 36, 36, 1, 0.07%, 0, 0, 2, 18.84
1619156168, 0, 0, 37, 37, 1, 0.07%, 0, 0, 2, 18.99
1619156173, 0, 0, 39, 39, 1, 0.07%, 0, 0, 2, 18.82
1619156178, 0, 0, 42, 42, 1, 0.07%, 0, 0, 2, 19.87
1619156183, 0, 0, 45, 45, 1, 0.07%, 0, 0, 2, 18.66
1619156198, 0, 0, 48, 48, 1, 0.08%, 0, 0, 2, 19.52
1619156203, 0, 0, 51, 51, 1, 0.08%, 0, 0, 2, 20.35
1619156209, 0, 0, 52, 52, 1, 0.08%, 0, 0, 2, 18.99
1619156214, 0, 0, 58, 58, 1, 0.08%, 0, 0, 2, 113.33
1619156219, 0, 0, 64, 64, 1, 0.08%, 0, 0, 2, 26.39
1619156224, 0, 0, 65, 65, 1, 0.08%, 0, 0, 2, 21.84
1619156290, 0, 0, 66, 66, 1, 0.08%, 0, 0, 2, 19.64
1619156295, 0, 0, 68, 68, 1, 0.08%, 0, 0, 2, 123.97
1619156301, 0, 0, 74, 74, 1, 0.08%, 0, 0, 2, 26.05
1619156306, 0, 0, 75, 75, 1, 0.08%, 0, 0, 2, 20.77
1619156311, 0, 0, 77, 77, 1, 0.08%, 0, 0, 2, 19.52
1619156316, 0, 0, 78, 78, 1, 0.08%, 0, 0, 2, 19.08
1619156357, 0, 0, 79, 79, 1, 0.08%, 0, 0, 2, 19.14
1619156367, 0, 0, 81, 81, 1, 0.08%, 0, 0, 2, 19.20
1619156382, 0, 0, 82, 82, 1, 0.08%, 0, 0, 2, 20.16
1619156398, 0, 0, 83, 83, 1, 0.08%, 0, 0, 2, 19.32
1619156403, 0, 0, 84, 84, 1, 0.08%, 0, 0, 2, 20.22
1619156408, 0, 0, 85, 85, 1, 0.08%, 0, 0, 2, 20.05
1619156413, 0, 0, 87, 87, 1, 0.08%, 0, 0, 2, 31.86
1619156418, 0, 0, 92, 92, 1, 0.08%, 0, 0, 2, 22.56
1619156428, 0, 0, 95, 95, 1, 0.08%, 0, 0, 2, 31.85
1619156433, 0, 0, 97, 97, 1, 0.08%, 0, 0, 2, 30.42
1619156443, 0, 0, 98, 98, 1, 0.08%, 0, 0, 2, 19.14
1619156459, 0, 0, 100, 100, 1, 0.08%, 0, 0, 2, 20.65
1619156464, 0, 0, 101, 101, 1, 0.08%, 0, 0, 2, 19.07
1619156520, 0, 0, 102, 102, 1, 0.08%, 0, 0, 2, 21.37
1619156546, 0, 0, 103, 103, 1, 0.08%, 0, 0, 2, 18.61
1619156556, 0, 0, 105, 105, 1, 0.08%, 0, 0, 2, 18.63
1619156587, 0, 0, 106, 106, 1, 0.08%, 0, 0, 2, 19.77
1619156654, 0, 0, 107, 107, 1, 0.08%, 0, 0, 2, 18.92
1619156659, 0, 0, 108, 108, 1, 0.08%, 0, 0, 2, 18.72
1619156782, 0, 0, 109, 109, 1, 0.08%, 0, 0, 2, 18.72
1619156823, 0, 0, 110, 110, 1, 0.08%, 0, 0, 2, 18.65
1619156828, 0, 0, 111, 111, 1, 0.08%, 0, 0, 2, 18.79
1619156880, 0, 0, 112, 112, 1, 0.08%, 0, 0, 2, 21.77
1619156885, 0, 0, 113, 113, 1, 0.08%, 0, 0, 2, 19.24
1619156890, 0, 0, 114, 114, 1, 0.08%, 0, 0, 2, 18.95
1619156916, 0, 0, 115, 115, 1, 0.08%, 0, 0, 2, 20.02
1619156962, 0, 0, 116, 116, 1, 0.08%, 0, 0, 2, 27.29
1619156967, 0, 0, 117, 117, 1, 0.08%, 0, 0, 2, 25.21
1619157008, 0, 0, 119, 119, 1, 0.08%, 0, 0, 2, 34.78
1619157013, 0, 0, 121, 121, 1, 0.08%, 0, 0, 2, 26.20
1619157018, 0, 0, 122, 122, 1, 0.08%, 0, 0, 2, 21.98
1619157059, 0, 0, 125, 125, 1, 0.08%, 0, 0, 2, 19.44
1619157069, 0, 0, 129, 129, 1, 0.08%, 0, 0, 2, 27.22
1619157303, 0, 0, 132, 132, 1, 0.08%, 0, 0, 2, 28.96
1619157323, 0, 0, 133, 133, 1, 0.08%, 0, 0, 2, 34.09
1619157661, 0, 0, 137, 137, 1, 0.08%, 0, 0, 2, 35.73
1619157666, 0, 0, 142, 142, 1, 0.08%, 0, 0, 2, 33.92
1619157671, 0, 0, 148, 148, 1, 0.08%, 0, 0, 2, 24.72
1619157676, 0, 0, 156, 156, 1, 0.08%, 0, 0, 2, 20.46
1619157681, 0, 0, 163, 163, 1, 0.09%, 0, 0, 2, 20.92
1619157687, 0, 0, 170, 170, 1, 0.09%, 0, 0, 2, 24.65
1619157692, 0, 0, 175, 175, 1, 0.09%, 0, 0, 2, 25.99
1619157697, 0, 0, 176, 176, 1, 0.09%, 0, 0, 2, 30.79
1619157702, 0, 0, 177, 177, 1, 0.09%, 0, 0, 2, 32.85
1619157728, 0, 0, 178, 178, 1, 0.09%, 0, 0, 2, 30.94
1619157733, 0, 0, 180, 180, 1, 0.09%, 0, 0, 2, 30.14
1619157738, 0, 0, 181, 181, 1, 0.09%, 0, 0, 2, 29.94
1619157743, 0, 0, 182, 182, 1, 0.09%, 0, 0, 2, 30.00
1619157748, 0, 0, 184, 184, 1, 0.09%, 0, 0, 2, 25.00
1619157779, 0, 0, 187, 187, 1, 0.09%, 0, 0, 2, 24.44
1619157810, 0, 0, 188, 188, 1, 0.09%, 0, 0, 2, 20.87
1619157825, 0, 0, 189, 189, 1, 0.09%, 0, 0, 2, 18.81
1619157830, 0, 0, 190, 190, 1, 0.09%, 0, 0, 2, 19.02
1619157963, 0, 0, 192, 192, 1, 0.09%, 0, 0, 2, 20.26
1619157968, 0, 0, 196, 196, 1, 0.09%, 0, 0, 2, 20.27
1619157989, 0, 0, 197, 197, 1, 0.09%, 0, 0, 2, 23.33
1619158086, 0, 0, 200, 200, 1, 0.09%, 0, 0, 2, 20.88
1619158188, 0, 0, 201, 201, 1, 0.09%, 0, 0, 2, 22.23
1619158413, 0, 0, 203, 203, 1, 0.09%, 0, 0, 2, 21.94
1619158480, 0, 0, 204, 204, 1, 0.09%, 0, 0, 2, 22.26
1619158531, 0, 0, 205, 205, 1, 0.09%, 0, 0, 2, 22.16
1619158838, 0, 0, 206, 206, 1, 0.09%, 0, 0, 2, 18.81
1619159069, 0, 0, 207, 207, 1, 0.09%, 0, 0, 2, 21.55
1619159249, 0, 0, 208, 208, 1, 0.09%, 0, 0, 2, 21.59
1619159310, 0, 0, 209, 209, 1, 0.09%, 0, 0, 2, 297.80
1619159336, 0, 0, 210, 210, 1, 0.09%, 0, 0, 2, 35.06
1619159341, 0, 0, 214, 214, 1, 0.09%, 0, 0, 2, 30.01
1619159346, 0, 0, 216, 216, 1, 0.09%, 0, 0, 2, 26.41
1619159351, 0, 0, 219, 219, 1, 0.09%, 0, 0, 2, 25.18
1619159356, 0, 0, 221, 221, 1, 0.09%, 0, 0, 2, 26.96
1619159361, 0, 0, 226, 226, 1, 0.09%, 0, 0, 2, 26.29
1619159366, 0, 0, 230, 230, 1, 0.10%, 0, 0, 2, 28.88
1619159371, 0, 0, 236, 236, 1, 0.10%, 0, 0, 2, 28.31
1619159377, 0, 0, 240, 240, 1, 0.10%, 0, 0, 2, 28.06
1619159382, 0, 0, 245, 245, 1, 0.10%, 0, 0, 2, 20.90
1619159387, 0, 0, 248, 248, 1, 0.10%, 0, 0, 2, 18.98
1619159392, 0, 0, 249, 249, 1, 0.10%, 0, 0, 2, 18.04
1619159397, 0, 0, 252, 252, 1, 0.11%, 0, 0, 2, 17.77
1619159402, 0, 0, 254, 254, 1, 0.11%, 0, 0, 2, 19.01
1619159407, 0, 0, 257, 257, 1, 0.11%, 0, 0, 2, 18.34
1619159412, 0, 0, 260, 260, 1, 0.11%, 0, 0, 2, 18.85
1619159417, 0, 0, 263, 263, 1, 0.11%, 0, 0, 2, 21.35
1619159422, 0, 0, 265, 265, 1, 0.11%, 0, 0, 2, 26.12
1619159428, 0, 0, 269, 269, 1, 0.11%, 0, 0, 2, 23.65
1619159433, 0, 0, 272, 272, 1, 0.11%, 0, 0, 2, 27.00
1619159453, 0, 0, 273, 273, 1, 0.11%, 0, 0, 2, 34.22
1619159545, 0, 0, 274, 274, 1, 0.11%, 0, 0, 2, 32.70
1619159565, 0, 0, 275, 275, 1, 0.11%, 0, 0, 2, 28.19
1619159672, 0, 0, 277, 277, 1, 0.11%, 0, 0, 2, 18.69
1619159713, 0, 0, 278, 278, 1, 0.11%, 0, 0, 2, 18.88
1619159723, 0, 0, 280, 280, 1, 0.11%, 0, 0, 2, 18.82
1619159739, 0, 0, 282, 282, 1, 0.11%, 0, 0, 2, 18.89
1619159749, 0, 0, 283, 283, 1, 0.11%, 0, 0, 2, 18.39
1619159826, 0, 0, 284, 284, 1, 0.11%, 0, 0, 2, 18.67
1619160463, 0, 0, 286, 286, 1, 0.11%, 0, 0, 2, 18.79
1619160519, 0, 0, 287, 287, 1, 0.11%, 0, 0, 2, 18.75
1619160545, 0, 0, 288, 288, 1, 0.11%, 0, 0, 2, 18.73
1619161027, 0, 0, 289, 289, 1, 0.11%, 0, 0, 2, 18.59
1619161047, 0, 0, 290, 290, 1, 0.11%, 0, 0, 2, 18.78
1619161206, 0, 0, 291, 291, 1, 0.11%, 0, 0, 2, 18.58
1619161520, 0, 0, 292, 292, 1, 0.11%, 0, 0, 2, 18.79
1619161571, 0, 0, 293, 293, 1, 0.11%, 0, 0, 2, 18.80
1619162397, 0, 0, 294, 294, 1, 0.11%, 0, 0, 2, 19.04
1619162407, 0, 0, 295, 295, 1, 0.11%, 0, 0, 2, 18.66
1619163708, 0, 0, 296, 296, 1, 0.11%, 0, 0, 2, 18.67
1619164692, 0, 0, 297, 297, 1, 0.11%, 0, 0, 2, 18.65
1619164702, 0, 0, 298, 298, 1, 0.11%, 0, 0, 2, 18.75
1619164707, 0, 0, 299, 299, 1, 0.11%, 0, 0, 2, 18.39
1619165947, 0, 0, 300, 300, 1, 0.11%, 0, 0, 2, 18.56
1619165952, 0, 0, 301, 301, 1, 0.11%, 0, 0, 2, 18.52
1619166173, 0, 0, 302, 302, 1, 0.11%, 0, 0, 2, 18.70
1619166203, 0, 0, 303, 303, 1, 0.11%, 0, 0, 2, 18.60
1619166214, 0, 0, 304, 304, 1, 0.11%, 0, 0, 2, 18.81
1619166219, 0, 0, 305, 305, 1, 0.11%, 0, 0, 2, 18.65
1619166301, 0, 0, 307, 307, 1, 0.11%, 0, 0, 2, 18.70
1619166932, 0, 0, 308, 308, 1, 0.11%, 0, 0, 2, 27.01
1619166937, 0, 0, 311, 311, 1, 0.11%, 0, 0, 2, 32.88
1619166943, 0, 0, 312, 312, 1, 0.11%, 0, 0, 2, 34.06
1619166948, 0, 0, 314, 314, 1, 0.11%, 0, 0, 2, 34.64
1619166953, 0, 0, 315, 315, 1, 0.11%, 0, 0, 2, 34.70
1619166958, 0, 0, 316, 316, 1, 0.11%, 0, 0, 2, 34.88
1619166978, 0, 0, 317, 317, 1, 0.11%, 0, 0, 2, 33.81
1619166984, 0, 0, 321, 321, 1, 0.11%, 0, 0, 2, 32.85
1619166989, 0, 0, 325, 325, 1, 0.11%, 0, 0, 2, 37.49
1619166994, 0, 0, 331, 331, 1, 0.11%, 0, 0, 2, 32.24
1619166999, 0, 0, 333, 333, 1, 0.11%, 0, 0, 2, 36.64
1619167004, 0, 0, 337, 337, 1, 0.11%, 0, 0, 2, 34.05
1619167009, 0, 0, 340, 340, 1, 0.11%, 0, 0, 2, 35.23
1619167014, 0, 0, 343, 343, 1, 0.11%, 0, 0, 2, 33.33
1619167019, 0, 0, 345, 345, 1, 0.11%, 0, 0, 2, 36.28
1619167029, 0, 0, 346, 346, 1, 0.11%, 0, 0, 2, 36.14
1619167040, 0, 0, 348, 348, 1, 0.11%, 0, 0, 2, 37.23
1619167045, 0, 0, 349, 349, 1, 0.11%, 0, 0, 2, 38.91
1619167050, 0, 0, 351, 351, 1, 0.11%, 0, 0, 2, 36.79
1619167055, 0, 0, 353, 353, 1, 0.11%, 0, 0, 2, 34.58
1619167065, 0, 0, 354, 354, 1, 0.11%, 0, 0, 2, 37.78
1619167070, 0, 0, 356, 356, 1, 0.11%, 0, 0, 2, 36.96
1619167080, 0, 0, 357, 357, 1, 0.11%, 0, 0, 2, 39.37
1619167085, 0, 0, 359, 359, 1, 0.11%, 0, 0, 2, 35.58
1619167090, 0, 0, 360, 360, 1, 0.11%, 0, 0, 2, 35.96
1619167111, 0, 0, 361, 361, 1, 0.11%, 0, 0, 2, 37.65
1619167116, 0, 0, 362, 362, 1, 0.11%, 0, 0, 2, 34.93
1619167121, 0, 0, 364, 364, 1, 0.11%, 0, 0, 2, 35.55
1619167142, 0, 0, 366, 366, 1, 0.11%, 0, 0, 2, 38.66
1619167157, 0, 0, 367, 367, 1, 0.11%, 0, 0, 2, 34.02
1619167162, 0, 0, 368, 368, 1, 0.11%, 0, 0, 2, 37.37
1619167172, 0, 0, 369, 369, 1, 0.11%, 0, 0, 2, 35.11
1619167177, 0, 0, 370, 370, 1, 0.11%, 0, 0, 2, 35.22
1619167192, 0, 0, 371, 371, 1, 0.11%, 0, 0, 2, 35.31
1619167203, 0, 0, 372, 372, 1, 0.11%, 0, 0, 2, 39.88
1619167208, 0, 0, 373, 373, 1, 0.11%, 0, 0, 2, 35.88
1619167213, 0, 0, 374, 374, 1, 0.11%, 0, 0, 2, 34.96
1619167223, 0, 0, 376, 376, 1, 0.11%, 0, 0, 2, 37.06
1619167228, 0, 0, 377, 377, 1, 0.11%, 0, 0, 2, 40.61
1619167233, 0, 0, 378, 378, 1, 0.11%, 0, 0, 2, 41.22
1619167254, 0, 0, 379, 379, 1, 0.11%, 0, 0, 2, 36.96
1619167264, 0, 0, 380, 380, 1, 0.11%, 0, 0, 2, 39.33
1619167274, 0, 0, 381, 381, 1, 0.11%, 0, 0, 2, 35.30
1619167279, 0, 0, 382, 382, 1, 0.11%, 0, 0, 2, 35.30
1619167284, 0, 0, 383, 383, 1, 0.11%, 0, 0, 2, 37.32
1619167299, 0, 0, 384, 384, 1, 0.11%, 0, 0, 2, 40.54
1619167335, 0, 0, 386, 386, 1, 0.11%, 0, 0, 2, 36.60
1619167340, 0, 0, 387, 387, 1, 0.11%, 0, 0, 2, 34.79
1619167356, 0, 0, 388, 388, 1, 0.11%, 0, 0, 2, 36.39
1619167397, 0, 0, 389, 389, 1, 0.11%, 0, 0, 2, 36.37
1619167407, 0, 0, 390, 390, 1, 0.11%, 0, 0, 2, 36.00
1619167417, 0, 0, 391, 391, 1, 0.11%, 0, 0, 2, 38.58
1619167427, 0, 0, 392, 392, 1, 0.11%, 0, 0, 2, 41.47
1619167432, 0, 1, 392, 391, 81, 0.11%, 0, 0, 2, 42.34
1619167678, 0, 3, 392, 390, 80, 0.11%, 0, 0, 2, 29.89
1619168588, 0, 3, 393, 391, 80, 0.11%, 0, 0, 3, 34.69
1619168844, 0, 3, 394, 392, 80, 0.11%, 0, 0, 3, 28.49
1619169110, 0, 3, 395, 393, 80, 0.11%, 0, 0, 3, 29.14
1619169580, 0, 3, 396, 394, 80, 0.11%, 0, 0, 3, 30.71
1619169877, 0, 3, 397, 395, 80, 0.11%, 0, 0, 3, 27.06
1619169974, 0, 3, 398, 396, 80, 0.11%, 0, 0, 3, 27.20
1619171229, 0, 3, 399, 397, 80, 0.11%, 0, 0, 3, 27.48
1619173337, 0, 3, 400, 398, 80, 0.11%, 0, 0, 3, 28.18
1619173368, 0, 3, 401, 399, 80, 0.11%, 0, 0, 3, 27.76
1619173399, 0, 3, 402, 400, 80, 0.11%, 0, 0, 3, 27.27
1619173818, 0, 3, 403, 401, 80, 0.11%, 0, 0, 3, 51.43
1619173843, 0, 3, 405, 403, 80, 0.11%, 0, 0, 3, 55.96
1619173853, 0, 3, 406, 404, 80, 0.11%, 0, 0, 3, 59.59
1619173864, 0, 3, 407, 405, 80, 0.11%, 0, 0, 3, 65.11
1619173879, 0, 3, 408, 406, 80, 0.11%, 0, 0, 3, 63.93
1619173884, 0, 3, 409, 407, 80, 0.11%, 0, 0, 3, 61.35
1619173889, 0, 3, 410, 408, 80, 0.11%, 0, 0, 3, 64.32
1619173914, 0, 3, 411, 409, 80, 0.11%, 0, 0, 3, 62.73
1619173919, 0, 3, 412, 410, 80, 0.11%, 0, 0, 3, 68.38
1619173924, 0, 3, 413, 411, 80, 0.11%, 0, 0, 3, 63.57
1619173939, 0, 3, 414, 412, 80, 0.11%, 0, 0, 3, 68.25
1619173980, 0, 3, 415, 413, 80, 0.11%, 0, 0, 3, 66.18
1619174000, 0, 3, 418, 416, 80, 0.11%, 0, 0, 3, 62.09
1619174010, 0, 3, 419, 417, 80, 0.11%, 0, 0, 3, 64.22
1619174015, 0, 3, 420, 418, 80, 0.11%, 0, 0, 3, 62.21
1619174020, 0, 3, 422, 420, 80, 0.11%, 0, 0, 3, 64.11
1619174076, 0, 3, 423, 421, 80, 0.11%, 0, 0, 3, 62.30
1619174092, 0, 3, 424, 422, 80, 0.11%, 0, 0, 3, 63.82
1619174097, 0, 6, 425, 422, 80, 0.11%, 0, 0, 3, 45.99
1619174102, 0, 6, 426, 423, 80, 0.11%, 0, 0, 3, 35.31
1619174128, 0, 6, 427, 424, 80, 0.11%, 0, 0, 3, 24.27
1619174219, 0, 6, 428, 425, 80, 0.11%, 0, 0, 3, 51.03
1619174224, 0, 6, 429, 426, 80, 0.11%, 0, 0, 3, 48.31
1619174229, 0, 6, 430, 427, 80, 0.11%, 0, 0, 3, 31.11
1619174244, 0, 6, 432, 429, 80, 0.11%, 0, 0, 3, 29.27
1619174250, 0, 6, 433, 430, 80, 0.11%, 0, 0, 3, 39.94
1619174255, 0, 6, 434, 431, 80, 0.11%, 0, 0, 3, 30.39
1619174382, 0, 6, 435, 432, 80, 0.11%, 0, 0, 3, 34.09
1619174438, 0, 6, 436, 433, 80, 0.11%, 0, 0, 3, 28.17
1619174514, 0, 15, 436, 432, 80, 0.11%, 0, 0, 3, 96.65
1619174519, 0, 15, 438, 434, 80, 0.11%, 0, 0, 3, 56.14
1619174524, 0, 15, 440, 436, 80, 0.11%, 0, 0, 3, 50.57
1619174565, 0, 15, 441, 437, 80, 0.11%, 0, 0, 3, 54.07
1619174621, 0, 15, 442, 438, 80, 0.11%, 0, 0, 3, 42.33
1619174865, 0, 23, 442, 437, 81, 0.11%, 0, 0, 3, 156.30
1619175571, 0, 55, 442, 436, 80, 0.11%, 0, 0, 3, 69.65
1619176218, 0, 55, 443, 437, 80, 0.11%, 0, 0, 3, 46.77
1619176339, 0, 55, 444, 438, 80, 0.11%, 0, 0, 3, 47.64
1619177432, 0, 55, 445, 439, 80, 0.11%, 0, 0, 3, 50.96
1619179509, 0, 55, 446, 440, 80, 0.11%, 0, 0, 3, 51.16
1619179803, 0, 55, 447, 441, 80, 0.11%, 0, 0, 3, 61.76
1619179808, 0, 55, 448, 442, 80, 0.11%, 0, 0, 3, 58.37
1619179833, 0, 56, 448, 441, 81, 0.11%, 0, 0, 3, 55.99
1619179950, 0, 56, 449, 442, 81, 0.11%, 0, 0, 3, 50.05
1619181233, 0, 56, 450, 443, 81, 0.11%, 0, 0, 3, 41.38
1619184390, 0, 59, 450, 442, 82, 0.11%, 0, 0, 3, 62.57
1619184395, 0, 59, 451, 443, 82, 0.11%, 0, 0, 3, 40.46
1619184813, 0, 77, 451, 442, 82, 0.11%, 0, 0, 3, 76.40
1619187442, 0, 77, 452, 443, 82, 0.11%, 0, 0, 3, 41.03
1619187467, 0, 77, 453, 444, 82, 0.11%, 0, 0, 3, 30.63
1619187782, 0, 77, 454, 445, 82, 0.11%, 0, 0, 3, 21.61
1619193980, 0, 81, 454, 444, 82, 0.11%, 0, 0, 3, 40.65
1619203178, 0, 86, 454, 443, 81, 0.11%, 0, 0, 3, 48.98
1619204849, 0, 86, 455, 444, 81, 0.11%, 0, 0, 3, 39.22
1619204869, 0, 86, 456, 445, 81, 0.11%, 0, 0, 3, 39.40
1619227684, 0, 86, 457, 446, 81, 0.11%, 0, 0, 3, 2.92
1619227811, 0, 86, 458, 447, 81, 0.11%, 0, 0, 3, 3.41
1619232261, 0, 92, 458, 446, 80, 0.11%, 0, 0, 3, 9.13
1619232307, 0, 92, 459, 447, 80, 0.11%, 0, 0, 3, 4.23
1619235536, 0, 93, 459, 446, 80, 0.11%, 0, 0, 3, 2.63
1619235588, 0, 93, 460, 447, 80, 0.11%, 0, 0, 3, 5.42
1619238181, 0, 94, 460, 446, 80, 0.11%, 0, 0, 3, 19.85
1619239021, 0, 110, 460, 445, 79, 0.11%, 0, 0, 3, 38.07
1619239704, 0, 110, 461, 446, 79, 0.11%, 0, 0, 3, 18.81
