# unix_time, cycles_done, cur_path, paths_total, pending_total, pending_favs, map_size, unique_crashes, unique_hangs, max_depth, execs_per_sec
1654174471, 0, 0, 1, 1, 1, 0.03%, 0, 0, 1, 0.19
1654174492, 0, 0, 4, 4, 1, 0.03%, 0, 0, 2, 17.54
1654174508, 0, 0, 5, 5, 1, 0.03%, 0, 0, 2, 3.02
1654174592, 0, 0, 6, 6, 1, 0.03%, 0, 0, 2, 3.03
1654174598, 0, 0, 7, 7, 1, 0.03%, 0, 0, 2, 3.05
1654174681, 0, 0, 8, 8, 1, 0.03%, 0, 0, 2, 3.04
1654174713, 0, 0, 9, 9, 1, 0.03%, 0, 0, 2, 13.54
1654174812, 0, 0, 10, 10, 1, 0.03%, 0, 0, 2, 2.92
1654174938, 0, 0, 11, 11, 1, 0.03%, 0, 0, 2, 2.78
1654174996, 0, 0, 12, 12, 1, 0.03%, 0, 0, 2, 2.87
1654175075, 0, 0, 13, 13, 1, 0.03%, 0, 0, 2, 2.78
1654175169, 0, 0, 14, 14, 1, 0.03%, 0, 0, 2, 2.86
1654175248, 0, 0, 15, 15, 1, 0.03%, 0, 0, 2, 2.81
1654175873, 0, 0, 16, 16, 1, 0.03%, 0, 0, 2, 6.76
1654176822, 0, 0, 17, 17, 1, 0.03%, 0, 0, 2, 51.46
1654176827, 0, 0, 20, 20, 1, 0.03%, 0, 0, 2, 38.52
1654176833, 0, 0, 23, 23, 1, 0.03%, 0, 0, 2, 27.49
1654176838, 0, 0, 25, 25, 1, 0.03%, 0, 0, 2, 3.06
1654178378, 0, 0, 26, 26, 1, 0.03%, 0, 0, 2, 36.10
1654178384, 0, 0, 27, 27, 1, 0.03%, 0, 0, 2, 2.76
1654178389, 0, 0, 28, 28, 1, 0.03%, 0, 0, 2, 33.57
1654178496, 0, 0, 31, 31, 1, 0.03%, 0, 0, 2, 11.24
1654178502, 0, 0, 33, 33, 1, 0.03%, 0, 0, 2, 13.92
1654178507, 0, 0, 34, 34, 1, 0.03%, 0, 0, 2, 13.66
1654178512, 0, 0, 35, 35, 1, 0.03%, 0, 0, 2, 15.08
1654178517, 0, 0, 38, 38, 1, 0.03%, 0, 0, 2, 13.24
1654178522, 0, 0, 39, 39, 1, 0.03%, 0, 0, 2, 12.77
1654178527, 0, 0, 41, 41, 1, 0.03%, 1, 0, 2, 13.08
1654178532, 0, 0, 42, 42, 1, 0.04%, 1, 0, 2, 13.52
1654178537, 0, 0, 43, 43, 1, 0.04%, 1, 0, 2, 2.35
1654178548, 0, 0, 45, 45, 1, 0.04%, 1, 0, 2, 11.68
1654178553, 0, 0, 46, 46, 1, 0.04%, 1, 0, 2, 9.27
1654178558, 0, 0, 47, 47, 1, 0.05%, 1, 0, 2, 9.09
1654178568, 0, 0, 48, 48, 1, 0.05%, 1, 0, 2, 7.36
1654178573, 0, 0, 49, 49, 1, 0.05%, 1, 0, 2, 7.18
1654178584, 0, 0, 51, 51, 1, 0.06%, 1, 0, 2, 11.95
1654178589, 0, 0, 52, 52, 1, 0.06%, 1, 0, 2, 10.55
1654178610, 0, 0, 53, 53, 1, 0.06%, 1, 0, 2, 12.93
1654178615, 0, 0, 54, 54, 1, 0.06%, 1, 0, 2, 9.40
1654178620, 0, 0, 55, 55, 1, 0.06%, 1, 0, 2, 8.13
1654178625, 0, 0, 57, 57, 1, 0.06%, 1, 0, 2, 11.11
1654178636, 0, 0, 59, 59, 1, 0.06%, 1, 0, 2, 10.93
1654178641, 0, 0, 60, 60, 1, 0.06%, 1, 0, 2, 14.31
1654178651, 0, 0, 61, 61, 1, 0.06%, 1, 0, 2, 9.58
1654178661, 0, 0, 62, 62, 1, 0.06%, 1, 0, 2, 2.83
1654178677, 0, 0, 63, 63, 1, 0.06%, 1, 0, 2, 2.99
1654178682, 0, 0, 64, 64, 1, 0.06%, 1, 0, 2, 2.93
1654178687, 0, 0, 65, 65, 1, 0.06%, 1, 0, 2, 3.89
1654178692, 0, 0, 66, 66, 1, 0.06%, 1, 0, 2, 11.54
1654178697, 0, 0, 68, 68, 1, 0.06%, 1, 0, 2, 9.60
1654178703, 0, 0, 70, 70, 1, 0.06%, 1, 0, 2, 8.96
1654178708, 0, 0, 71, 71, 1, 0.06%, 1, 0, 2, 13.59
1654178718, 0, 0, 72, 72, 1, 0.06%, 1, 0, 2, 14.54
1654178728, 0, 0, 73, 73, 1, 0.06%, 1, 0, 2, 15.64
1654178744, 0, 0, 74, 74, 1, 0.07%, 1, 0, 2, 15.20
1654178765, 0, 0, 75, 75, 1, 0.07%, 1, 0, 2, 3.02
1654178785, 0, 0, 77, 77, 1, 0.07%, 1, 0, 2, 9.93
1654178795, 0, 0, 79, 79, 1, 0.07%, 1, 0, 2, 14.41
1654185147, 0, 0, 80, 80, 1, 0.07%, 1, 0, 2, 3.03
1654185226, 0, 0, 81, 81, 1, 0.07%, 1, 0, 2, 3.05
1654185273, 0, 0, 82, 82, 1, 0.07%, 1, 0, 2, 3.04
1654185289, 0, 0, 83, 83, 1, 0.07%, 1, 0, 2, 3.03
1654185494, 0, 0, 84, 84, 1, 0.07%, 1, 0, 2, 3.04
1654216802, 0, 0, 85, 85, 1, 0.07%, 1, 0, 2, 3.00
1654218505, 0, 0, 86, 86, 1, 0.07%, 1, 0, 2, 5.10
1654218593, 0, 0, 87, 87, 1, 0.07%, 1, 0, 2, 6.57
1654218608, 0, 0, 88, 88, 1, 0.07%, 1, 0, 2, 15.62
1654218789, 0, 0, 89, 89, 1, 0.07%, 1, 0, 2, 3.07
1654218992, 0, 0, 90, 90, 1, 0.07%, 1, 0, 2, 9.67
1654219888, 0, 2, 90, 89, 37, 0.07%, 1, 0, 2, 177.84
1654219984, 0, 3, 90, 88, 36, 0.07%, 1, 0, 2, 115.41
1654223930, 0, 8, 90, 87, 35, 0.07%, 1, 0, 2, 23.35
1654223945, 0, 8, 91, 88, 35, 0.07%, 1, 0, 3, 69.13
1654223986, 0, 8, 92, 89, 35, 0.07%, 1, 0, 3, 243.21
1654224042, 0, 8, 93, 90, 35, 0.07%, 1, 0, 3, 53.41
1654224572, 0, 10, 93, 89, 32, 0.07%, 1, 0, 3, 138.23
1654225150, 0, 10, 93, 89, 32, 0.07%, 2, 0, 3, 14.43
1654225279, 0, 10, 94, 90, 32, 0.07%, 2, 0, 3, 15.33
1654231470, 0, 12, 94, 89, 32, 0.07%, 2, 0, 3, 2.50
1654232801, 0, 12, 95, 90, 32, 0.07%, 2, 0, 3, 13.78
1654232806, 0, 12, 96, 91, 32, 0.07%, 3, 0, 3, 16.12
1654232811, 0, 12, 97, 92, 32, 0.07%, 3, 0, 3, 10.68
1654249980, 0, 23, 97, 91, 33, 0.07%, 3, 0, 3, 38.92
1654250269, 0, 23, 98, 92, 33, 0.07%, 3, 0, 3, 15.93
1654250294, 0, 23, 99, 93, 33, 0.07%, 3, 0, 3, 16.06
1654250408, 0, 23, 100, 94, 33, 0.07%, 3, 0, 3, 15.08
1654250459, 0, 23, 102, 96, 33, 0.07%, 3, 0, 3, 2.99
1654250469, 0, 23, 103, 97, 33, 0.07%, 3, 0, 3, 17.18
1654250660, 0, 23, 104, 98, 33, 0.07%, 3, 0, 3, 16.73
1654251628, 0, 26, 104, 97, 34, 0.07%, 3, 0, 3, 3.05
1654293899, 0, 27, 104, 96, 33, 0.07%, 3, 0, 3, 12.18
1654300241, 0, 30, 104, 95, 32, 0.07%, 3, 0, 3, 24.01
1654304346, 0, 31, 104, 94, 31, 0.07%, 3, 0, 3, 56.37
1654304913, 0, 31, 105, 95, 31, 0.07%, 3, 0, 3, 15.74
1654308256, 0, 32, 105, 94, 30, 0.07%, 3, 0, 3, 17.64
1654309615, 0, 32, 106, 95, 30, 0.07%, 3, 0, 3, 9.53
1654309676, 0, 32, 107, 96, 30, 0.07%, 3, 0, 3, 9.31
1654309886, 0, 32, 108, 97, 30, 0.07%, 3, 0, 3, 10.05
1654309907, 0, 32, 108, 97, 30, 0.07%, 4, 0, 3, 13.37
1654322006, 0, 35, 108, 96, 31, 0.07%, 4, 0, 3, 136.59
1654350673, 0, 40, 108, 95, 30, 0.07%, 4, 0, 3, 19.45
1654351796, 0, 40, 109, 96, 30, 0.07%, 4, 0, 3, 32.22
1654351827, 0, 40, 110, 97, 30, 0.07%, 4, 0, 3, 15.14
1654352012, 0, 40, 112, 99, 30, 0.07%, 5, 0, 3, 14.65
1654362133, 0, 41, 112, 98, 30, 0.07%, 5, 0, 3, 15.39
1654365291, 0, 41, 113, 99, 30, 0.07%, 5, 0, 3, 11.91
1654378231, 0, 42, 113, 98, 30, 0.07%, 5, 0, 3, 4.47
1654387582, 0, 42, 114, 99, 30, 0.07%, 5, 0, 3, 2.13
1654436568, 0, 43, 114, 98, 29, 0.07%, 5, 0, 3, 16.32
1654436771, 0, 43, 115, 99, 29, 0.07%, 5, 0, 3, 7.80
1654437469, 0, 43, 115, 99, 29, 0.07%, 6, 0, 3, 0.71
1654437475, 0, 43, 115, 99, 29, 0.07%, 7, 0, 3, 0.70
1654437526, 0, 43, 115, 99, 29, 0.07%, 8, 0, 3, 0.91
1654438425, 0, 43, 115, 99, 29, 0.07%, 9, 0, 3, 0.70
1654438506, 0, 43, 115, 99, 29, 0.07%, 10, 0, 3, 0.92
1654438603, 0, 43, 115, 99, 29, 0.07%, 11, 0, 3, 0.70
1654438642, 0, 43, 115, 99, 29, 0.07%, 12, 0, 3, 0.70
1654438650, 0, 43, 115, 99, 29, 0.07%, 13, 0, 3, 0.47
1654438662, 0, 43, 115, 99, 29, 0.07%, 14, 0, 3, 0.47
1654438704, 0, 43, 115, 99, 29, 0.07%, 15, 0, 3, 0.47
1654438779, 0, 43, 115, 99, 29, 0.07%, 16, 0, 3, 16.54
1654440196, 0, 43, 116, 100, 29, 0.07%, 16, 0, 3, 0.70
1654440240, 0, 43, 116, 100, 29, 0.07%, 17, 0, 3, 0.24
1654441738, 0, 43, 117, 101, 29, 0.07%, 17, 0, 3, 0.87
1654443336, 0, 43, 117, 101, 29, 0.07%, 18, 0, 3, 0.26
1654443529, 0, 43, 118, 102, 29, 0.07%, 18, 0, 3, 0.87
1654449194, 0, 43, 119, 103, 29, 0.07%, 18, 0, 3, 0.24
1654451633, 0, 43, 120, 104, 29, 0.07%, 18, 0, 3, 0.91
1654465076, 0, 44, 120, 103, 29, 0.07%, 18, 0, 3, 11.91
1654467183, 0, 44, 120, 103, 29, 0.07%, 19, 0, 3, 11.77
1654482842, 0, 46, 120, 102, 28, 0.07%, 19, 0, 3, 2.51
