# unix_time, cycles_done, cur_path, paths_total, pending_total, pending_favs, map_size, unique_crashes, unique_hangs, max_depth, execs_per_sec
1630486561, 0, 0, 1, 1, 1, 0.00%, 0, 0, 1, 0.12
1630486581, 0, 0, 2, 2, 1, 0.01%, 0, 0, 2, 5.01
1630486586, 0, 0, 3, 3, 1, 0.01%, 1, 0, 2, 4.13
1630486602, 0, 0, 4, 4, 1, 0.01%, 1, 0, 2, 4.37
1630486607, 0, 0, 5, 5, 1, 0.01%, 1, 0, 2, 4.62
1630486617, 0, 0, 6, 6, 1, 0.01%, 1, 0, 2, 5.17
1630486633, 0, 0, 8, 8, 1, 0.01%, 1, 0, 2, 7.98
1630486674, 0, 0, 10, 10, 1, 0.01%, 1, 0, 2, 11.12
1630486694, 0, 0, 11, 11, 1, 0.01%, 1, 0, 2, 10.48
1630486715, 0, 0, 12, 12, 1, 0.01%, 1, 0, 2, 10.22
1630486735, 0, 0, 13, 13, 1, 0.01%, 1, 0, 2, 13.41
1630486750, 0, 0, 15, 15, 1, 0.01%, 1, 0, 2, 10.64
1630486797, 0, 0, 16, 16, 1, 0.01%, 1, 0, 2, 10.76
1630486863, 0, 0, 17, 17, 1, 0.01%, 1, 0, 2, 10.51
1630486899, 0, 0, 18, 18, 1, 0.01%, 1, 0, 2, 10.58
1630486925, 0, 0, 19, 19, 1, 0.01%, 1, 0, 2, 10.36
1630486966, 0, 0, 20, 20, 1, 0.01%, 1, 0, 2, 10.74
1630486987, 0, 0, 21, 21, 1, 0.01%, 1, 0, 2, 10.46
1630487099, 0, 0, 22, 22, 1, 0.01%, 1, 0, 2, 10.50
1630487120, 0, 0, 23, 23, 1, 0.01%, 1, 0, 2, 10.46
1630487145, 0, 0, 24, 24, 1, 0.01%, 1, 0, 2, 10.40
1630487310, 0, 0, 25, 25, 1, 0.01%, 1, 0, 2, 11.68
1630487315, 0, 0, 27, 27, 1, 0.01%, 1, 0, 2, 10.96
1630487320, 0, 0, 28, 28, 1, 0.01%, 1, 0, 2, 10.24
1630487880, 0, 0, 30, 30, 1, 0.01%, 1, 0, 2, 8.23
1630487900, 0, 0, 31, 31, 1, 0.01%, 1, 0, 2, 7.78
1630487926, 0, 0, 32, 32, 1, 0.01%, 1, 0, 2, 8.48
1630487947, 0, 0, 35, 35, 1, 0.01%, 1, 0, 2, 10.88
1630487967, 0, 0, 36, 36, 1, 0.01%, 1, 0, 2, 11.25
1630488065, 0, 0, 37, 37, 1, 0.01%, 1, 0, 2, 10.20
1630488162, 0, 0, 38, 38, 1, 0.01%, 1, 0, 2, 9.85
1630488167, 0, 0, 39, 39, 1, 0.01%, 1, 0, 2, 9.96
1630489580, 0, 0, 40, 40, 1, 0.01%, 1, 0, 2, 9.44
1630489590, 0, 0, 41, 41, 1, 0.01%, 1, 0, 2, 9.45
1630489749, 0, 0, 42, 42, 1, 0.01%, 1, 0, 2, 9.49
1630490092, 0, 0, 43, 43, 1, 0.01%, 1, 0, 2, 12.38
1630490262, 0, 0, 44, 44, 1, 0.01%, 1, 0, 2, 11.97
1630490267, 0, 0, 45, 45, 1, 0.01%, 1, 0, 2, 12.33
1630492251, 0, 0, 46, 46, 1, 0.01%, 1, 0, 2, 11.42
1630492312, 0, 0, 47, 47, 1, 0.01%, 1, 0, 2, 12.08
1630492333, 0, 0, 48, 48, 1, 0.01%, 1, 0, 2, 11.84
1630494018, 0, 0, 49, 49, 1, 0.01%, 1, 0, 2, 10.63
1630498464, 0, 0, 50, 50, 1, 0.01%, 1, 0, 2, 11.06
1630498531, 0, 0, 51, 51, 1, 0.01%, 1, 0, 2, 10.71
1630498582, 0, 0, 52, 52, 1, 0.01%, 1, 0, 2, 11.14
1630498598, 0, 0, 53, 53, 1, 0.01%, 1, 0, 2, 11.19
1630498619, 0, 0, 54, 54, 1, 0.01%, 1, 0, 2, 11.14
1630513411, 0, 0, 55, 55, 1, 0.01%, 1, 0, 2, 11.79
1630513457, 0, 0, 56, 56, 1, 0.01%, 1, 0, 2, 14.83
1630513508, 0, 0, 57, 57, 1, 0.01%, 1, 0, 2, 14.50
1630513637, 0, 0, 58, 58, 1, 0.01%, 1, 0, 2, 14.92
1630513914, 0, 5, 58, 57, 22, 0.01%, 1, 0, 2, 13.54
1630537713, 0, 5, 59, 58, 22, 0.01%, 1, 0, 3, 17.17
1630537744, 0, 6, 59, 57, 20, 0.01%, 1, 0, 3, 16.54
1630539321, 0, 6, 60, 58, 20, 0.01%, 1, 0, 3, 11.56
1630540514, 0, 6, 61, 59, 20, 0.01%, 1, 0, 3, 8.69
1630564492, 0, 12, 61, 58, 20, 0.01%, 1, 0, 3, 13.42
1630565230, 0, 12, 62, 59, 20, 0.01%, 1, 0, 3, 8.71
1630566842, 0, 13, 62, 58, 20, 0.01%, 1, 0, 3, 25.58
