# unix_time, cycles_done, cur_path, paths_total, pending_total, pending_favs, map_size, unique_crashes, unique_hangs, max_depth, execs_per_sec
1619156037, 0, 0, 1, 1, 1, 0.05%, 0, 0, 1, 0.17
1619156042, 0, 0, 3, 3, 1, 0.06%, 0, 0, 2, 113.46
1619156047, 0, 0, 13, 13, 1, 0.07%, 0, 0, 2, 50.22
1619156052, 0, 0, 22, 22, 1, 0.07%, 0, 0, 2, 28.74
1619156058, 0, 0, 27, 27, 1, 0.07%, 0, 0, 2, 22.23
1619156063, 0, 0, 28, 28, 1, 0.07%, 0, 0, 2, 19.30
1619156068, 0, 0, 31, 31, 1, 0.07%, 0, 0, 2, 19.59
1619156073, 0, 0, 32, 32, 1, 0.07%, 0, 0, 2, 18.83
1619156078, 0, 0, 34, 34, 1, 0.07%, 0, 0, 2, 18.37
1619156083, 0, 0, 35, 35, 1, 0.07%, 0, 0, 2, 19.24
1619156088, 0, 0, 36, 36, 1, 0.07%, 0, 0, 2, 18.70
1619156098, 0, 0, 37, 37, 1, 0.07%, 0, 0, 2, 19.10
1619156103, 0, 0, 39, 39, 1, 0.07%, 0, 0, 2, 18.85
1619156109, 0, 0, 42, 42, 1, 0.07%, 0, 0, 2, 19.68
1619156114, 0, 0, 45, 45, 1, 0.07%, 0, 0, 2, 18.57
1619156129, 0, 0, 48, 48, 1, 0.08%, 0, 0, 2, 19.44
1619156134, 0, 0, 51, 51, 1, 0.08%, 0, 0, 2, 20.20
1619156139, 0, 0, 52, 52, 1, 0.08%, 0, 0, 2, 18.54
1619156144, 0, 0, 57, 57, 1, 0.08%, 0, 0, 2, 25.97
1619156150, 0, 0, 64, 64, 1, 0.08%, 0, 0, 2, 27.54
1619156155, 0, 0, 65, 65, 1, 0.08%, 0, 0, 2, 22.36
1619156221, 0, 0, 66, 66, 1, 0.08%, 0, 0, 2, 19.73
1619156231, 0, 0, 71, 71, 1, 0.08%, 0, 0, 2, 25.22
1619156236, 0, 0, 75, 75, 1, 0.08%, 0, 0, 2, 22.36
1619156241, 0, 0, 76, 76, 1, 0.08%, 0, 0, 2, 19.68
1619156246, 0, 0, 77, 77, 1, 0.08%, 0, 0, 2, 19.50
1619156251, 0, 0, 78, 78, 1, 0.08%, 0, 0, 2, 18.51
1619156292, 0, 0, 79, 79, 1, 0.08%, 0, 0, 2, 18.77
1619156302, 0, 0, 80, 80, 1, 0.08%, 0, 0, 2, 18.55
1619156312, 0, 0, 81, 81, 1, 0.08%, 0, 0, 2, 22.38
1619156333, 0, 0, 83, 83, 1, 0.08%, 0, 0, 2, 21.07
1619156343, 0, 0, 84, 84, 1, 0.08%, 0, 0, 2, 144.15
1619156348, 0, 0, 87, 87, 1, 0.08%, 0, 0, 2, 51.57
1619156353, 0, 0, 91, 91, 1, 0.08%, 0, 0, 2, 30.75
1619156363, 0, 0, 94, 94, 1, 0.08%, 0, 0, 2, 31.24
1619156368, 0, 0, 96, 96, 1, 0.08%, 0, 0, 2, 27.96
1619156379, 0, 0, 97, 97, 1, 0.08%, 0, 0, 2, 18.57
1619156394, 0, 0, 100, 100, 1, 0.08%, 0, 0, 2, 19.76
1619156456, 0, 0, 101, 101, 1, 0.08%, 0, 0, 2, 21.54
1619156481, 0, 0, 102, 102, 1, 0.08%, 0, 0, 2, 18.12
1619156491, 0, 0, 103, 103, 1, 0.08%, 0, 0, 2, 18.00
1619156496, 0, 0, 104, 104, 1, 0.08%, 0, 0, 2, 18.06
1619156521, 0, 0, 105, 105, 1, 0.08%, 0, 0, 2, 21.87
1619156592, 0, 0, 106, 106, 1, 0.08%, 0, 0, 2, 18.16
1619156598, 0, 0, 107, 107, 1, 0.08%, 0, 0, 2, 18.27
1619156765, 0, 0, 108, 108, 1, 0.08%, 0, 0, 2, 18.23
1619156771, 0, 0, 109, 109, 1, 0.08%, 0, 0, 2, 18.34
1619156826, 0, 0, 110, 110, 1, 0.08%, 0, 0, 2, 19.82
1619156857, 0, 0, 111, 111, 1, 0.08%, 0, 0, 2, 21.07
1619156908, 0, 0, 113, 113, 1, 0.08%, 0, 0, 2, 30.13
1619156954, 0, 0, 116, 116, 1, 0.08%, 0, 0, 2, 34.21
1619156959, 0, 0, 117, 117, 1, 0.08%, 0, 0, 2, 24.56
1619156964, 0, 0, 118, 118, 1, 0.08%, 0, 0, 2, 21.13
1619157005, 0, 0, 121, 121, 1, 0.08%, 0, 0, 2, 18.95
1619157015, 0, 0, 125, 125, 1, 0.08%, 0, 0, 2, 31.42
1619157250, 0, 0, 129, 129, 1, 0.08%, 0, 0, 2, 28.26
1619157271, 0, 0, 130, 130, 1, 0.08%, 0, 0, 2, 31.47
1619157613, 0, 0, 135, 135, 1, 0.08%, 0, 0, 2, 34.49
1619157618, 0, 0, 140, 140, 1, 0.08%, 0, 0, 2, 33.77
1619157623, 0, 0, 147, 147, 1, 0.08%, 0, 0, 2, 27.68
1619157628, 0, 0, 154, 154, 1, 0.08%, 0, 0, 2, 21.72
1619157633, 0, 0, 162, 162, 1, 0.08%, 0, 0, 2, 21.06
1619157638, 0, 0, 170, 170, 1, 0.09%, 0, 0, 2, 21.71
1619157643, 0, 0, 175, 175, 1, 0.09%, 0, 0, 2, 25.97
1619157648, 0, 0, 176, 176, 1, 0.09%, 0, 0, 2, 32.20
1619157654, 0, 0, 177, 177, 1, 0.09%, 0, 0, 2, 31.68
1619157695, 0, 0, 179, 179, 1, 0.09%, 0, 0, 2, 29.79
1619157700, 0, 0, 181, 181, 1, 0.09%, 0, 0, 2, 25.77
1619157705, 0, 0, 182, 182, 1, 0.09%, 0, 0, 2, 20.44
1619157710, 0, 0, 183, 183, 1, 0.09%, 0, 0, 2, 18.68
1619157725, 0, 0, 184, 184, 1, 0.09%, 0, 0, 2, 27.40
1619157730, 0, 0, 188, 188, 1, 0.09%, 0, 0, 2, 22.20
1619157746, 0, 0, 189, 189, 1, 0.09%, 0, 0, 2, 28.96
1619157771, 0, 0, 190, 190, 1, 0.09%, 0, 0, 2, 18.36
1619157786, 0, 0, 191, 191, 1, 0.09%, 0, 0, 2, 17.98
1619157909, 0, 0, 196, 196, 1, 0.09%, 0, 0, 2, 24.44
1619157914, 0, 0, 197, 197, 1, 0.09%, 0, 0, 2, 25.78
1619157929, 0, 0, 198, 198, 1, 0.09%, 0, 0, 2, 26.09
1619157975, 0, 0, 199, 199, 1, 0.09%, 0, 0, 2, 21.91
1619158037, 0, 0, 200, 200, 1, 0.09%, 0, 0, 2, 24.88
1619158067, 0, 0, 201, 201, 1, 0.09%, 0, 0, 2, 27.41
1619158288, 0, 0, 202, 202, 1, 0.09%, 0, 0, 2, 21.73
1619158293, 0, 0, 203, 203, 1, 0.09%, 0, 0, 2, 25.00
1619158354, 0, 0, 204, 204, 1, 0.09%, 0, 0, 2, 26.74
1619158558, 0, 0, 205, 205, 1, 0.09%, 0, 0, 2, 24.21
1619158803, 0, 0, 206, 206, 1, 0.09%, 0, 0, 2, 23.76
1619158987, 0, 0, 207, 207, 1, 0.09%, 0, 0, 2, 25.98
1619159039, 0, 0, 208, 208, 1, 0.09%, 0, 0, 2, 42.21
1619159059, 0, 0, 209, 209, 1, 0.09%, 0, 0, 2, 57.20
1619159064, 0, 0, 213, 213, 1, 0.09%, 0, 0, 2, 41.95
1619159069, 0, 0, 215, 215, 1, 0.09%, 0, 0, 2, 36.47
1619159074, 0, 0, 218, 218, 1, 0.09%, 0, 0, 2, 36.85
1619159080, 0, 0, 225, 225, 1, 0.10%, 0, 0, 2, 33.07
1619159085, 0, 0, 230, 230, 1, 0.10%, 0, 0, 2, 32.52
1619159090, 0, 0, 235, 235, 1, 0.10%, 0, 0, 2, 32.95
1619159095, 0, 0, 241, 241, 1, 0.10%, 0, 0, 2, 26.04
1619159100, 0, 0, 245, 245, 1, 0.10%, 0, 0, 2, 22.63
1619159105, 0, 0, 248, 248, 1, 0.10%, 0, 0, 2, 21.91
1619159110, 0, 0, 252, 252, 1, 0.10%, 0, 0, 2, 22.02
1619159116, 0, 0, 255, 255, 1, 0.10%, 0, 0, 2, 21.95
1619159121, 0, 0, 258, 258, 1, 0.10%, 0, 0, 2, 24.29
1619159126, 0, 0, 262, 262, 1, 0.10%, 0, 0, 2, 23.95
1619159131, 0, 0, 264, 264, 1, 0.10%, 0, 0, 2, 30.74
1619159136, 0, 0, 269, 269, 1, 0.10%, 0, 0, 2, 28.05
1619159141, 0, 0, 273, 273, 1, 0.10%, 0, 0, 2, 30.58
1619159243, 0, 0, 274, 274, 1, 0.10%, 0, 0, 2, 37.83
1619159248, 0, 0, 275, 275, 1, 0.10%, 0, 0, 2, 37.95
1619159258, 0, 0, 277, 277, 1, 0.10%, 0, 0, 2, 36.43
1619159268, 0, 0, 278, 278, 1, 0.10%, 0, 0, 2, 37.88
1619159339, 0, 0, 280, 280, 1, 0.10%, 0, 0, 2, 21.65
1619159380, 0, 0, 281, 281, 1, 0.10%, 0, 0, 2, 21.94
1619159390, 0, 0, 282, 282, 1, 0.10%, 0, 0, 2, 21.56
1619159401, 0, 0, 283, 283, 1, 0.10%, 0, 0, 2, 22.00
1619159411, 0, 0, 284, 284, 1, 0.10%, 0, 0, 2, 21.81
1619159477, 0, 0, 285, 285, 1, 0.10%, 0, 0, 2, 21.37
1619160027, 0, 0, 286, 286, 1, 0.10%, 0, 0, 2, 21.68
1619160032, 0, 0, 287, 287, 1, 0.10%, 0, 0, 2, 21.67
1619160078, 0, 0, 288, 288, 1, 0.10%, 0, 0, 2, 21.49
1619160104, 0, 0, 289, 289, 1, 0.10%, 0, 0, 2, 21.84
1619160518, 0, 0, 290, 290, 1, 0.10%, 0, 0, 2, 21.49
1619160533, 0, 0, 291, 291, 1, 0.10%, 0, 0, 2, 21.55
1619160672, 0, 0, 292, 292, 1, 0.10%, 0, 0, 2, 21.73
1619160942, 0, 0, 293, 293, 1, 0.10%, 0, 0, 2, 21.35
1619160989, 0, 0, 294, 294, 1, 0.10%, 0, 0, 2, 21.73
1619161705, 0, 0, 295, 295, 1, 0.10%, 0, 0, 2, 21.89
1619161715, 0, 0, 296, 296, 1, 0.10%, 0, 0, 2, 21.74
1619162830, 0, 0, 297, 297, 1, 0.10%, 0, 0, 2, 21.74
1619162845, 0, 0, 298, 298, 1, 0.10%, 0, 0, 2, 21.70
1619163699, 0, 0, 299, 299, 1, 0.10%, 0, 0, 2, 21.75
1619163714, 0, 0, 300, 300, 1, 0.10%, 0, 0, 2, 21.68
1619163719, 0, 0, 301, 301, 1, 0.10%, 0, 0, 2, 21.57
1619164791, 0, 0, 302, 302, 1, 0.10%, 0, 0, 2, 21.67
1619164796, 0, 0, 303, 303, 1, 0.10%, 0, 0, 2, 21.17
1619164985, 0, 0, 304, 304, 1, 0.10%, 0, 0, 2, 21.70
1619165016, 0, 0, 305, 305, 1, 0.10%, 0, 0, 2, 21.67
1619165021, 0, 0, 306, 306, 1, 0.10%, 0, 0, 2, 21.52
1619165026, 0, 0, 307, 307, 1, 0.10%, 0, 0, 2, 21.64
1619165098, 0, 0, 309, 309, 1, 0.10%, 0, 0, 2, 21.84
1619165639, 0, 0, 310, 310, 1, 0.10%, 0, 0, 2, 32.09
1619165644, 0, 0, 313, 313, 1, 0.10%, 0, 0, 2, 45.89
1619165649, 0, 0, 315, 315, 1, 0.10%, 0, 0, 2, 46.78
1619165655, 0, 0, 317, 317, 1, 0.10%, 0, 0, 2, 48.88
1619165660, 0, 0, 318, 318, 1, 0.10%, 0, 0, 2, 49.41
1619165680, 0, 0, 320, 320, 1, 0.10%, 0, 0, 2, 27.97
1619165685, 0, 0, 326, 326, 1, 0.10%, 0, 0, 2, 44.94
1619165690, 0, 0, 330, 330, 1, 0.10%, 0, 0, 2, 49.09
1619165695, 0, 0, 331, 331, 1, 0.10%, 0, 0, 2, 47.10
1619165700, 0, 0, 334, 334, 1, 0.10%, 0, 0, 2, 41.86
1619165706, 0, 0, 337, 337, 1, 0.10%, 0, 0, 2, 39.63
1619165711, 0, 0, 339, 339, 1, 0.10%, 0, 0, 2, 43.73
1619165716, 0, 0, 342, 342, 1, 0.10%, 0, 0, 2, 47.80
1619165721, 0, 0, 343, 343, 1, 0.10%, 0, 0, 2, 43.59
1619165726, 0, 0, 345, 345, 1, 0.10%, 0, 0, 2, 46.51
1619165736, 0, 0, 346, 346, 1, 0.10%, 0, 0, 2, 46.02
1619165741, 0, 0, 348, 348, 1, 0.10%, 0, 0, 2, 45.30
1619165746, 0, 0, 350, 350, 1, 0.10%, 0, 0, 2, 44.34
1619165762, 0, 0, 351, 351, 1, 0.10%, 0, 0, 2, 41.92
1619165772, 0, 0, 352, 352, 1, 0.10%, 0, 0, 2, 42.55
1619165782, 0, 0, 354, 354, 1, 0.10%, 0, 0, 2, 42.55
1619165787, 0, 0, 355, 355, 1, 0.10%, 0, 0, 2, 43.13
1619165803, 0, 0, 356, 356, 1, 0.10%, 0, 0, 2, 44.09
1619165808, 0, 0, 357, 357, 1, 0.10%, 0, 0, 2, 43.70
1619165813, 0, 0, 358, 358, 1, 0.10%, 0, 0, 2, 45.78
1619165818, 0, 0, 359, 359, 1, 0.10%, 0, 0, 2, 46.08
1619165829, 0, 0, 361, 361, 1, 0.10%, 0, 0, 2, 48.55
1619165834, 0, 0, 363, 363, 1, 0.10%, 0, 0, 2, 47.39
1619165839, 0, 0, 364, 364, 1, 0.10%, 0, 0, 2, 43.21
1619165844, 0, 0, 365, 365, 1, 0.10%, 0, 0, 2, 45.86
1619165849, 0, 0, 366, 366, 1, 0.11%, 0, 0, 2, 45.61
1619165854, 0, 0, 367, 367, 1, 0.11%, 0, 0, 2, 45.24
1619165875, 0, 0, 368, 368, 1, 0.11%, 0, 0, 2, 44.34
1619165880, 0, 0, 369, 369, 1, 0.11%, 0, 0, 2, 43.83
1619165890, 0, 0, 373, 373, 1, 0.11%, 0, 0, 2, 44.28
1619165895, 0, 0, 374, 374, 1, 0.11%, 0, 0, 2, 41.75
1619165901, 0, 0, 376, 376, 1, 0.11%, 0, 0, 2, 42.85
1619165911, 0, 0, 377, 377, 1, 0.11%, 0, 0, 2, 44.75
1619165926, 0, 0, 378, 378, 1, 0.11%, 0, 0, 2, 43.95
1619165942, 0, 0, 379, 379, 1, 0.11%, 0, 0, 2, 43.83
1619165947, 0, 0, 380, 380, 1, 0.11%, 0, 0, 2, 51.23
1619165952, 0, 0, 381, 381, 1, 0.11%, 0, 0, 2, 46.58
1619165968, 0, 0, 382, 382, 1, 0.11%, 0, 0, 2, 45.07
1619165998, 0, 0, 383, 383, 1, 0.11%, 0, 0, 2, 44.83
1619166039, 0, 0, 384, 384, 1, 0.11%, 0, 0, 2, 44.73
1619166049, 0, 3, 384, 383, 78, 0.11%, 0, 0, 2, 44.19
1619166369, 0, 3, 385, 384, 78, 0.11%, 0, 0, 3, 38.71
1619166932, 0, 3, 386, 385, 78, 0.11%, 0, 0, 3, 36.59
1619167486, 0, 3, 387, 386, 78, 0.11%, 0, 0, 3, 37.34
1619167633, 0, 3, 388, 387, 78, 0.11%, 0, 0, 3, 37.00
1619167735, 0, 3, 389, 388, 78, 0.11%, 0, 0, 3, 35.98
1619168733, 0, 3, 390, 389, 78, 0.11%, 0, 0, 3, 37.37
1619170325, 0, 3, 391, 390, 78, 0.11%, 0, 0, 3, 37.51
1619170350, 0, 3, 393, 392, 78, 0.11%, 0, 0, 3, 37.51
1619170370, 0, 3, 394, 393, 78, 0.11%, 0, 0, 3, 37.79
1619170716, 0, 3, 395, 394, 78, 0.11%, 0, 0, 3, 49.28
1619170742, 0, 3, 396, 395, 78, 0.11%, 0, 0, 3, 48.04
1619170757, 0, 3, 397, 396, 78, 0.11%, 0, 0, 3, 55.36
1619170762, 0, 3, 399, 398, 78, 0.11%, 0, 0, 3, 58.04
1619170782, 0, 3, 400, 399, 78, 0.11%, 0, 0, 3, 59.12
1619170828, 0, 3, 402, 401, 78, 0.11%, 0, 0, 3, 59.42
1619170833, 0, 3, 403, 402, 78, 0.11%, 0, 0, 3, 57.66
1619170838, 0, 3, 404, 403, 78, 0.11%, 0, 0, 3, 61.36
1619170848, 0, 3, 405, 404, 78, 0.11%, 0, 0, 3, 60.14
1619170864, 0, 3, 406, 405, 78, 0.11%, 0, 0, 3, 62.52
1619170874, 0, 3, 408, 407, 78, 0.11%, 0, 0, 3, 59.45
1619170894, 0, 3, 409, 408, 78, 0.11%, 0, 0, 3, 61.52
1619170899, 0, 3, 410, 409, 78, 0.11%, 0, 0, 3, 60.57
1619170904, 0, 3, 411, 410, 78, 0.11%, 0, 0, 3, 59.35
1619170914, 0, 3, 413, 412, 78, 0.11%, 0, 0, 3, 58.37
1619170919, 0, 3, 414, 413, 78, 0.11%, 0, 0, 3, 61.90
1619170955, 0, 3, 415, 414, 78, 0.11%, 0, 0, 3, 62.22
1619170986, 0, 3, 416, 415, 78, 0.11%, 0, 0, 3, 60.37
1619171011, 0, 5, 416, 414, 74, 0.11%, 0, 0, 3, 54.51
1619171016, 0, 5, 417, 415, 74, 0.11%, 0, 0, 3, 41.54
1619171148, 0, 5, 418, 416, 74, 0.11%, 0, 0, 3, 28.10
1619171490, 0, 6, 418, 415, 75, 0.11%, 0, 0, 3, 23.39
1619171623, 0, 6, 420, 417, 75, 0.11%, 0, 0, 3, 39.51
1619171628, 0, 6, 421, 418, 75, 0.11%, 0, 0, 3, 32.85
1619171638, 0, 6, 422, 419, 75, 0.11%, 0, 0, 3, 23.55
1619171643, 0, 6, 423, 420, 75, 0.11%, 0, 0, 3, 23.33
1619171648, 0, 6, 424, 421, 75, 0.11%, 0, 0, 3, 26.81
1619171654, 0, 6, 426, 423, 75, 0.11%, 0, 0, 3, 31.30
1619171659, 0, 6, 427, 424, 75, 0.11%, 0, 0, 3, 29.16
1619171807, 0, 6, 428, 425, 75, 0.11%, 0, 0, 3, 27.01
1619171961, 0, 19, 428, 424, 74, 0.11%, 0, 0, 3, 49.80
1619171966, 0, 19, 429, 425, 74, 0.11%, 0, 0, 3, 29.83
1619172206, 0, 19, 430, 426, 74, 0.11%, 0, 0, 3, 25.39
1619181158, 0, 56, 430, 425, 75, 0.11%, 0, 0, 3, 44.78
1619181274, 0, 56, 431, 426, 75, 0.11%, 0, 0, 3, 76.82
1619181826, 0, 56, 432, 427, 75, 0.11%, 0, 0, 3, 53.12
1619182210, 0, 56, 433, 428, 75, 0.11%, 0, 0, 3, 38.46
1619182564, 0, 56, 434, 429, 75, 0.11%, 0, 0, 3, 40.10
1619185365, 0, 56, 435, 430, 75, 0.11%, 0, 0, 3, 38.05
1619185710, 0, 56, 436, 431, 75, 0.11%, 0, 0, 3, 56.96
1619185720, 0, 56, 437, 432, 75, 0.11%, 0, 0, 3, 63.28
1619185741, 0, 58, 437, 431, 76, 0.11%, 0, 0, 3, 46.91
1619185868, 0, 58, 438, 432, 76, 0.11%, 0, 0, 3, 51.06
1619186159, 0, 59, 439, 432, 75, 0.11%, 0, 0, 3, 52.68
1619186572, 0, 80, 439, 431, 75, 0.11%, 0, 0, 3, 59.36
1619187809, 0, 80, 440, 432, 75, 0.11%, 0, 0, 3, 53.92
1619195739, 0, 92, 440, 431, 75, 0.11%, 0, 0, 3, 50.01
1619196034, 0, 95, 440, 430, 74, 0.11%, 0, 0, 3, 90.83
1619196044, 0, 95, 441, 431, 74, 0.11%, 0, 0, 3, 38.48
1619196334, 0, 98, 441, 430, 73, 0.11%, 0, 0, 3, 58.42
1619196641, 0, 98, 442, 431, 73, 0.11%, 0, 0, 3, 24.34
1619197055, 0, 98, 443, 432, 73, 0.11%, 0, 0, 3, 29.88
1619197582, 0, 98, 444, 433, 73, 0.11%, 0, 0, 3, 46.02
1619205533, 0, 98, 445, 434, 73, 0.11%, 0, 0, 3, 45.33
1619205538, 0, 110, 445, 433, 74, 0.11%, 0, 0, 3, 48.47
1619206315, 0, 110, 446, 434, 74, 0.11%, 0, 0, 3, 48.64
1619212692, 0, 110, 447, 435, 74, 0.11%, 0, 0, 3, 5.86
1619212702, 0, 110, 448, 436, 74, 0.11%, 0, 0, 3, 5.07
1619236664, 0, 110, 449, 437, 74, 0.11%, 0, 0, 3, 5.44
1619238618, 0, 110, 450, 438, 74, 0.11%, 0, 0, 3, 14.60
1619238634, 0, 110, 451, 439, 74, 0.11%, 0, 0, 3, 18.15
1619238705, 0, 110, 452, 440, 74, 0.11%, 0, 0, 3, 18.71
1619238766, 0, 110, 453, 441, 74, 0.11%, 0, 0, 3, 23.89
1619238772, 0, 110, 454, 442, 74, 0.11%, 0, 0, 3, 23.79
1619238843, 0, 110, 455, 443, 74, 0.11%, 0, 0, 3, 4.29
1619239110, 0, 110, 456, 444, 74, 0.11%, 0, 0, 3, 16.66
1619239115, 0, 110, 457, 445, 74, 0.11%, 0, 0, 3, 21.10
1619239136, 0, 110, 458, 446, 74, 0.11%, 0, 0, 3, 23.95
1619239305, 0, 110, 459, 447, 74, 0.11%, 0, 0, 3, 24.05
1619239315, 0, 110, 460, 448, 74, 0.11%, 0, 0, 3, 27.94
1619239341, 0, 110, 461, 449, 74, 0.11%, 0, 0, 3, 34.27
1619239366, 0, 112, 461, 448, 77, 0.11%, 0, 0, 3, 23.89
