# unix_time, cycles_done, cur_path, paths_total, pending_total, pending_favs, map_size, unique_crashes, unique_hangs, max_depth, execs_per_sec
1619156125, 0, 0, 1, 1, 1, 0.05%, 0, 0, 1, 0.17
1619156130, 0, 0, 2, 2, 1, 0.06%, 0, 0, 2, 134.18
1619156135, 0, 0, 12, 12, 1, 0.07%, 0, 0, 2, 27.99
1619156140, 0, 0, 21, 21, 1, 0.07%, 0, 0, 2, 25.66
1619156145, 0, 0, 26, 26, 1, 0.07%, 0, 0, 2, 21.92
1619156151, 0, 0, 27, 27, 1, 0.07%, 0, 0, 2, 19.43
1619156156, 0, 0, 30, 30, 1, 0.07%, 0, 0, 2, 18.95
1619156161, 0, 0, 32, 32, 1, 0.07%, 0, 0, 2, 19.37
1619156166, 0, 0, 33, 33, 1, 0.07%, 0, 0, 2, 18.88
1619156171, 0, 0, 35, 35, 1, 0.07%, 0, 0, 2, 19.46
1619156176, 0, 0, 36, 36, 1, 0.07%, 0, 0, 2, 18.88
1619156187, 0, 0, 37, 37, 1, 0.07%, 0, 0, 2, 18.91
1619156192, 0, 0, 39, 39, 1, 0.07%, 0, 0, 2, 18.60
1619156197, 0, 0, 42, 42, 1, 0.07%, 0, 0, 2, 19.48
1619156202, 0, 0, 45, 45, 1, 0.07%, 0, 0, 2, 18.55
1619156217, 0, 0, 48, 48, 1, 0.08%, 0, 0, 2, 19.89
1619156222, 0, 0, 52, 52, 1, 0.08%, 0, 0, 2, 20.51
1619156233, 0, 0, 58, 58, 1, 0.08%, 0, 0, 2, 30.74
1619156238, 0, 0, 64, 64, 1, 0.08%, 0, 0, 2, 28.54
1619156243, 0, 0, 65, 65, 1, 0.08%, 0, 0, 2, 22.39
1619156309, 0, 0, 66, 66, 1, 0.08%, 0, 0, 2, 19.76
1619156314, 0, 0, 68, 68, 1, 0.08%, 0, 0, 2, 115.47
1619156319, 0, 0, 74, 74, 1, 0.08%, 0, 0, 2, 26.22
1619156324, 0, 0, 75, 75, 1, 0.08%, 0, 0, 2, 21.34
1619156329, 0, 0, 77, 77, 1, 0.08%, 0, 0, 2, 19.55
1619156335, 0, 0, 78, 78, 1, 0.08%, 0, 0, 2, 19.25
1619156375, 0, 0, 79, 79, 1, 0.08%, 0, 0, 2, 19.48
1619156385, 0, 0, 80, 80, 1, 0.08%, 0, 0, 2, 19.41
1619156401, 0, 0, 81, 81, 1, 0.08%, 0, 0, 2, 20.13
1619156416, 0, 0, 82, 82, 1, 0.08%, 0, 0, 2, 19.51
1619156421, 0, 0, 83, 83, 1, 0.08%, 0, 0, 2, 20.60
1619156426, 0, 0, 84, 84, 1, 0.08%, 0, 0, 2, 19.65
1619156431, 0, 0, 86, 86, 1, 0.08%, 0, 0, 2, 80.05
1619156436, 0, 0, 90, 90, 1, 0.08%, 0, 0, 2, 33.71
1619156441, 0, 0, 91, 91, 1, 0.08%, 0, 0, 2, 32.00
1619156446, 0, 0, 93, 93, 1, 0.08%, 0, 0, 2, 32.88
1619156452, 0, 0, 96, 96, 1, 0.08%, 0, 0, 2, 30.78
1619156462, 0, 0, 97, 97, 1, 0.08%, 0, 0, 2, 19.37
1619156477, 0, 0, 99, 99, 1, 0.08%, 0, 0, 2, 21.42
1619156482, 0, 0, 100, 100, 1, 0.08%, 0, 0, 2, 19.10
1619156539, 0, 0, 101, 101, 1, 0.08%, 0, 0, 2, 22.20
1619156575, 0, 0, 102, 102, 1, 0.08%, 0, 0, 2, 18.67
1619156580, 0, 0, 103, 103, 1, 0.08%, 0, 0, 2, 18.75
1619156606, 0, 0, 104, 104, 1, 0.08%, 0, 0, 2, 19.98
1619156677, 0, 0, 105, 105, 1, 0.08%, 0, 0, 2, 18.30
1619156801, 0, 0, 106, 106, 1, 0.08%, 0, 0, 2, 18.99
1619156841, 0, 0, 107, 107, 1, 0.08%, 0, 0, 2, 18.41
1619156846, 0, 0, 108, 108, 1, 0.08%, 0, 0, 2, 18.51
1619156898, 0, 0, 109, 109, 1, 0.08%, 0, 0, 2, 22.70
1619156903, 0, 0, 110, 110, 1, 0.08%, 0, 0, 2, 19.38
1619156908, 0, 0, 111, 111, 1, 0.08%, 0, 0, 2, 18.60
1619156933, 0, 0, 112, 112, 1, 0.08%, 0, 0, 2, 20.94
1619156979, 0, 0, 113, 113, 1, 0.08%, 0, 0, 2, 24.47
1619156984, 0, 0, 114, 114, 1, 0.08%, 0, 0, 2, 28.53
1619157030, 0, 0, 118, 118, 1, 0.08%, 0, 0, 2, 29.96
1619157036, 0, 0, 119, 119, 1, 0.08%, 0, 0, 2, 22.28
1619157077, 0, 0, 121, 121, 1, 0.08%, 0, 0, 2, 19.52
1619157082, 0, 0, 122, 122, 1, 0.08%, 0, 0, 2, 112.15
1619157087, 0, 0, 126, 126, 1, 0.08%, 0, 0, 2, 46.97
1619157321, 0, 0, 129, 129, 1, 0.08%, 0, 0, 2, 30.57
1619157342, 0, 0, 130, 130, 1, 0.08%, 0, 0, 2, 33.02
1619157679, 0, 0, 133, 133, 1, 0.08%, 0, 0, 2, 43.78
1619157684, 0, 0, 138, 138, 1, 0.08%, 0, 0, 2, 33.24
1619157689, 0, 0, 146, 146, 1, 0.08%, 0, 0, 2, 25.35
1619157694, 0, 0, 154, 154, 1, 0.08%, 0, 0, 2, 20.56
1619157699, 0, 0, 161, 161, 1, 0.08%, 0, 0, 2, 21.42
1619157704, 0, 0, 167, 167, 1, 0.08%, 0, 0, 2, 24.45
1619157709, 0, 0, 170, 170, 1, 0.08%, 0, 0, 2, 28.70
1619157714, 0, 0, 171, 171, 1, 0.08%, 0, 0, 2, 32.23
1619157740, 0, 0, 172, 172, 1, 0.08%, 0, 0, 2, 32.53
1619157745, 0, 0, 174, 174, 1, 0.08%, 0, 0, 2, 30.66
1619157750, 0, 0, 176, 176, 1, 0.08%, 0, 0, 2, 30.18
1619157776, 0, 0, 177, 177, 1, 0.08%, 0, 0, 2, 18.62
1619157786, 0, 0, 178, 178, 1, 0.08%, 0, 0, 2, 27.77
1619157791, 0, 0, 181, 181, 1, 0.08%, 0, 0, 2, 22.94
1619157801, 0, 0, 182, 182, 1, 0.08%, 0, 0, 2, 29.84
1619157832, 0, 0, 183, 183, 1, 0.08%, 0, 0, 2, 19.10
1619157842, 0, 0, 184, 184, 1, 0.08%, 0, 0, 2, 19.06
1619157980, 0, 0, 187, 187, 1, 0.09%, 0, 0, 2, 20.89
1619157986, 0, 0, 190, 190, 1, 0.09%, 0, 0, 2, 20.95
1619158016, 0, 0, 191, 191, 1, 0.09%, 0, 0, 2, 23.70
1619158063, 0, 0, 192, 192, 1, 0.09%, 0, 0, 2, 19.20
1619158114, 0, 0, 194, 194, 1, 0.09%, 0, 0, 2, 20.39
1619158170, 0, 0, 195, 195, 1, 0.09%, 0, 0, 2, 22.39
1619158231, 0, 0, 196, 196, 1, 0.09%, 0, 0, 2, 26.73
1619158421, 0, 0, 198, 198, 1, 0.09%, 0, 0, 2, 19.53
1619158462, 0, 0, 199, 199, 1, 0.09%, 0, 0, 2, 21.24
1619158722, 0, 0, 201, 201, 1, 0.09%, 0, 0, 2, 19.09
1619158727, 0, 0, 202, 202, 1, 0.09%, 0, 0, 2, 23.13
1619158861, 0, 0, 203, 203, 1, 0.09%, 0, 0, 2, 19.48
1619159009, 0, 0, 204, 204, 1, 0.09%, 0, 0, 2, 22.01
1619159152, 0, 0, 205, 205, 1, 0.09%, 0, 0, 2, 27.61
1619159203, 0, 0, 206, 206, 1, 0.09%, 0, 0, 2, 26.92
1619159234, 0, 0, 207, 207, 1, 0.09%, 0, 0, 2, 23.65
1619159239, 0, 0, 208, 208, 1, 0.09%, 0, 0, 2, 20.69
1619159296, 0, 0, 209, 209, 1, 0.09%, 0, 0, 2, 52.42
1619159326, 0, 0, 210, 210, 1, 0.09%, 0, 0, 2, 35.06
1619159331, 0, 0, 212, 212, 1, 0.09%, 0, 0, 2, 32.58
1619159336, 0, 0, 214, 214, 1, 0.09%, 0, 0, 2, 27.81
1619159341, 0, 0, 216, 216, 1, 0.09%, 0, 0, 2, 25.71
1619159347, 0, 0, 218, 218, 1, 0.09%, 0, 0, 2, 26.16
1619159352, 0, 0, 223, 223, 1, 0.09%, 0, 0, 2, 26.62
1619159357, 0, 0, 227, 227, 1, 0.09%, 0, 0, 2, 25.38
1619159362, 0, 0, 232, 232, 1, 0.09%, 0, 0, 2, 27.18
1619159367, 0, 0, 236, 236, 1, 0.09%, 0, 0, 2, 28.42
1619159372, 0, 0, 242, 242, 1, 0.10%, 0, 0, 2, 22.75
1619159377, 0, 0, 245, 245, 1, 0.10%, 0, 0, 2, 18.85
1619159382, 0, 0, 249, 249, 1, 0.10%, 0, 0, 2, 18.05
1619159387, 0, 0, 250, 250, 1, 0.10%, 0, 0, 2, 17.85
1619159392, 0, 0, 252, 252, 1, 0.10%, 0, 0, 2, 18.59
1619159398, 0, 0, 256, 256, 1, 0.10%, 0, 0, 2, 18.44
1619159403, 0, 0, 258, 258, 1, 0.10%, 0, 0, 2, 19.95
1619159408, 0, 0, 261, 261, 1, 0.10%, 0, 0, 2, 19.79
1619159413, 0, 0, 263, 263, 1, 0.10%, 0, 0, 2, 26.03
1619159418, 0, 0, 267, 267, 1, 0.10%, 0, 0, 2, 25.47
1619159424, 0, 0, 271, 271, 1, 0.10%, 0, 0, 2, 23.43
1619159429, 0, 0, 272, 272, 1, 0.10%, 0, 0, 2, 32.71
1619159449, 0, 0, 273, 273, 1, 0.10%, 0, 0, 2, 35.07
1619159537, 0, 0, 274, 274, 1, 0.10%, 0, 0, 2, 32.54
1619159557, 0, 0, 275, 275, 1, 0.10%, 0, 0, 2, 29.21
1619159654, 0, 0, 277, 277, 1, 0.10%, 0, 0, 2, 18.98
1619159700, 0, 0, 278, 278, 1, 0.10%, 0, 0, 2, 18.96
1619159721, 0, 0, 279, 279, 1, 0.10%, 0, 0, 2, 19.07
1619159726, 0, 0, 281, 281, 1, 0.10%, 0, 0, 2, 18.71
1619159731, 0, 0, 282, 282, 1, 0.10%, 0, 0, 2, 19.13
1619159736, 0, 0, 283, 283, 1, 0.10%, 0, 0, 2, 19.03
1619159813, 0, 0, 284, 284, 1, 0.10%, 0, 0, 2, 18.91
1619160438, 0, 0, 286, 286, 1, 0.10%, 0, 0, 2, 18.94
1619160494, 0, 0, 287, 287, 1, 0.10%, 0, 0, 2, 18.95
1619160520, 0, 0, 288, 288, 1, 0.10%, 0, 0, 2, 18.95
1619160996, 0, 0, 289, 289, 1, 0.10%, 0, 0, 2, 19.29
1619161016, 0, 0, 290, 290, 1, 0.10%, 0, 0, 2, 18.92
1619161175, 0, 0, 291, 291, 1, 0.10%, 0, 0, 2, 19.12
1619161482, 0, 0, 292, 292, 1, 0.10%, 0, 0, 2, 19.02
1619161534, 0, 0, 293, 293, 1, 0.10%, 0, 0, 2, 18.97
1619162354, 0, 0, 294, 294, 1, 0.10%, 0, 0, 2, 18.95
1619162364, 0, 0, 295, 295, 1, 0.10%, 0, 0, 2, 19.07
1619163636, 0, 0, 296, 296, 1, 0.10%, 0, 0, 2, 19.13
1619163656, 0, 0, 297, 297, 1, 0.10%, 0, 0, 2, 19.16
1619164117, 0, 0, 298, 298, 1, 0.10%, 0, 0, 2, 18.90
1619164623, 0, 0, 299, 299, 1, 0.10%, 0, 0, 2, 18.94
1619164638, 0, 0, 300, 300, 1, 0.10%, 0, 0, 2, 19.16
1619165868, 0, 0, 301, 301, 1, 0.10%, 0, 0, 2, 18.71
1619165873, 0, 0, 302, 302, 1, 0.10%, 0, 0, 2, 18.89
1619166089, 0, 0, 303, 303, 1, 0.10%, 0, 0, 2, 18.87
1619166124, 0, 0, 304, 304, 1, 0.10%, 0, 0, 2, 18.44
1619166130, 0, 0, 305, 305, 1, 0.10%, 0, 0, 2, 18.43
1619166135, 0, 0, 306, 306, 1, 0.10%, 0, 0, 2, 18.30
1619166221, 0, 0, 308, 308, 1, 0.10%, 0, 0, 2, 18.50
1619166848, 0, 0, 311, 311, 1, 0.10%, 0, 0, 2, 31.21
1619166853, 0, 0, 313, 313, 1, 0.10%, 0, 0, 2, 33.75
1619166858, 0, 0, 314, 314, 1, 0.10%, 0, 0, 2, 34.32
1619166864, 0, 0, 316, 316, 1, 0.10%, 0, 0, 2, 34.63
1619166869, 0, 0, 317, 317, 1, 0.10%, 0, 0, 2, 34.94
1619166894, 0, 0, 321, 321, 1, 0.10%, 0, 0, 2, 29.23
1619166899, 0, 0, 325, 325, 1, 0.10%, 0, 0, 2, 30.34
1619166905, 0, 0, 329, 329, 1, 0.10%, 0, 0, 2, 31.80
1619166910, 0, 0, 333, 333, 1, 0.10%, 0, 0, 2, 30.89
1619166915, 0, 0, 335, 335, 1, 0.10%, 0, 0, 2, 36.36
1619166920, 0, 0, 337, 337, 1, 0.10%, 0, 0, 2, 34.16
1619166925, 0, 0, 338, 338, 1, 0.10%, 0, 0, 2, 31.83
1619166930, 0, 0, 339, 339, 1, 0.10%, 0, 0, 2, 35.03
1619166935, 0, 0, 342, 342, 1, 0.10%, 0, 0, 2, 32.32
1619166940, 0, 0, 343, 343, 1, 0.10%, 0, 0, 2, 36.30
1619166945, 0, 0, 344, 344, 1, 0.10%, 0, 0, 2, 35.96
1619166951, 0, 0, 347, 347, 1, 0.10%, 0, 0, 2, 33.95
1619166956, 0, 0, 350, 350, 1, 0.10%, 0, 0, 2, 33.08
1619166961, 0, 0, 353, 353, 1, 0.10%, 0, 0, 2, 35.69
1619166971, 0, 0, 354, 354, 1, 0.10%, 0, 0, 2, 36.41
1619166976, 0, 0, 357, 357, 1, 0.10%, 0, 0, 2, 33.74
1619166981, 0, 0, 358, 358, 1, 0.10%, 0, 0, 2, 35.60
1619166986, 0, 0, 359, 359, 1, 0.10%, 0, 0, 2, 35.99
1619166996, 0, 0, 361, 361, 1, 0.10%, 0, 0, 2, 34.26
1619167002, 0, 0, 362, 362, 1, 0.10%, 0, 0, 2, 32.53
1619167007, 0, 0, 364, 364, 1, 0.10%, 0, 0, 2, 35.46
1619167012, 0, 0, 365, 365, 1, 0.10%, 0, 0, 2, 35.66
1619167017, 0, 0, 366, 366, 1, 0.10%, 0, 0, 2, 34.57
1619167022, 0, 0, 367, 367, 1, 0.10%, 0, 0, 2, 34.62
1619167027, 0, 0, 368, 368, 1, 0.10%, 0, 0, 2, 35.64
1619167043, 0, 0, 370, 370, 1, 0.10%, 0, 0, 2, 35.54
1619167048, 0, 0, 371, 371, 1, 0.10%, 0, 0, 2, 35.41
1619167079, 0, 0, 372, 372, 1, 0.10%, 0, 0, 2, 35.87
1619167084, 0, 0, 373, 373, 1, 0.10%, 0, 0, 2, 36.58
1619167089, 0, 0, 374, 374, 1, 0.10%, 0, 0, 2, 37.47
1619167099, 0, 0, 377, 377, 1, 0.10%, 0, 0, 2, 34.84
1619167115, 0, 0, 379, 379, 1, 0.10%, 0, 0, 2, 33.96
1619167125, 0, 0, 380, 380, 1, 0.10%, 0, 0, 2, 33.74
1619167140, 0, 0, 381, 381, 1, 0.10%, 0, 0, 2, 33.98
1619167145, 0, 0, 382, 382, 1, 0.10%, 0, 0, 2, 35.66
1619167166, 0, 0, 383, 383, 1, 0.10%, 0, 0, 2, 36.48
1619167196, 0, 0, 384, 384, 1, 0.10%, 0, 0, 2, 30.81
1619167202, 0, 0, 385, 385, 1, 0.10%, 0, 0, 2, 31.49
1619167207, 0, 0, 386, 386, 1, 0.10%, 0, 0, 2, 36.75
1619167227, 0, 0, 387, 387, 1, 0.10%, 0, 0, 2, 34.50
1619167232, 0, 0, 388, 388, 1, 0.10%, 0, 0, 2, 33.97
1619167243, 0, 0, 389, 389, 1, 0.10%, 0, 0, 2, 33.11
1619167253, 0, 0, 390, 390, 1, 0.10%, 0, 0, 2, 33.97
1619167263, 0, 0, 391, 391, 1, 0.10%, 0, 0, 2, 34.16
1619167294, 0, 0, 392, 392, 1, 0.10%, 0, 0, 2, 35.24
1619167309, 0, 0, 393, 393, 1, 0.10%, 0, 0, 2, 37.36
1619167329, 0, 0, 395, 395, 1, 0.10%, 0, 0, 2, 37.56
1619167340, 0, 0, 396, 396, 1, 0.10%, 0, 0, 2, 33.17
1619167355, 0, 0, 398, 398, 1, 0.10%, 0, 0, 2, 34.99
1619167370, 0, 0, 399, 399, 1, 0.10%, 0, 0, 2, 35.86
1619167375, 0, 3, 399, 398, 79, 0.10%, 0, 0, 2, 36.07
1619168290, 0, 3, 400, 399, 79, 0.10%, 0, 0, 3, 105.05
1619168565, 0, 3, 401, 400, 79, 0.10%, 0, 0, 3, 28.46
1619169315, 0, 3, 402, 401, 79, 0.10%, 0, 0, 3, 31.60
1619169479, 0, 3, 403, 402, 79, 0.10%, 0, 0, 3, 30.16
1619169613, 0, 3, 404, 403, 79, 0.10%, 0, 0, 3, 26.55
1619173186, 0, 3, 405, 404, 79, 0.10%, 0, 0, 3, 26.15
1619173217, 0, 3, 406, 405, 79, 0.10%, 0, 0, 3, 25.58
1619173700, 0, 3, 407, 406, 79, 0.10%, 0, 0, 3, 35.63
1619173741, 0, 6, 408, 406, 79, 0.10%, 0, 0, 3, 31.81
1619173746, 0, 6, 409, 407, 79, 0.10%, 0, 0, 3, 27.54
1619173772, 0, 6, 410, 408, 79, 0.10%, 0, 0, 3, 21.30
1619173848, 0, 6, 411, 409, 79, 0.10%, 0, 0, 3, 190.53
1619173889, 0, 6, 413, 411, 79, 0.11%, 0, 0, 3, 37.15
1619173894, 0, 6, 414, 412, 79, 0.11%, 0, 0, 3, 33.80
1619173904, 0, 6, 415, 413, 79, 0.11%, 0, 0, 3, 22.85
1619173914, 0, 6, 416, 414, 79, 0.11%, 0, 0, 3, 23.67
1619173920, 0, 6, 417, 415, 79, 0.11%, 0, 0, 3, 32.29
1619173925, 0, 6, 419, 417, 79, 0.11%, 0, 0, 3, 32.01
1619174140, 0, 6, 420, 418, 79, 0.11%, 0, 0, 3, 23.77
1619174227, 0, 9, 420, 417, 78, 0.11%, 0, 0, 3, 77.70
1619174465, 0, 15, 420, 416, 77, 0.11%, 0, 0, 3, 61.09
1619174470, 0, 15, 423, 419, 77, 0.11%, 0, 0, 3, 38.74
1619174475, 0, 15, 424, 420, 77, 0.11%, 0, 0, 3, 63.61
1619174593, 0, 15, 425, 421, 77, 0.11%, 0, 0, 3, 31.90
1619174873, 0, 23, 425, 420, 75, 0.11%, 0, 0, 3, 64.66
1619175015, 0, 23, 426, 421, 75, 0.11%, 0, 0, 3, 35.12
1619175729, 0, 36, 426, 420, 75, 0.11%, 0, 0, 3, 53.60
1619176256, 0, 36, 427, 421, 75, 0.11%, 0, 0, 3, 34.02
1619178881, 0, 55, 427, 420, 75, 0.11%, 0, 0, 3, 49.19
1619179788, 0, 55, 428, 421, 75, 0.11%, 0, 0, 3, 40.87
1619181094, 0, 55, 429, 422, 75, 0.11%, 0, 0, 3, 41.87
1619183578, 0, 55, 430, 423, 75, 0.11%, 0, 0, 3, 42.47
1619183940, 0, 55, 432, 425, 75, 0.11%, 0, 0, 3, 40.29
1619183980, 0, 55, 433, 426, 75, 0.11%, 0, 0, 3, 51.27
1619183991, 0, 55, 434, 427, 75, 0.11%, 0, 0, 3, 51.41
1619183996, 0, 55, 435, 428, 75, 0.11%, 0, 0, 3, 49.07
1619184001, 0, 55, 436, 429, 75, 0.11%, 0, 0, 3, 50.08
1619184016, 0, 55, 437, 430, 75, 0.11%, 0, 0, 3, 50.99
1619184021, 0, 55, 439, 432, 75, 0.11%, 0, 0, 3, 47.90
1619184036, 0, 55, 440, 433, 75, 0.11%, 0, 0, 3, 50.71
1619184216, 0, 55, 441, 434, 75, 0.11%, 0, 0, 3, 50.84
1619184221, 0, 55, 442, 435, 75, 0.11%, 0, 0, 3, 50.31
1619184226, 0, 55, 443, 436, 75, 0.11%, 0, 0, 3, 49.42
1619184261, 0, 56, 443, 435, 78, 0.11%, 0, 0, 3, 45.52
1619184395, 0, 56, 444, 436, 78, 0.11%, 0, 0, 3, 40.20
1619185029, 0, 56, 445, 437, 78, 0.11%, 0, 0, 3, 42.41
1619189511, 0, 56, 446, 438, 78, 0.11%, 0, 0, 3, 38.47
1619189531, 0, 58, 446, 437, 79, 0.11%, 0, 0, 3, 43.69
1619189674, 0, 58, 447, 438, 79, 0.11%, 0, 0, 3, 40.69
1619190012, 0, 59, 447, 437, 78, 0.11%, 0, 0, 3, 66.59
1619190017, 0, 59, 448, 438, 78, 0.11%, 0, 0, 3, 39.07
1619190498, 0, 67, 448, 437, 78, 0.11%, 0, 0, 3, 60.30
1619190559, 0, 67, 449, 438, 78, 0.11%, 0, 0, 3, 129.47
1619190620, 0, 67, 450, 439, 78, 0.11%, 0, 0, 3, 41.37
1619190640, 0, 67, 451, 440, 78, 0.11%, 0, 0, 3, 41.58
1619190809, 0, 80, 451, 439, 75, 0.11%, 0, 0, 3, 41.31
1619201005, 0, 85, 451, 438, 74, 0.11%, 0, 0, 3, 37.95
1619201973, 0, 85, 452, 439, 74, 0.11%, 0, 0, 3, 44.82
1619203045, 0, 85, 453, 440, 74, 0.11%, 0, 0, 3, 30.72
1619213115, 0, 85, 454, 441, 74, 0.11%, 0, 0, 3, 3.31
1619213215, 0, 85, 455, 442, 74, 0.11%, 0, 0, 3, 4.55
1619217183, 0, 91, 455, 441, 74, 0.11%, 0, 0, 3, 5.42
1619217225, 0, 91, 456, 442, 74, 0.11%, 0, 0, 3, 5.51
1619220016, 0, 92, 456, 441, 74, 0.11%, 0, 0, 3, 2.02
1619220068, 0, 92, 457, 442, 74, 0.11%, 0, 0, 3, 6.79
1619222906, 0, 93, 457, 441, 74, 0.11%, 0, 0, 3, 9.77
1619225755, 0, 94, 457, 440, 73, 0.11%, 0, 0, 3, 10.35
1619228621, 0, 102, 457, 439, 72, 0.11%, 0, 0, 3, 2.94
1619232770, 0, 102, 458, 440, 72, 0.11%, 0, 0, 3, 3.11
