# unix_time, cycles_done, cur_path, paths_total, pending_total, pending_favs, map_size, unique_crashes, unique_hangs, max_depth, execs_per_sec
1629611185, 0, 0, 1, 1, 1, 1.25%, 0, 0, 1, 7.28
1629611190, 0, 0, 9, 9, 1, 1.56%, 0, 0, 2, 43.73
1629611195, 0, 0, 28, 28, 1, 1.64%, 0, 0, 2, 54.04
1629611200, 0, 0, 30, 30, 1, 1.65%, 0, 0, 2, 31.13
1629611205, 0, 0, 31, 31, 1, 1.65%, 0, 0, 2, 25.54
1629611215, 0, 0, 35, 35, 1, 1.66%, 0, 0, 2, 33.68
1629611220, 0, 0, 38, 38, 1, 1.66%, 0, 0, 2, 26.03
1629611225, 0, 0, 39, 39, 1, 1.66%, 0, 0, 2, 26.08
1629611236, 0, 0, 42, 42, 1, 1.68%, 0, 0, 2, 23.18
1629611241, 0, 0, 44, 44, 1, 1.68%, 0, 0, 2, 39.14
1629611261, 0, 0, 46, 46, 1, 1.68%, 0, 0, 2, 29.17
1629611281, 0, 0, 47, 47, 1, 1.69%, 0, 0, 2, 27.76
1629611287, 0, 0, 52, 52, 1, 1.70%, 0, 0, 2, 33.07
1629611307, 0, 0, 54, 54, 1, 1.70%, 0, 0, 2, 25.97
1629611323, 0, 0, 55, 55, 1, 1.70%, 0, 0, 2, 30.84
1629611328, 0, 0, 56, 56, 1, 1.70%, 0, 0, 2, 31.47
1629611333, 0, 0, 59, 59, 1, 1.70%, 0, 0, 2, 33.44
1629611343, 0, 0, 64, 64, 1, 1.71%, 0, 0, 2, 34.94
1629611373, 0, 0, 67, 67, 1, 1.71%, 0, 0, 2, 45.89
1629611378, 0, 0, 70, 70, 1, 1.73%, 0, 0, 2, 79.10
1629611384, 0, 0, 76, 76, 1, 1.73%, 0, 0, 2, 62.85
1629611389, 0, 0, 77, 77, 1, 1.73%, 0, 0, 2, 31.75
1629611404, 0, 0, 79, 79, 1, 1.74%, 0, 0, 2, 23.69
1629611424, 0, 0, 80, 80, 1, 1.74%, 0, 0, 2, 23.83
1629611517, 0, 0, 81, 81, 1, 1.74%, 0, 0, 2, 63.47
1629611522, 0, 0, 82, 82, 1, 1.75%, 0, 0, 2, 38.48
1629611532, 0, 0, 84, 84, 1, 1.75%, 0, 0, 2, 23.62
1629611552, 0, 0, 85, 85, 1, 1.75%, 0, 0, 2, 23.63
1629611557, 0, 0, 86, 86, 1, 1.75%, 0, 0, 2, 23.56
1629611598, 0, 0, 87, 87, 1, 1.75%, 0, 0, 2, 23.42
1629611654, 0, 0, 88, 88, 1, 1.75%, 0, 0, 2, 60.00
1629611670, 0, 0, 95, 95, 1, 1.75%, 0, 0, 2, 46.56
1629611675, 0, 0, 99, 99, 1, 1.75%, 0, 0, 2, 38.51
1629611766, 0, 0, 100, 100, 1, 1.75%, 0, 0, 2, 74.94
1629611853, 0, 0, 101, 101, 1, 1.77%, 0, 0, 2, 124.11
1629611858, 0, 0, 108, 108, 1, 1.77%, 0, 0, 2, 110.69
1629611863, 0, 0, 117, 117, 1, 1.79%, 0, 0, 2, 39.34
1629611869, 0, 0, 120, 120, 1, 1.80%, 0, 0, 2, 43.49
1629611874, 0, 0, 121, 121, 1, 1.80%, 0, 0, 2, 57.81
1629611879, 0, 0, 123, 123, 1, 1.80%, 0, 0, 2, 47.39
1629611894, 0, 0, 124, 124, 1, 1.80%, 0, 0, 2, 80.54
1629611899, 0, 0, 125, 125, 1, 1.80%, 0, 0, 2, 91.87
1629611915, 0, 0, 126, 126, 1, 1.80%, 0, 0, 2, 95.32
1629611925, 0, 0, 127, 127, 1, 1.80%, 0, 0, 2, 85.73
1629611930, 0, 0, 128, 128, 1, 1.80%, 0, 0, 2, 86.07
1629611940, 0, 0, 130, 130, 1, 1.83%, 0, 0, 2, 33.86
1629611950, 0, 0, 131, 131, 1, 1.83%, 0, 0, 2, 27.04
1629611996, 0, 0, 132, 132, 1, 1.83%, 0, 0, 2, 23.90
1629612001, 0, 0, 133, 133, 1, 1.83%, 0, 0, 2, 24.28
1629612276, 0, 0, 135, 135, 1, 1.86%, 0, 0, 2, 89.29
1629612291, 0, 0, 136, 136, 1, 1.86%, 0, 0, 2, 32.29
1629612408, 0, 0, 137, 137, 1, 1.88%, 0, 0, 2, 25.89
1629612434, 0, 0, 138, 138, 1, 1.88%, 0, 0, 2, 23.52
1629612454, 0, 0, 139, 139, 1, 1.88%, 0, 0, 2, 23.93
1629612536, 0, 0, 140, 140, 1, 1.90%, 0, 0, 2, 27.42
1629612582, 0, 0, 141, 141, 1, 1.90%, 0, 0, 2, 120.72
1629612602, 0, 0, 143, 143, 1, 2.07%, 0, 0, 2, 95.20
1629612607, 0, 0, 147, 147, 1, 2.07%, 0, 0, 2, 63.88
1629612617, 0, 0, 149, 149, 1, 2.07%, 0, 0, 2, 37.52
1629612638, 0, 0, 151, 151, 1, 2.09%, 0, 0, 2, 44.25
1629612643, 0, 0, 153, 153, 1, 2.09%, 0, 0, 2, 32.58
1629612694, 0, 0, 154, 154, 1, 2.09%, 0, 0, 2, 34.37
1629613024, 0, 0, 157, 157, 1, 2.11%, 0, 0, 2, 61.71
1629613095, 0, 0, 158, 158, 1, 2.11%, 0, 0, 2, 83.88
1629613105, 0, 0, 159, 159, 1, 2.12%, 0, 0, 2, 87.83
1629613111, 0, 0, 160, 160, 1, 2.12%, 0, 0, 2, 84.55
1629613146, 0, 0, 162, 162, 1, 2.13%, 0, 0, 2, 24.73
1629613162, 0, 0, 164, 164, 1, 2.13%, 0, 0, 2, 23.85
1629614999, 0, 0, 165, 165, 1, 2.13%, 0, 0, 2, 23.25
1629616407, 0, 0, 166, 166, 1, 2.14%, 0, 0, 2, 22.36
1629616872, 0, 0, 174, 174, 1, 2.14%, 0, 0, 2, 49.81
1629616877, 0, 0, 182, 182, 1, 2.14%, 0, 0, 2, 76.60
1629616882, 0, 0, 187, 187, 1, 2.16%, 0, 0, 2, 64.61
1629616887, 0, 0, 190, 190, 1, 2.16%, 0, 0, 2, 66.83
1629616892, 0, 0, 196, 196, 1, 2.17%, 0, 0, 2, 66.52
1629616897, 0, 0, 199, 199, 1, 2.17%, 0, 0, 2, 71.89
1629616902, 0, 0, 202, 202, 1, 2.17%, 0, 0, 2, 72.61
1629616913, 0, 0, 204, 204, 1, 2.17%, 0, 0, 2, 72.33
1629616923, 0, 0, 207, 207, 1, 2.17%, 0, 0, 2, 74.00
1629616928, 0, 0, 210, 210, 1, 2.17%, 0, 0, 2, 80.09
1629616933, 0, 0, 213, 213, 1, 2.17%, 0, 0, 2, 73.14
1629616938, 0, 0, 216, 216, 1, 2.17%, 0, 0, 2, 69.45
1629616943, 0, 0, 218, 218, 1, 2.17%, 0, 0, 2, 69.65
1629616954, 0, 0, 219, 219, 1, 2.17%, 0, 0, 2, 75.41
1629616959, 0, 0, 222, 222, 1, 2.17%, 0, 0, 2, 78.61
1629616964, 0, 2, 223, 222, 65, 2.17%, 0, 0, 2, 82.28
1629618365, 0, 4, 223, 221, 64, 2.17%, 0, 0, 2, 96.92
1629618812, 0, 4, 224, 222, 64, 2.17%, 0, 0, 3, 87.78
1629620195, 0, 4, 225, 223, 64, 2.17%, 0, 0, 3, 89.46
1629620211, 0, 5, 225, 222, 63, 2.17%, 0, 0, 3, 91.71
1629620465, 0, 5, 226, 223, 63, 2.17%, 0, 0, 3, 103.25
1629620648, 0, 5, 227, 224, 63, 2.17%, 0, 0, 3, 92.26
1629622022, 0, 7, 227, 223, 62, 2.17%, 0, 0, 3, 105.48
1629622292, 0, 7, 228, 224, 62, 2.17%, 0, 0, 3, 75.25
1629622591, 0, 7, 229, 225, 62, 2.17%, 0, 0, 3, 90.17
1629622611, 0, 7, 230, 226, 62, 2.17%, 0, 0, 3, 71.42
1629623838, 0, 9, 230, 225, 65, 2.17%, 0, 0, 3, 96.61
1629623843, 0, 9, 231, 226, 65, 2.17%, 0, 0, 3, 75.02
1629626468, 0, 10, 231, 225, 65, 2.17%, 0, 0, 3, 74.20
1629629050, 0, 10, 232, 226, 65, 2.17%, 0, 0, 3, 93.42
1629629056, 0, 11, 232, 225, 65, 2.17%, 0, 0, 3, 105.06
1629629061, 0, 11, 233, 226, 65, 2.18%, 0, 0, 3, 109.98
1629629397, 0, 15, 233, 225, 65, 2.18%, 0, 0, 3, 112.33
1629631138, 0, 16, 233, 224, 64, 2.18%, 0, 0, 3, 92.03
1629632925, 0, 16, 234, 225, 64, 2.18%, 0, 0, 3, 104.50
1629632930, 0, 18, 234, 224, 63, 2.18%, 0, 0, 3, 97.28
1629634746, 0, 19, 234, 223, 62, 2.18%, 0, 0, 3, 91.08
1629636494, 0, 20, 234, 222, 61, 2.18%, 0, 0, 3, 96.34
1629638197, 0, 20, 235, 223, 61, 2.18%, 0, 0, 3, 109.68
1629638202, 0, 22, 235, 222, 58, 2.18%, 0, 0, 3, 97.04
1629638207, 0, 22, 236, 223, 58, 2.18%, 0, 0, 3, 92.86
1629639943, 0, 22, 238, 225, 58, 2.18%, 0, 0, 3, 100.59
1629639948, 0, 22, 239, 226, 58, 2.19%, 0, 0, 3, 117.31
1629639953, 0, 22, 240, 227, 58, 2.19%, 0, 0, 3, 127.14
1629639963, 0, 22, 241, 228, 58, 2.19%, 0, 0, 3, 120.13
1629639968, 0, 22, 242, 229, 58, 2.19%, 0, 0, 3, 120.13
1629639979, 0, 22, 243, 230, 58, 2.19%, 0, 0, 3, 122.78
1629639984, 0, 22, 244, 231, 58, 2.19%, 0, 0, 3, 125.47
1629639989, 0, 22, 245, 232, 58, 2.19%, 0, 0, 3, 120.43
1629639999, 0, 23, 245, 231, 58, 2.19%, 0, 0, 3, 70.09
1629640024, 0, 23, 246, 232, 58, 2.20%, 0, 0, 3, 32.28
1629641407, 0, 23, 247, 233, 58, 2.20%, 0, 0, 3, 88.80
1629645773, 0, 28, 247, 232, 58, 2.20%, 0, 0, 3, 36.60
1629647104, 0, 28, 248, 233, 58, 2.20%, 0, 0, 3, 26.56
1629651527, 0, 40, 249, 233, 58, 2.20%, 0, 0, 3, 75.58
1629652620, 0, 47, 249, 232, 57, 2.20%, 0, 0, 3, 108.01
1629652651, 0, 47, 250, 233, 57, 2.21%, 0, 0, 3, 85.92
1629654332, 0, 47, 251, 234, 57, 2.21%, 0, 0, 3, 107.76
1629654337, 0, 48, 251, 233, 57, 2.21%, 0, 0, 3, 92.33
1629654941, 0, 48, 252, 234, 57, 2.21%, 0, 0, 3, 86.64
1629654957, 0, 48, 253, 235, 57, 2.21%, 0, 0, 3, 83.86
1629656047, 0, 49, 253, 234, 56, 2.21%, 0, 0, 3, 90.30
1629656062, 0, 49, 254, 235, 56, 2.21%, 0, 0, 3, 87.04
1629656260, 0, 49, 255, 236, 56, 2.21%, 0, 0, 3, 90.19
1629657737, 0, 61, 255, 235, 55, 2.21%, 0, 0, 3, 59.58
1629658441, 0, 61, 256, 236, 55, 2.24%, 0, 0, 3, 101.61
1629663377, 0, 63, 256, 235, 55, 2.24%, 0, 0, 3, 87.40
1629663621, 0, 63, 257, 236, 55, 2.24%, 0, 0, 3, 106.74
1629665085, 0, 69, 257, 235, 55, 2.24%, 0, 0, 3, 101.84
1629666723, 0, 71, 257, 234, 54, 2.24%, 0, 0, 3, 100.90
1629668394, 0, 75, 257, 233, 53, 2.24%, 0, 0, 3, 47.82
1629670316, 0, 75, 261, 237, 53, 2.32%, 0, 0, 3, 29.55
1629670322, 0, 75, 263, 239, 53, 2.32%, 0, 0, 3, 24.69
1629670327, 0, 75, 265, 241, 53, 2.34%, 0, 0, 3, 24.45
1629670332, 0, 75, 266, 242, 53, 2.35%, 0, 0, 3, 24.27
1629674042, 0, 76, 266, 241, 60, 2.35%, 0, 0, 3, 44.88
1629674410, 0, 76, 267, 242, 60, 2.35%, 0, 0, 3, 22.41
1629675940, 0, 76, 268, 243, 60, 2.35%, 0, 0, 3, 25.63
1629679563, 0, 77, 268, 242, 60, 2.35%, 0, 0, 3, 47.55
1629685121, 0, 77, 270, 244, 60, 2.35%, 0, 0, 3, 68.34
1629685127, 0, 81, 270, 243, 59, 2.35%, 0, 0, 3, 86.06
1629685680, 0, 81, 271, 244, 59, 2.35%, 0, 0, 3, 90.79
1629686937, 0, 83, 271, 243, 58, 2.35%, 0, 0, 3, 79.47
1629692712, 0, 100, 271, 242, 57, 2.35%, 0, 0, 3, 78.20
1629694506, 0, 109, 271, 241, 56, 2.35%, 0, 0, 3, 100.66
1629694522, 0, 109, 272, 242, 56, 2.35%, 0, 0, 3, 89.93
1629695054, 0, 109, 273, 243, 56, 2.35%, 0, 0, 3, 95.21
1629695155, 0, 109, 274, 244, 56, 2.35%, 0, 0, 3, 85.50
1629695166, 0, 109, 275, 245, 56, 2.35%, 0, 0, 3, 81.37
1629696311, 0, 110, 277, 246, 57, 2.36%, 0, 0, 3, 79.44
1629698737, 0, 115, 277, 245, 58, 2.36%, 0, 0, 3, 84.57
1629699255, 0, 115, 278, 246, 58, 2.37%, 0, 0, 3, 145.50
1629699281, 0, 115, 279, 247, 58, 2.37%, 0, 0, 3, 36.91
1629700520, 0, 121, 279, 246, 58, 2.37%, 0, 0, 3, 111.36
1629700846, 0, 126, 279, 245, 57, 2.37%, 0, 0, 3, 122.64
1629701562, 0, 126, 280, 246, 57, 2.37%, 0, 0, 3, 86.82
1629702604, 0, 128, 280, 245, 56, 2.37%, 0, 0, 3, 70.01
1629703437, 0, 128, 281, 246, 56, 2.38%, 0, 0, 3, 23.40
1629703803, 0, 128, 282, 247, 56, 2.38%, 0, 0, 3, 23.68
1629703936, 0, 128, 283, 248, 56, 2.38%, 0, 0, 3, 26.25
1629704032, 0, 128, 284, 249, 56, 2.38%, 0, 0, 3, 44.79
1629708192, 0, 129, 284, 248, 58, 2.38%, 0, 0, 3, 53.46
1629710095, 0, 129, 285, 249, 58, 2.38%, 0, 0, 3, 99.86
1629710625, 0, 132, 285, 248, 57, 2.38%, 0, 0, 3, 72.15
1629710640, 0, 132, 286, 249, 57, 2.38%, 0, 0, 3, 27.92
1629710732, 0, 132, 287, 250, 57, 2.38%, 0, 0, 3, 30.07
1629715792, 0, 136, 287, 249, 57, 2.38%, 0, 0, 3, 105.66
1629715802, 0, 136, 288, 250, 57, 2.38%, 0, 0, 3, 95.05
1629716600, 0, 136, 289, 251, 57, 2.38%, 0, 0, 3, 132.12
1629717619, 0, 139, 289, 250, 58, 2.38%, 0, 0, 3, 114.09
1629717629, 0, 139, 290, 251, 58, 2.39%, 0, 0, 3, 112.85
1629717639, 0, 139, 291, 252, 58, 2.39%, 0, 0, 3, 104.14
1629717730, 0, 139, 292, 253, 58, 2.39%, 0, 0, 3, 105.72
1629717878, 0, 139, 293, 254, 58, 2.39%, 0, 0, 3, 119.02
1629718107, 0, 139, 295, 256, 58, 2.39%, 0, 0, 3, 107.51
1629719107, 0, 139, 297, 258, 58, 2.39%, 0, 0, 3, 87.12
1629719112, 0, 139, 301, 262, 58, 2.39%, 0, 0, 3, 110.91
1629719118, 0, 139, 302, 263, 58, 2.39%, 0, 0, 3, 117.36
1629719178, 0, 139, 304, 265, 58, 2.40%, 0, 0, 3, 115.73
1629719219, 0, 140, 304, 264, 62, 2.40%, 0, 0, 3, 113.82
1629719679, 0, 140, 305, 265, 62, 2.40%, 0, 0, 3, 113.96
1629720682, 0, 142, 305, 264, 61, 2.40%, 0, 0, 3, 98.42
1629720957, 0, 142, 306, 265, 61, 2.40%, 0, 0, 3, 113.90
1629720962, 0, 142, 307, 266, 61, 2.43%, 0, 0, 3, 105.61
1629720977, 0, 142, 308, 267, 61, 2.43%, 0, 0, 3, 133.96
1629722810, 0, 142, 310, 269, 61, 2.43%, 0, 0, 3, 116.16
1629722815, 0, 142, 314, 273, 61, 2.43%, 0, 0, 3, 133.63
1629722825, 0, 142, 315, 274, 61, 2.43%, 0, 0, 3, 142.48
1629722846, 0, 147, 315, 273, 62, 2.43%, 0, 0, 3, 123.82
1629724241, 0, 149, 315, 272, 61, 2.43%, 0, 0, 3, 96.21
1629724251, 0, 149, 316, 273, 61, 2.43%, 0, 0, 3, 40.57
1629724277, 0, 149, 317, 274, 61, 2.44%, 0, 0, 3, 40.34
1629724287, 0, 149, 318, 275, 61, 2.46%, 0, 0, 3, 44.11
1629724410, 0, 149, 319, 276, 61, 2.46%, 0, 0, 3, 29.52
1629724840, 0, 149, 322, 279, 61, 2.46%, 0, 0, 3, 48.77
1629724845, 0, 149, 323, 280, 61, 2.46%, 0, 0, 3, 62.64
1629724850, 0, 149, 325, 282, 61, 2.46%, 0, 0, 3, 53.85
1629724861, 0, 149, 326, 283, 61, 2.47%, 0, 0, 3, 62.13
1629724886, 0, 149, 327, 284, 61, 2.47%, 0, 0, 3, 133.45
1629728527, 0, 156, 327, 283, 64, 2.47%, 0, 0, 3, 79.20
1629728588, 0, 156, 328, 284, 64, 2.47%, 0, 0, 3, 84.85
1629728781, 0, 156, 329, 285, 64, 2.47%, 0, 0, 3, 105.12
1629730429, 0, 158, 329, 284, 65, 2.47%, 0, 0, 3, 106.76
1629730459, 0, 158, 330, 285, 65, 2.48%, 0, 0, 3, 107.69
1629730632, 0, 158, 331, 286, 65, 2.48%, 0, 0, 3, 112.61
1629731988, 0, 160, 331, 285, 65, 2.48%, 0, 0, 3, 95.39
1629734054, 0, 160, 332, 286, 65, 2.48%, 0, 0, 3, 123.12
1629734059, 0, 165, 332, 285, 64, 2.48%, 0, 0, 3, 75.62
1629734125, 0, 165, 333, 286, 64, 2.48%, 0, 0, 3, 43.39
1629735164, 0, 165, 334, 287, 64, 2.48%, 0, 0, 3, 122.07
1629738348, 0, 165, 334, 287, 64, 2.48%, 1, 0, 3, 25.81
1629738378, 0, 165, 334, 287, 64, 2.48%, 2, 0, 3, 18.44
1629738507, 0, 165, 334, 287, 64, 2.48%, 3, 0, 3, 14.81
1629738854, 0, 165, 334, 287, 64, 2.48%, 4, 0, 3, 15.31
1629738900, 0, 165, 334, 287, 64, 2.48%, 5, 0, 3, 15.64
1629738941, 0, 165, 334, 287, 64, 2.48%, 6, 0, 3, 110.08
1629739032, 0, 184, 334, 286, 65, 2.48%, 6, 0, 3, 48.64
1629739211, 0, 184, 335, 287, 65, 2.48%, 6, 0, 3, 93.29
1629744001, 0, 191, 335, 286, 64, 2.48%, 6, 0, 3, 54.14
1629748498, 0, 191, 336, 287, 64, 2.48%, 6, 0, 3, 38.17
1629748534, 0, 193, 337, 287, 63, 2.48%, 6, 0, 3, 88.44
1629748539, 0, 193, 339, 289, 63, 2.48%, 6, 0, 3, 91.72
1629748549, 0, 193, 340, 290, 63, 2.48%, 6, 0, 3, 98.34
1629748554, 0, 193, 343, 293, 63, 2.48%, 6, 0, 3, 98.10
1629748565, 0, 193, 344, 294, 63, 2.48%, 6, 0, 3, 101.54
1629748621, 0, 193, 346, 296, 63, 2.49%, 6, 0, 3, 84.03
1629748920, 0, 193, 347, 297, 63, 2.49%, 6, 0, 3, 94.29
1629748925, 0, 193, 348, 298, 63, 2.49%, 6, 0, 3, 95.41
1629749613, 0, 193, 349, 299, 63, 2.49%, 6, 0, 3, 97.55
1629749680, 0, 193, 350, 300, 63, 2.50%, 6, 0, 3, 86.98
1629749690, 0, 193, 351, 301, 63, 2.50%, 6, 0, 3, 96.23
1629750007, 0, 193, 353, 303, 63, 2.50%, 6, 0, 3, 92.93
1629750012, 0, 193, 354, 304, 63, 2.50%, 6, 0, 3, 99.42
1629750038, 0, 214, 354, 303, 69, 2.50%, 6, 0, 3, 114.44
1629750479, 0, 225, 355, 303, 67, 2.50%, 6, 0, 3, 149.62
1629751104, 0, 227, 355, 302, 67, 2.50%, 6, 0, 3, 136.79
1629752240, 0, 227, 356, 303, 67, 2.50%, 6, 0, 4, 54.49
1629755413, 0, 228, 356, 302, 67, 2.50%, 6, 0, 4, 92.62
1629755632, 0, 228, 357, 303, 67, 2.50%, 6, 0, 4, 116.07
1629755895, 0, 228, 358, 304, 67, 2.50%, 6, 0, 4, 93.62
1629756833, 0, 231, 358, 303, 66, 2.50%, 6, 0, 4, 141.09
1629756853, 0, 231, 359, 304, 66, 2.50%, 6, 0, 4, 141.04
1629757153, 0, 232, 359, 303, 66, 2.50%, 6, 0, 4, 169.12
1629757365, 0, 234, 360, 303, 66, 2.50%, 6, 0, 4, 162.13
1629757370, 0, 234, 361, 304, 66, 2.50%, 6, 0, 4, 144.34
1629757984, 0, 234, 362, 305, 66, 2.50%, 6, 0, 4, 143.72
1629757989, 0, 235, 362, 304, 66, 2.50%, 6, 0, 4, 131.76
1629759377, 0, 238, 362, 303, 65, 2.50%, 6, 0, 4, 123.32
1629760806, 0, 238, 363, 304, 65, 2.50%, 6, 0, 4, 133.65
1629760811, 0, 245, 363, 303, 65, 2.50%, 6, 0, 4, 111.71
1629762338, 0, 246, 363, 302, 64, 2.50%, 6, 0, 4, 108.54
1629762658, 0, 246, 364, 303, 64, 2.50%, 6, 0, 4, 80.34
1629764502, 0, 247, 364, 302, 64, 2.50%, 6, 0, 4, 98.36
1629764538, 0, 247, 365, 303, 64, 2.50%, 6, 0, 4, 42.30
1629764569, 0, 247, 366, 304, 64, 2.50%, 6, 0, 4, 31.34
1629765572, 0, 247, 367, 305, 64, 2.50%, 6, 0, 4, 93.79
1629765998, 0, 247, 368, 306, 64, 2.50%, 6, 0, 4, 35.35
1629768560, 0, 247, 369, 307, 64, 2.50%, 6, 0, 4, 32.22
1629768576, 0, 247, 370, 308, 64, 2.50%, 6, 0, 4, 31.19
1629768723, 0, 247, 371, 309, 64, 2.50%, 6, 0, 4, 31.34
1629768820, 0, 248, 371, 308, 62, 2.50%, 6, 0, 4, 66.18
1629768831, 0, 248, 372, 309, 62, 2.50%, 6, 0, 4, 144.52
1629769296, 0, 249, 372, 308, 63, 2.50%, 6, 0, 4, 133.64
1629770655, 0, 251, 372, 307, 62, 2.50%, 6, 0, 4, 129.85
1629772079, 0, 251, 374, 309, 62, 2.50%, 6, 0, 4, 140.74
1629772085, 0, 255, 374, 308, 62, 2.50%, 6, 0, 4, 66.94
1629772207, 0, 255, 375, 309, 62, 2.50%, 6, 0, 4, 66.25
1629775921, 0, 256, 375, 308, 61, 2.50%, 6, 0, 4, 98.88
1629776180, 0, 257, 376, 308, 59, 2.50%, 6, 0, 4, 118.41
1629776778, 0, 257, 377, 309, 59, 2.51%, 6, 0, 4, 31.56
1629780507, 0, 257, 379, 311, 59, 2.51%, 6, 0, 4, 98.40
1629780513, 0, 259, 379, 310, 61, 2.51%, 6, 0, 4, 54.92
1629784779, 0, 260, 379, 309, 60, 2.51%, 6, 0, 4, 45.96
1629784789, 0, 260, 384, 314, 60, 2.53%, 6, 0, 4, 33.82
1629784794, 0, 260, 389, 319, 60, 2.54%, 6, 0, 4, 30.69
1629784825, 0, 260, 390, 320, 60, 2.54%, 6, 0, 4, 33.66
1629784957, 0, 260, 392, 322, 60, 2.54%, 6, 0, 4, 29.68
1629784978, 0, 260, 399, 329, 60, 2.57%, 6, 0, 4, 31.14
1629785142, 0, 260, 400, 330, 60, 2.57%, 6, 0, 4, 53.20
1629785147, 0, 260, 403, 333, 60, 2.57%, 6, 0, 4, 38.36
1629785397, 0, 260, 405, 335, 60, 2.57%, 6, 0, 4, 31.78
1629785402, 0, 260, 406, 336, 60, 2.57%, 6, 0, 4, 31.18
1629785408, 0, 260, 407, 337, 60, 2.57%, 6, 0, 4, 32.10
1629785413, 0, 260, 408, 338, 60, 2.57%, 6, 0, 4, 31.76
1629785433, 0, 260, 409, 339, 60, 2.57%, 6, 0, 4, 31.32
1629785469, 0, 260, 411, 341, 60, 2.57%, 6, 0, 4, 32.13
1629785495, 0, 260, 412, 342, 60, 2.58%, 6, 0, 4, 37.98
1629785500, 0, 260, 415, 345, 60, 2.59%, 6, 0, 4, 41.10
1629785505, 0, 260, 417, 347, 60, 2.59%, 6, 0, 4, 40.61
1629785515, 0, 260, 420, 350, 60, 2.59%, 6, 0, 4, 32.87
1629785520, 0, 260, 421, 351, 60, 2.59%, 6, 0, 4, 33.97
1629785531, 0, 260, 422, 352, 60, 2.59%, 6, 0, 4, 46.76
1629785536, 0, 260, 423, 353, 60, 2.59%, 6, 0, 4, 44.57
1629785541, 0, 260, 425, 355, 60, 2.59%, 6, 0, 4, 47.86
1629786488, 0, 260, 426, 356, 60, 2.59%, 6, 0, 4, 31.82
1629786862, 0, 260, 427, 357, 60, 2.59%, 6, 0, 4, 30.18
1629786888, 0, 260, 428, 358, 60, 2.59%, 6, 0, 4, 30.50
1629786996, 0, 260, 429, 359, 60, 2.59%, 6, 0, 4, 31.22
1629787011, 0, 260, 430, 360, 60, 2.59%, 6, 0, 4, 29.80
1629789072, 0, 261, 430, 359, 76, 2.59%, 6, 0, 4, 54.02
1629793298, 0, 262, 431, 359, 76, 2.59%, 6, 0, 4, 69.27
1629797521, 0, 263, 431, 358, 75, 2.59%, 6, 0, 4, 62.30
1629801959, 0, 264, 431, 357, 74, 2.59%, 6, 0, 4, 57.04
1629801974, 0, 264, 432, 358, 74, 2.59%, 6, 0, 4, 31.29
1629804667, 0, 264, 433, 359, 74, 2.60%, 6, 0, 4, 29.34
1629807168, 0, 265, 433, 358, 74, 2.60%, 6, 0, 4, 43.20
1629807173, 0, 265, 434, 359, 74, 2.60%, 6, 0, 4, 41.67
1629807183, 0, 265, 435, 360, 74, 2.60%, 6, 0, 4, 30.14
1629808039, 0, 265, 436, 361, 74, 2.60%, 6, 0, 4, 31.59
1629812344, 0, 267, 437, 361, 74, 2.60%, 6, 0, 4, 78.50
1629814456, 0, 271, 437, 360, 73, 2.60%, 6, 0, 4, 102.25
1629815105, 0, 271, 438, 361, 73, 2.60%, 6, 0, 4, 94.23
1629816403, 0, 275, 438, 360, 73, 2.60%, 6, 0, 4, 105.38
1629818386, 0, 276, 438, 359, 72, 2.60%, 6, 0, 4, 95.69
1629820348, 0, 277, 438, 358, 71, 2.60%, 6, 0, 4, 113.94
1629820733, 0, 277, 439, 359, 71, 2.60%, 6, 0, 4, 121.40
1629821798, 0, 278, 439, 358, 70, 2.60%, 6, 0, 4, 137.00
1629823212, 0, 280, 439, 357, 69, 2.60%, 6, 0, 4, 92.85
1629825542, 0, 280, 439, 357, 69, 2.60%, 7, 0, 4, 31.34
1629827570, 0, 281, 439, 356, 68, 2.60%, 7, 0, 4, 56.47
1629830249, 0, 281, 440, 357, 68, 2.60%, 7, 0, 4, 102.73
1629831761, 0, 282, 440, 356, 68, 2.60%, 7, 0, 4, 67.86
1629835912, 0, 282, 441, 357, 68, 2.60%, 7, 0, 4, 30.02
1629836209, 0, 287, 441, 356, 67, 2.60%, 7, 0, 4, 71.86
1629838249, 0, 292, 441, 355, 66, 2.60%, 7, 0, 4, 110.23
1629838254, 0, 292, 443, 357, 66, 2.60%, 7, 0, 4, 117.15
1629838538, 0, 292, 444, 358, 66, 2.60%, 7, 0, 4, 114.32
1629838543, 0, 292, 445, 359, 66, 2.61%, 7, 0, 4, 113.04
1629838558, 0, 292, 446, 360, 66, 2.61%, 7, 0, 4, 118.27
1629838665, 0, 292, 447, 361, 66, 2.61%, 7, 0, 4, 52.01
1629839117, 0, 292, 448, 362, 66, 2.61%, 7, 0, 4, 110.78
1629839122, 0, 292, 449, 363, 66, 2.61%, 7, 0, 4, 111.28
1629839914, 0, 292, 450, 364, 66, 2.61%, 7, 0, 4, 111.22
1629839919, 0, 295, 450, 363, 69, 2.61%, 7, 0, 4, 113.14
1629840184, 0, 295, 451, 364, 69, 2.61%, 7, 0, 4, 110.59
1629840428, 0, 295, 452, 365, 69, 2.62%, 7, 0, 4, 64.12
1629841561, 0, 296, 452, 364, 69, 2.62%, 7, 0, 4, 117.58
1629841572, 0, 296, 453, 365, 69, 2.62%, 7, 0, 4, 105.80
1629843062, 0, 296, 454, 366, 69, 2.62%, 7, 0, 4, 122.40
1629843200, 0, 305, 454, 365, 68, 2.62%, 7, 0, 4, 118.75
1629843393, 0, 305, 455, 366, 68, 2.63%, 7, 0, 4, 135.21
1629843636, 0, 305, 458, 369, 68, 2.69%, 7, 0, 4, 103.18
1629844590, 0, 306, 458, 368, 70, 2.69%, 7, 0, 4, 124.75
1629844606, 0, 306, 459, 369, 70, 2.69%, 7, 0, 4, 86.91
1629846452, 0, 307, 459, 368, 69, 2.69%, 7, 0, 4, 108.02
1629846493, 0, 307, 460, 369, 69, 2.69%, 7, 0, 4, 74.19
1629848559, 0, 314, 463, 371, 69, 2.69%, 7, 0, 4, 106.80
1629848580, 0, 314, 464, 372, 69, 2.69%, 7, 0, 4, 111.60
1629848585, 0, 314, 466, 374, 69, 2.69%, 7, 0, 4, 109.50
1629849978, 0, 316, 466, 373, 70, 2.69%, 7, 0, 4, 103.96
1629851885, 0, 317, 466, 372, 69, 2.69%, 7, 0, 4, 52.10
1629851890, 0, 317, 467, 373, 69, 2.69%, 7, 0, 4, 39.03
1629852161, 0, 317, 468, 374, 69, 2.69%, 7, 0, 4, 28.77
1629852478, 0, 317, 469, 375, 69, 2.69%, 7, 0, 4, 58.53
1629852489, 0, 317, 470, 376, 69, 2.69%, 7, 0, 4, 60.64
1629853384, 0, 317, 471, 377, 69, 2.69%, 7, 0, 4, 29.79
1629853389, 0, 317, 472, 378, 69, 2.69%, 7, 0, 4, 31.75
1629853394, 0, 317, 473, 379, 69, 2.69%, 7, 0, 4, 30.86
1629853564, 0, 317, 474, 380, 69, 2.69%, 7, 0, 4, 29.45
1629856221, 0, 318, 474, 379, 70, 2.69%, 7, 0, 4, 49.83
1629856385, 0, 318, 475, 380, 70, 2.69%, 7, 0, 4, 30.30
1629856401, 0, 318, 476, 381, 70, 2.69%, 7, 0, 4, 30.17
1629860891, 0, 322, 476, 380, 70, 2.69%, 7, 0, 4, 45.01
1629862112, 0, 322, 477, 381, 70, 2.69%, 7, 0, 4, 27.08
1629865588, 0, 325, 477, 380, 69, 2.69%, 7, 0, 4, 46.32
1629866213, 0, 325, 478, 381, 69, 2.69%, 7, 0, 4, 46.20
1629867133, 0, 325, 479, 382, 69, 2.69%, 7, 0, 4, 31.24
