# unix_time, cycles_done, cur_path, paths_total, pending_total, pending_favs, map_size, unique_crashes, unique_hangs, max_depth, execs_per_sec
1650899928, 0, 0, 1, 1, 1, 0.77%, 0, 0, 1, 34.48
1650899933, 0, 0, 5, 5, 1, 0.80%, 0, 0, 2, 49.36
1650899943, 0, 0, 7, 7, 1, 0.80%, 0, 0, 2, 25.83
1650899979, 0, 0, 8, 8, 1, 0.81%, 0, 0, 2, 11.30
1650900436, 0, 0, 9, 9, 1, 0.81%, 0, 0, 2, 11.36
1650900858, 0, 0, 12, 12, 1, 0.82%, 0, 0, 2, 429.10
1650900863, 0, 0, 19, 19, 1, 0.84%, 0, 0, 2, 11.30
1650900878, 0, 0, 20, 20, 1, 0.84%, 0, 0, 2, 11.21
1650900904, 0, 0, 21, 21, 1, 0.84%, 0, 0, 2, 10.91
1650901724, 0, 0, 23, 23, 1, 0.85%, 0, 0, 2, 140.42
1650901740, 0, 0, 24, 24, 1, 0.85%, 0, 0, 2, 97.39
1650901750, 0, 0, 27, 27, 1, 0.85%, 0, 0, 2, 107.52
1650901755, 0, 0, 36, 36, 1, 0.93%, 0, 0, 2, 79.66
1650901760, 0, 0, 42, 42, 1, 1.30%, 1, 0, 2, 69.92
1650901765, 0, 0, 46, 46, 1, 1.51%, 2, 0, 2, 83.29
1650901771, 0, 0, 47, 47, 1, 1.52%, 2, 0, 2, 70.11
1650901776, 0, 0, 52, 52, 1, 1.52%, 2, 0, 2, 57.32
1650901786, 0, 0, 59, 59, 1, 1.54%, 2, 0, 2, 54.76
1650901791, 0, 0, 64, 64, 1, 1.63%, 2, 0, 2, 74.02
1650901796, 0, 0, 65, 65, 1, 1.63%, 2, 0, 2, 77.29
1650901801, 0, 0, 66, 66, 1, 1.71%, 2, 0, 2, 73.63
1650901806, 0, 0, 69, 69, 1, 1.71%, 2, 0, 2, 11.66
1650904642, 0, 0, 70, 70, 1, 1.72%, 2, 0, 2, 11.17
1650904673, 0, 0, 71, 71, 1, 1.72%, 2, 0, 2, 10.86
1650908739, 0, 0, 72, 72, 1, 1.73%, 2, 0, 2, 11.30
1650911167, 0, 0, 73, 73, 1, 1.74%, 2, 0, 2, 11.29
1650911254, 0, 0, 74, 74, 1, 1.74%, 2, 0, 2, 11.03
1650919034, 0, 1, 74, 73, 34, 1.74%, 2, 0, 2, 238.53
1650919146, 0, 2, 74, 72, 33, 1.74%, 2, 0, 2, 486.59
1650919192, 0, 3, 74, 71, 32, 1.74%, 2, 0, 2, 183.68
1650919197, 0, 3, 75, 72, 32, 1.75%, 2, 0, 3, 194.47
1650920118, 0, 3, 76, 73, 32, 1.75%, 2, 0, 3, 148.85
1650920169, 0, 4, 76, 72, 33, 1.75%, 2, 0, 3, 193.44
1650921990, 0, 4, 77, 73, 33, 1.75%, 2, 0, 3, 55.98
1650922000, 0, 4, 78, 74, 33, 1.75%, 2, 0, 3, 74.86
1650922005, 0, 4, 79, 75, 33, 1.75%, 2, 0, 3, 61.19
1650939234, 0, 6, 79, 74, 32, 1.75%, 2, 0, 3, 10.92
1650941109, 0, 6, 80, 75, 32, 1.76%, 2, 0, 3, 59.05
1650958623, 0, 6, 81, 76, 32, 1.76%, 2, 0, 3, 24.15
1650958638, 0, 7, 81, 75, 31, 1.76%, 2, 0, 3, 294.15
1650958643, 0, 7, 82, 76, 31, 1.76%, 2, 0, 3, 420.96
1650958653, 0, 7, 83, 77, 31, 1.76%, 2, 0, 3, 581.75
1650958674, 0, 7, 84, 78, 31, 1.76%, 2, 0, 3, 175.73
1650958765, 0, 13, 84, 77, 29, 1.76%, 2, 0, 3, 147.99
1650958928, 0, 13, 85, 78, 29, 1.76%, 2, 0, 3, 79.62
1650958933, 0, 13, 86, 79, 29, 1.76%, 2, 0, 3, 77.26
1650958964, 0, 13, 88, 81, 29, 1.76%, 2, 0, 3, 76.34
1650958969, 0, 13, 89, 82, 29, 1.76%, 2, 0, 3, 83.29
1650959045, 0, 13, 90, 83, 29, 1.76%, 2, 0, 3, 74.27
1650960177, 0, 22, 90, 82, 30, 1.76%, 2, 0, 3, 154.23
1650961821, 0, 23, 90, 81, 29, 1.76%, 2, 0, 3, 11.99
1650985595, 0, 27, 90, 80, 28, 1.76%, 2, 0, 3, 143.94
1650985748, 0, 27, 91, 81, 28, 1.76%, 2, 0, 3, 10.12
1650986594, 0, 28, 91, 80, 27, 1.76%, 2, 0, 3, 167.42
1650986736, 0, 28, 92, 81, 27, 1.76%, 2, 0, 3, 79.41
1650987571, 0, 32, 92, 80, 26, 1.76%, 2, 0, 3, 11.80
