# unix_time, cycles_done, cur_path, paths_total, pending_total, pending_favs, map_size, unique_crashes, unique_hangs, max_depth, execs_per_sec
1654174423, 0, 0, 1, 1, 1, 0.03%, 0, 0, 1, 0.18
1654174444, 0, 0, 4, 4, 1, 0.03%, 0, 0, 2, 3.27
1654174449, 0, 0, 5, 5, 1, 0.03%, 0, 0, 2, 3.25
1654174470, 0, 0, 6, 6, 1, 0.03%, 0, 0, 2, 3.23
1654174553, 0, 0, 7, 7, 1, 0.03%, 0, 0, 2, 3.19
1654174558, 0, 0, 8, 8, 1, 0.03%, 0, 0, 2, 3.20
1654174636, 0, 0, 9, 9, 1, 0.03%, 0, 0, 2, 3.22
1654174667, 0, 0, 10, 10, 1, 0.03%, 0, 0, 2, 3.21
1654174762, 0, 0, 11, 11, 1, 0.03%, 0, 0, 2, 2.98
1654174876, 0, 0, 12, 12, 1, 0.03%, 0, 0, 2, 2.97
1654174929, 0, 0, 13, 13, 1, 0.03%, 0, 0, 2, 3.07
1654175001, 0, 0, 14, 14, 1, 0.03%, 0, 0, 2, 3.16
1654175096, 0, 0, 15, 15, 1, 0.03%, 0, 0, 2, 2.97
1654175169, 0, 0, 16, 16, 1, 0.03%, 0, 0, 2, 2.91
1654175758, 0, 0, 17, 17, 1, 0.03%, 0, 0, 2, 6.14
1654176648, 0, 0, 18, 18, 1, 0.03%, 0, 0, 2, 63.10
1654176654, 0, 0, 22, 22, 1, 0.03%, 0, 0, 2, 49.24
1654176659, 0, 0, 26, 26, 1, 0.03%, 0, 0, 2, 32.33
1654176784, 0, 0, 27, 27, 1, 0.03%, 0, 0, 2, 3.21
1654177192, 0, 0, 28, 28, 1, 0.03%, 0, 0, 2, 3.20
1654177422, 0, 0, 29, 29, 1, 0.03%, 0, 0, 2, 3.20
1654177658, 0, 0, 30, 30, 1, 0.03%, 0, 0, 2, 3.22
1654178124, 0, 0, 31, 31, 1, 0.03%, 0, 0, 2, 36.58
1654178129, 0, 0, 32, 32, 1, 0.03%, 0, 0, 2, 35.34
1654178134, 0, 0, 33, 33, 1, 0.03%, 0, 0, 2, 36.61
1654178216, 0, 0, 34, 34, 1, 0.03%, 0, 0, 2, 4.82
1654178242, 0, 0, 35, 35, 1, 0.03%, 0, 0, 2, 3.12
1654178247, 0, 0, 37, 37, 1, 0.03%, 0, 0, 2, 17.66
1654178252, 0, 0, 39, 39, 1, 0.03%, 0, 0, 2, 14.61
1654178258, 0, 0, 40, 40, 1, 0.03%, 0, 0, 2, 15.66
1654178263, 0, 0, 41, 41, 1, 0.03%, 0, 0, 2, 12.77
1654178268, 0, 0, 44, 44, 1, 0.03%, 0, 0, 2, 12.90
1654178273, 0, 0, 45, 45, 1, 0.03%, 1, 0, 2, 13.09
1654178278, 0, 0, 47, 47, 1, 0.04%, 1, 0, 2, 13.14
1654178283, 0, 0, 48, 48, 1, 0.04%, 1, 0, 2, 2.26
1654178293, 0, 0, 49, 49, 1, 0.05%, 1, 0, 2, 13.47
1654178299, 0, 0, 51, 51, 1, 0.05%, 1, 0, 2, 11.43
1654178304, 0, 0, 52, 52, 1, 0.05%, 1, 0, 2, 11.28
1654178314, 0, 0, 53, 53, 1, 0.05%, 1, 0, 2, 8.67
1654178319, 0, 0, 54, 54, 1, 0.05%, 1, 0, 2, 5.88
1654178329, 0, 0, 56, 56, 1, 0.06%, 1, 0, 2, 12.19
1654178335, 0, 0, 57, 57, 1, 0.06%, 1, 0, 2, 2.68
1654178355, 0, 0, 58, 58, 1, 0.06%, 1, 0, 2, 14.79
1654178360, 0, 0, 59, 59, 1, 0.06%, 1, 0, 2, 9.72
1654178365, 0, 0, 60, 60, 1, 0.06%, 1, 0, 2, 8.73
1654178370, 0, 0, 62, 62, 1, 0.06%, 1, 0, 2, 11.81
1654178380, 0, 0, 64, 64, 1, 0.06%, 1, 0, 2, 16.36
1654178386, 0, 0, 65, 65, 1, 0.06%, 1, 0, 2, 17.18
1654178396, 0, 0, 66, 66, 1, 0.06%, 1, 0, 2, 3.25
1654178407, 0, 0, 67, 67, 1, 0.06%, 1, 0, 2, 10.38
1654178422, 0, 0, 68, 68, 1, 0.06%, 1, 0, 2, 10.56
1654178427, 0, 0, 70, 70, 1, 0.06%, 1, 0, 2, 13.64
1654178432, 0, 0, 72, 72, 1, 0.06%, 1, 0, 2, 14.29
1654178437, 0, 0, 73, 73, 1, 0.06%, 1, 0, 2, 15.06
1654178442, 0, 0, 75, 75, 1, 0.06%, 1, 0, 2, 8.48
1654178448, 0, 0, 77, 77, 1, 0.06%, 1, 0, 2, 12.97
1654178458, 0, 0, 78, 78, 1, 0.06%, 1, 0, 2, 15.05
1654178463, 0, 0, 79, 79, 1, 0.06%, 1, 0, 2, 16.01
1654178468, 0, 0, 80, 80, 1, 0.06%, 1, 0, 2, 11.78
1654178488, 0, 0, 81, 81, 1, 0.07%, 1, 0, 2, 14.13
1654178504, 0, 0, 82, 82, 1, 0.07%, 1, 0, 2, 12.73
1654178525, 0, 0, 84, 84, 1, 0.07%, 1, 0, 2, 3.16
1654178530, 0, 0, 86, 86, 1, 0.07%, 1, 0, 2, 16.45
1654184611, 0, 0, 87, 87, 1, 0.07%, 1, 0, 2, 3.22
1654184857, 0, 0, 88, 88, 1, 0.07%, 1, 0, 2, 3.22
1654214355, 0, 0, 89, 89, 1, 0.07%, 1, 0, 2, 3.21
1654215920, 0, 0, 90, 90, 1, 0.07%, 1, 0, 2, 3.62
1654215935, 0, 0, 91, 91, 1, 0.07%, 1, 0, 2, 9.50
1654216074, 0, 2, 91, 90, 38, 0.07%, 1, 0, 2, 132.70
1654216161, 0, 3, 91, 89, 37, 0.07%, 1, 0, 2, 68.21
1654220159, 0, 3, 92, 90, 37, 0.07%, 1, 0, 3, 79.60
1654220164, 0, 7, 92, 89, 36, 0.07%, 1, 0, 3, 3.15
1654223941, 0, 7, 92, 89, 36, 0.07%, 2, 0, 3, 14.64
1654260693, 0, 9, 92, 88, 35, 0.07%, 2, 0, 3, 99.05
1654260708, 0, 9, 93, 89, 35, 0.07%, 2, 0, 3, 114.15
1654260744, 0, 9, 94, 90, 35, 0.07%, 2, 0, 3, 212.14
1654260790, 0, 9, 95, 91, 35, 0.07%, 2, 0, 3, 69.28
1654261200, 0, 9, 96, 92, 35, 0.07%, 2, 0, 3, 137.98
1654261205, 0, 10, 96, 91, 34, 0.07%, 2, 0, 3, 3.24
1654264872, 0, 10, 96, 91, 34, 0.07%, 3, 0, 3, 15.07
1654301585, 0, 24, 96, 90, 33, 0.07%, 3, 0, 3, 59.69
1654301922, 0, 24, 97, 91, 33, 0.07%, 3, 0, 3, 16.45
1654301938, 0, 24, 98, 92, 33, 0.07%, 3, 0, 3, 16.46
1654301943, 0, 24, 99, 93, 33, 0.07%, 3, 0, 3, 16.43
1654302086, 0, 24, 100, 94, 33, 0.07%, 3, 0, 3, 16.29
1654302091, 0, 24, 101, 95, 33, 0.07%, 3, 0, 3, 23.78
1654303393, 0, 26, 101, 94, 32, 0.07%, 3, 0, 3, 3.09
1654303727, 0, 26, 101, 94, 32, 0.07%, 4, 0, 3, 16.31
1654303856, 0, 26, 102, 95, 32, 0.07%, 4, 0, 3, 15.66
1654305889, 0, 27, 102, 94, 32, 0.07%, 4, 0, 3, 146.67
1654309057, 0, 27, 103, 95, 32, 0.07%, 4, 0, 3, 4.94
1654309631, 0, 27, 103, 95, 32, 0.07%, 5, 0, 3, 15.17
1654309739, 0, 27, 104, 96, 32, 0.07%, 5, 0, 3, 12.66
1654315882, 0, 27, 105, 97, 32, 0.07%, 5, 0, 3, 3.18
1654331426, 0, 27, 106, 98, 32, 0.07%, 5, 0, 3, 3.19
1654331482, 0, 27, 107, 99, 32, 0.07%, 5, 0, 3, 3.19
1654331676, 0, 27, 108, 100, 32, 0.07%, 5, 0, 3, 3.16
1654347653, 0, 28, 108, 99, 36, 0.07%, 5, 0, 3, 3.23
1654351410, 0, 28, 108, 99, 36, 0.07%, 6, 0, 3, 15.06
1654357822, 0, 28, 109, 100, 36, 0.07%, 6, 0, 3, 3.17
1654389647, 0, 29, 109, 99, 35, 0.07%, 6, 0, 3, 10.52
1654393365, 0, 29, 109, 99, 35, 0.07%, 7, 0, 3, 15.40
1654393396, 0, 29, 110, 100, 35, 0.07%, 7, 0, 3, 14.60
1654399864, 0, 29, 111, 101, 35, 0.07%, 7, 0, 3, 3.19
1654432326, 0, 31, 111, 100, 35, 0.07%, 7, 0, 3, 5.79
1654436733, 0, 31, 112, 101, 35, 0.07%, 7, 0, 3, 3.15
1654438500, 0, 31, 113, 102, 35, 0.07%, 7, 0, 3, 13.34
1654472703, 0, 32, 113, 101, 36, 0.07%, 7, 0, 3, 29.45
1654478948, 0, 36, 113, 100, 35, 0.07%, 7, 0, 3, 84.67
1654479625, 0, 36, 114, 101, 35, 0.07%, 7, 0, 3, 3.22
1654483050, 0, 36, 115, 102, 35, 0.07%, 7, 0, 3, 79.23
1654483055, 0, 40, 115, 101, 34, 0.07%, 7, 0, 3, 3.14
1654509921, 0, 41, 115, 100, 33, 0.07%, 7, 0, 3, 18.91
1654510799, 0, 41, 116, 101, 33, 0.07%, 7, 0, 3, 32.11
1654510825, 0, 41, 117, 102, 33, 0.07%, 7, 0, 3, 15.64
1654510876, 0, 41, 118, 103, 33, 0.07%, 7, 0, 3, 16.65
1654511004, 0, 41, 119, 104, 33, 0.07%, 7, 0, 3, 16.25
1654511009, 0, 41, 119, 104, 33, 0.07%, 8, 0, 3, 15.82
1654518668, 0, 43, 119, 103, 34, 0.07%, 8, 0, 3, 22.11
1654518760, 0, 43, 120, 104, 34, 0.07%, 8, 0, 3, 11.46
1654518796, 0, 43, 121, 105, 34, 0.07%, 8, 0, 3, 10.60
1654520205, 0, 43, 121, 105, 34, 0.07%, 9, 0, 3, 11.33
