# unix_time, cycles_done, cur_path, paths_total, pending_total, pending_favs, map_size, unique_crashes, unique_hangs, max_depth, execs_per_sec
1619156071, 0, 0, 1, 1, 1, 0.05%, 0, 0, 1, 0.17
1619156076, 0, 0, 2, 2, 1, 0.06%, 0, 0, 2, 26.51
1619156082, 0, 0, 12, 12, 1, 0.07%, 0, 0, 2, 29.40
1619156087, 0, 0, 21, 21, 1, 0.07%, 0, 0, 2, 25.71
1619156092, 0, 0, 26, 26, 1, 0.07%, 0, 0, 2, 22.05
1619156097, 0, 0, 27, 27, 1, 0.07%, 0, 0, 2, 19.62
1619156102, 0, 0, 31, 31, 1, 0.07%, 0, 0, 2, 19.14
1619156107, 0, 0, 32, 32, 1, 0.07%, 0, 0, 2, 19.43
1619156112, 0, 0, 34, 34, 1, 0.07%, 0, 0, 2, 19.80
1619156118, 0, 0, 35, 35, 1, 0.07%, 0, 0, 2, 19.27
1619156123, 0, 0, 36, 36, 1, 0.07%, 0, 0, 2, 18.79
1619156128, 0, 0, 37, 37, 1, 0.07%, 0, 0, 2, 20.42
1619156138, 0, 0, 39, 39, 1, 0.07%, 0, 0, 2, 18.62
1619156143, 0, 0, 42, 42, 1, 0.07%, 0, 0, 2, 19.61
1619156148, 0, 0, 45, 45, 1, 0.07%, 0, 0, 2, 18.82
1619156164, 0, 0, 49, 49, 1, 0.08%, 0, 0, 2, 19.58
1619156169, 0, 0, 52, 52, 1, 0.08%, 0, 0, 2, 20.19
1619156179, 0, 0, 59, 59, 1, 0.08%, 0, 0, 2, 28.16
1619156184, 0, 0, 64, 64, 1, 0.08%, 0, 0, 2, 26.52
1619156189, 0, 0, 65, 65, 1, 0.08%, 0, 0, 2, 21.49
1619156251, 0, 0, 66, 66, 1, 0.08%, 0, 0, 2, 20.07
1619156261, 0, 0, 70, 70, 1, 0.08%, 0, 0, 2, 26.83
1619156266, 0, 0, 75, 75, 1, 0.08%, 0, 0, 2, 25.57
1619156271, 0, 0, 76, 76, 1, 0.08%, 0, 0, 2, 21.91
1619156276, 0, 0, 77, 77, 1, 0.08%, 0, 0, 2, 19.33
1619156281, 0, 0, 78, 78, 1, 0.08%, 0, 0, 2, 18.97
1619156297, 0, 0, 79, 79, 1, 0.08%, 0, 0, 2, 18.32
1619156322, 0, 0, 80, 80, 1, 0.08%, 0, 0, 2, 19.41
1619156332, 0, 0, 81, 81, 1, 0.08%, 0, 0, 2, 19.25
1619156343, 0, 0, 82, 82, 1, 0.08%, 0, 0, 2, 22.42
1619156363, 0, 0, 84, 84, 1, 0.08%, 0, 0, 2, 19.90
1619156374, 0, 0, 85, 85, 1, 0.08%, 0, 0, 2, 30.56
1619156379, 0, 0, 87, 87, 1, 0.08%, 0, 0, 2, 35.42
1619156384, 0, 0, 91, 91, 1, 0.08%, 0, 0, 2, 23.86
1619156389, 0, 0, 92, 92, 1, 0.08%, 0, 0, 2, 29.71
1619156394, 0, 0, 94, 94, 1, 0.08%, 0, 0, 2, 31.70
1619156399, 0, 0, 97, 97, 1, 0.08%, 0, 0, 2, 30.61
1619156409, 0, 0, 98, 98, 1, 0.08%, 0, 0, 2, 19.49
1619156425, 0, 0, 100, 100, 1, 0.08%, 0, 0, 2, 21.29
1619156430, 0, 0, 101, 101, 1, 0.08%, 0, 0, 2, 19.24
1619156491, 0, 0, 102, 102, 1, 0.08%, 0, 0, 2, 19.49
1619156512, 0, 0, 103, 103, 1, 0.08%, 0, 0, 2, 18.37
1619156522, 0, 0, 104, 104, 1, 0.08%, 0, 0, 2, 18.52
1619156527, 0, 0, 105, 105, 1, 0.08%, 0, 0, 2, 18.65
1619156553, 0, 0, 106, 106, 1, 0.08%, 0, 0, 2, 20.32
1619156619, 0, 0, 107, 107, 1, 0.08%, 0, 0, 2, 18.56
1619156625, 0, 0, 108, 108, 1, 0.08%, 0, 0, 2, 18.60
1619156794, 0, 0, 110, 110, 1, 0.08%, 0, 0, 2, 18.67
1619156850, 0, 0, 112, 112, 1, 0.08%, 0, 0, 2, 20.98
1619156860, 0, 0, 113, 113, 1, 0.08%, 0, 0, 2, 18.92
1619156880, 0, 0, 114, 114, 1, 0.08%, 0, 0, 2, 23.18
1619156927, 0, 0, 115, 115, 1, 0.08%, 0, 0, 2, 19.34
1619156932, 0, 0, 116, 116, 1, 0.08%, 0, 0, 2, 31.56
1619156978, 0, 0, 119, 119, 1, 0.08%, 0, 0, 2, 30.68
1619156984, 0, 0, 120, 120, 1, 0.08%, 0, 0, 2, 21.97
1619156989, 0, 0, 121, 121, 1, 0.08%, 0, 0, 2, 20.82
1619157024, 0, 0, 122, 122, 1, 0.08%, 0, 0, 2, 20.45
1619157030, 0, 0, 124, 124, 1, 0.08%, 0, 0, 2, 18.76
1619157035, 0, 0, 126, 126, 1, 0.08%, 0, 0, 2, 30.33
1619157040, 0, 0, 128, 128, 1, 0.08%, 0, 0, 2, 31.49
1619157270, 0, 0, 131, 131, 1, 0.08%, 0, 0, 2, 32.26
1619157290, 0, 0, 132, 132, 1, 0.08%, 0, 0, 2, 30.13
1619157633, 0, 0, 136, 136, 1, 0.08%, 0, 0, 2, 37.88
1619157638, 0, 0, 141, 141, 1, 0.08%, 0, 0, 2, 32.17
1619157643, 0, 0, 149, 149, 1, 0.08%, 0, 0, 2, 25.98
1619157648, 0, 0, 157, 157, 1, 0.08%, 0, 0, 2, 21.00
1619157653, 0, 0, 165, 165, 1, 0.09%, 0, 0, 2, 19.94
1619157658, 0, 0, 171, 171, 1, 0.09%, 0, 0, 2, 24.94
1619157663, 0, 0, 175, 175, 1, 0.09%, 0, 0, 2, 26.39
1619157668, 0, 0, 176, 176, 1, 0.09%, 0, 0, 2, 29.58
1619157698, 0, 0, 177, 177, 1, 0.09%, 0, 0, 2, 30.68
1619157704, 0, 0, 179, 179, 1, 0.09%, 0, 0, 2, 30.24
1619157709, 0, 0, 180, 180, 1, 0.09%, 0, 0, 2, 30.14
1619157714, 0, 0, 181, 181, 1, 0.09%, 0, 0, 2, 30.28
1619157719, 0, 0, 183, 183, 1, 0.09%, 0, 0, 2, 24.46
1619157744, 0, 0, 186, 186, 1, 0.09%, 0, 0, 2, 23.05
1619157750, 0, 0, 187, 187, 1, 0.09%, 0, 0, 2, 28.84
1619157781, 0, 0, 188, 188, 1, 0.09%, 0, 0, 2, 20.40
1619157791, 0, 0, 189, 189, 1, 0.09%, 0, 0, 2, 18.79
1619157919, 0, 0, 190, 190, 1, 0.09%, 0, 0, 2, 25.05
1619157924, 0, 0, 195, 195, 1, 0.09%, 0, 0, 2, 23.76
1619157929, 0, 0, 196, 196, 1, 0.09%, 0, 0, 2, 25.56
1619157944, 0, 0, 197, 197, 1, 0.09%, 0, 0, 2, 26.34
1619158027, 0, 0, 199, 199, 1, 0.09%, 0, 0, 2, 21.27
1619158032, 0, 0, 200, 200, 1, 0.09%, 0, 0, 2, 23.95
1619158042, 0, 0, 201, 201, 1, 0.09%, 0, 0, 2, 23.39
1619158088, 0, 0, 202, 202, 1, 0.09%, 0, 0, 2, 24.69
1619158144, 0, 0, 203, 203, 1, 0.09%, 0, 0, 2, 25.15
1619158154, 0, 0, 204, 204, 1, 0.09%, 0, 0, 2, 21.66
1619158350, 0, 0, 205, 205, 1, 0.09%, 0, 0, 2, 23.47
1619158447, 0, 0, 206, 206, 1, 0.09%, 0, 0, 2, 21.31
1619158586, 0, 0, 207, 207, 1, 0.09%, 0, 0, 2, 23.84
1619158883, 0, 0, 208, 208, 1, 0.09%, 0, 0, 2, 25.59
1619159032, 0, 0, 209, 209, 1, 0.09%, 0, 0, 2, 24.31
1619159083, 0, 0, 210, 210, 1, 0.09%, 0, 0, 2, 76.45
1619159118, 0, 0, 214, 214, 1, 0.09%, 0, 0, 2, 45.79
1619159123, 0, 0, 217, 217, 1, 0.10%, 0, 0, 2, 35.33
1619159129, 0, 0, 220, 220, 1, 0.10%, 0, 0, 2, 33.17
1619159134, 0, 0, 224, 224, 1, 0.10%, 0, 0, 2, 35.29
1619159139, 0, 0, 229, 229, 1, 0.10%, 0, 0, 2, 32.70
1619159144, 0, 0, 236, 236, 1, 0.10%, 0, 0, 2, 32.34
1619159149, 0, 0, 240, 240, 1, 0.10%, 0, 0, 2, 32.47
1619159154, 0, 0, 247, 247, 1, 0.11%, 0, 0, 2, 22.68
1619159159, 0, 0, 250, 250, 1, 0.11%, 0, 0, 2, 20.94
1619159165, 0, 0, 251, 251, 1, 0.11%, 0, 0, 2, 20.59
1619159170, 0, 0, 254, 254, 1, 0.11%, 0, 0, 2, 20.59
1619159175, 0, 0, 258, 258, 1, 0.11%, 0, 0, 2, 20.85
1619159180, 0, 0, 261, 261, 1, 0.11%, 0, 0, 2, 22.27
1619159185, 0, 0, 266, 266, 1, 0.11%, 0, 0, 2, 22.46
1619159190, 0, 0, 267, 267, 1, 0.11%, 0, 0, 2, 29.01
1619159196, 0, 0, 272, 272, 1, 0.11%, 0, 0, 2, 26.75
1619159201, 0, 0, 276, 276, 1, 0.11%, 0, 0, 2, 31.39
1619159221, 0, 0, 277, 277, 1, 0.11%, 0, 0, 2, 37.83
1619159303, 0, 0, 278, 278, 1, 0.11%, 0, 0, 2, 37.40
1619159323, 0, 0, 279, 279, 1, 0.11%, 0, 0, 2, 36.64
1619159329, 0, 0, 280, 280, 1, 0.11%, 0, 0, 2, 36.17
1619159405, 0, 0, 282, 282, 1, 0.11%, 0, 0, 2, 21.77
1619159441, 0, 0, 283, 283, 1, 0.11%, 0, 0, 2, 21.25
1619159461, 0, 0, 284, 284, 1, 0.11%, 0, 0, 2, 21.17
1619159471, 0, 0, 285, 285, 1, 0.11%, 0, 0, 2, 21.15
1619159537, 0, 0, 286, 286, 1, 0.11%, 0, 0, 2, 21.16
1619160091, 0, 0, 288, 288, 1, 0.11%, 0, 0, 2, 21.56
1619160142, 0, 0, 289, 289, 1, 0.11%, 0, 0, 2, 21.58
1619160163, 0, 0, 290, 290, 1, 0.11%, 0, 0, 2, 21.83
1619160574, 0, 0, 291, 291, 1, 0.11%, 0, 0, 2, 21.22
1619160594, 0, 0, 292, 292, 1, 0.11%, 0, 0, 2, 21.75
1619160732, 0, 0, 293, 293, 1, 0.11%, 0, 0, 2, 21.30
1619161004, 0, 0, 294, 294, 1, 0.11%, 0, 0, 2, 21.70
1619161051, 0, 0, 295, 295, 1, 0.11%, 0, 0, 2, 21.63
1619161767, 0, 0, 296, 296, 1, 0.11%, 0, 0, 2, 21.77
1619161777, 0, 0, 297, 297, 1, 0.11%, 0, 0, 2, 21.54
1619162890, 0, 0, 298, 298, 1, 0.11%, 0, 0, 2, 21.92
1619162906, 0, 0, 299, 299, 1, 0.11%, 0, 0, 2, 21.41
1619163759, 0, 0, 300, 300, 1, 0.11%, 0, 0, 2, 21.68
1619163774, 0, 0, 301, 301, 1, 0.11%, 0, 0, 2, 22.28
1619163780, 0, 0, 302, 302, 1, 0.11%, 0, 0, 2, 21.83
1619164853, 0, 0, 304, 304, 1, 0.11%, 0, 0, 2, 21.17
1619165043, 0, 0, 305, 305, 1, 0.11%, 0, 0, 2, 21.52
1619165073, 0, 0, 306, 306, 1, 0.11%, 0, 0, 2, 21.65
1619165079, 0, 0, 307, 307, 1, 0.11%, 0, 0, 2, 21.99
1619165084, 0, 0, 308, 308, 1, 0.11%, 0, 0, 2, 21.59
1619165156, 0, 0, 310, 310, 1, 0.11%, 0, 0, 2, 21.91
1619165700, 0, 0, 311, 311, 1, 0.11%, 0, 0, 2, 32.06
1619165705, 0, 0, 314, 314, 1, 0.11%, 0, 0, 2, 43.13
1619165710, 0, 0, 316, 316, 1, 0.11%, 0, 0, 2, 44.85
1619165715, 0, 0, 318, 318, 1, 0.11%, 0, 0, 2, 46.25
1619165720, 0, 0, 319, 319, 1, 0.11%, 0, 0, 2, 45.08
1619165745, 0, 0, 325, 325, 1, 0.11%, 0, 0, 2, 33.29
1619165750, 0, 0, 329, 329, 1, 0.11%, 0, 0, 2, 39.29
1619165756, 0, 0, 332, 332, 1, 0.11%, 0, 0, 2, 38.59
1619165761, 0, 0, 336, 336, 1, 0.11%, 0, 0, 2, 39.66
1619165766, 0, 0, 339, 339, 1, 0.11%, 0, 0, 2, 38.98
1619165771, 0, 0, 341, 341, 1, 0.11%, 0, 0, 2, 42.61
1619165776, 0, 0, 342, 342, 1, 0.11%, 0, 0, 2, 39.77
1619165781, 0, 0, 343, 343, 1, 0.11%, 0, 0, 2, 43.79
1619165786, 0, 0, 347, 347, 1, 0.11%, 0, 0, 2, 39.52
1619165792, 0, 0, 351, 351, 1, 0.11%, 0, 0, 2, 40.33
1619165797, 0, 0, 352, 352, 1, 0.11%, 0, 0, 2, 42.96
1619165807, 0, 0, 355, 355, 1, 0.11%, 0, 0, 2, 39.65
1619165817, 0, 0, 356, 356, 1, 0.11%, 0, 0, 2, 37.60
1619165822, 0, 0, 359, 359, 1, 0.11%, 0, 0, 2, 40.03
1619165833, 0, 0, 360, 360, 1, 0.11%, 0, 0, 2, 41.15
1619165853, 0, 0, 361, 361, 1, 0.11%, 0, 0, 2, 42.27
1619165864, 0, 0, 362, 362, 1, 0.11%, 0, 0, 2, 40.85
1619165869, 0, 0, 363, 363, 1, 0.11%, 0, 0, 2, 42.00
1619165879, 0, 0, 365, 365, 1, 0.11%, 0, 0, 2, 41.76
1619165884, 0, 0, 367, 367, 1, 0.11%, 0, 0, 2, 41.77
1619165889, 0, 0, 368, 368, 1, 0.11%, 0, 0, 2, 38.52
1619165894, 0, 0, 369, 369, 1, 0.11%, 0, 0, 2, 40.98
1619165915, 0, 0, 370, 370, 1, 0.11%, 0, 0, 2, 41.54
1619165945, 0, 0, 371, 371, 1, 0.11%, 0, 0, 2, 42.06
1619165961, 0, 0, 372, 372, 1, 0.11%, 0, 0, 2, 40.09
1619165981, 0, 0, 373, 373, 1, 0.11%, 0, 0, 2, 36.65
1619165992, 0, 0, 374, 374, 1, 0.11%, 0, 0, 2, 38.98
1619166007, 0, 0, 375, 375, 1, 0.11%, 0, 0, 2, 42.44
1619166012, 0, 0, 376, 376, 1, 0.11%, 0, 0, 2, 39.50
1619166032, 0, 0, 377, 377, 1, 0.11%, 0, 0, 2, 39.56
1619166043, 0, 0, 378, 378, 1, 0.11%, 0, 0, 2, 37.51
1619166048, 0, 0, 379, 379, 1, 0.11%, 0, 0, 2, 42.45
1619166063, 0, 0, 380, 380, 1, 0.11%, 0, 0, 2, 42.35
1619166083, 0, 0, 381, 381, 1, 0.11%, 0, 0, 2, 41.29
1619166089, 0, 0, 382, 382, 1, 0.11%, 0, 0, 2, 40.31
1619166094, 0, 0, 383, 383, 1, 0.11%, 0, 0, 2, 41.62
1619166099, 0, 0, 384, 384, 1, 0.11%, 0, 0, 2, 40.12
1619166120, 0, 0, 385, 385, 1, 0.11%, 0, 0, 2, 37.96
1619166125, 0, 0, 386, 386, 1, 0.11%, 0, 0, 2, 40.18
1619166135, 0, 0, 387, 387, 1, 0.11%, 0, 0, 2, 39.63
1619166145, 0, 0, 388, 388, 1, 0.11%, 0, 0, 2, 39.91
1619166155, 0, 3, 388, 387, 71, 0.11%, 0, 0, 2, 43.02
1619167018, 0, 3, 389, 388, 71, 0.11%, 0, 0, 3, 35.71
1619167691, 0, 3, 390, 389, 71, 0.11%, 0, 0, 3, 36.07
1619168995, 0, 3, 391, 390, 71, 0.11%, 0, 0, 3, 34.84
1619170681, 0, 3, 392, 391, 71, 0.11%, 0, 0, 3, 35.25
1619170702, 0, 3, 393, 392, 71, 0.11%, 0, 0, 3, 35.16
1619171070, 0, 3, 394, 393, 71, 0.11%, 0, 0, 3, 44.87
1619171105, 0, 6, 394, 392, 70, 0.11%, 0, 0, 3, 34.67
1619171111, 0, 6, 395, 393, 70, 0.11%, 0, 0, 3, 28.51
1619171116, 0, 6, 396, 394, 70, 0.11%, 0, 0, 3, 25.97
1619171141, 0, 6, 397, 395, 70, 0.11%, 0, 0, 3, 20.90
1619171269, 0, 6, 399, 397, 70, 0.11%, 0, 0, 3, 41.12
1619171274, 0, 6, 400, 398, 70, 0.11%, 0, 0, 3, 38.85
1619171284, 0, 6, 401, 399, 70, 0.11%, 0, 0, 3, 23.17
1619171294, 0, 6, 402, 400, 70, 0.11%, 0, 0, 3, 23.65
1619171299, 0, 6, 403, 401, 70, 0.11%, 0, 0, 3, 30.94
1619171304, 0, 6, 404, 402, 70, 0.11%, 0, 0, 3, 33.16
1619171310, 0, 6, 405, 403, 70, 0.11%, 0, 0, 3, 24.75
1619171458, 0, 6, 406, 404, 70, 0.11%, 0, 0, 3, 25.28
1619171612, 0, 14, 406, 403, 71, 0.11%, 0, 0, 3, 62.42
1619171673, 0, 14, 407, 404, 71, 0.11%, 0, 0, 3, 75.30
1619171988, 0, 15, 407, 403, 73, 0.11%, 0, 0, 3, 57.64
1619171993, 0, 15, 409, 405, 73, 0.11%, 0, 0, 3, 41.62
1619171999, 0, 15, 411, 407, 73, 0.11%, 0, 0, 3, 36.68
1619172070, 0, 15, 412, 408, 73, 0.11%, 0, 0, 3, 40.82
1619172131, 0, 15, 413, 409, 73, 0.11%, 0, 0, 3, 33.24
1619172408, 0, 18, 413, 408, 74, 0.11%, 0, 0, 3, 59.96
1619172780, 0, 58, 413, 407, 73, 0.11%, 0, 0, 3, 53.69
1619172938, 0, 58, 414, 408, 73, 0.11%, 0, 0, 3, 43.57
1619173281, 0, 58, 415, 409, 73, 0.11%, 0, 0, 3, 70.73
1619173291, 0, 59, 416, 409, 74, 0.11%, 0, 0, 3, 38.17
1619173781, 0, 70, 416, 408, 74, 0.11%, 0, 0, 3, 72.25
1619173786, 0, 70, 417, 409, 74, 0.11%, 0, 0, 3, 48.58
1619173806, 0, 70, 418, 410, 74, 0.11%, 0, 0, 3, 39.55
1619174066, 0, 70, 419, 411, 74, 0.11%, 0, 0, 3, 38.18
1619174132, 0, 81, 419, 410, 73, 0.11%, 0, 0, 3, 47.96
1619175411, 0, 81, 420, 411, 73, 0.11%, 0, 0, 3, 37.48
1619183510, 0, 81, 421, 412, 73, 0.11%, 0, 0, 3, 41.43
1619183525, 0, 81, 422, 413, 73, 0.11%, 0, 0, 3, 42.01
1619183541, 0, 81, 423, 414, 73, 0.11%, 0, 0, 3, 44.53
1619183546, 0, 81, 424, 415, 73, 0.11%, 0, 0, 3, 42.04
1619183571, 0, 81, 426, 417, 73, 0.11%, 0, 0, 3, 43.47
1619183627, 0, 81, 427, 418, 73, 0.11%, 0, 0, 3, 37.71
1619183643, 0, 81, 429, 420, 73, 0.11%, 0, 0, 3, 38.97
1619183684, 0, 81, 431, 422, 73, 0.11%, 0, 0, 3, 39.14
1619183689, 0, 81, 432, 423, 73, 0.11%, 0, 0, 3, 41.73
1619183699, 0, 81, 433, 424, 73, 0.11%, 0, 0, 3, 42.66
1619183715, 0, 81, 434, 425, 73, 0.11%, 0, 0, 3, 44.21
1619183725, 0, 81, 435, 426, 73, 0.11%, 0, 0, 3, 39.16
1619183735, 0, 81, 436, 427, 73, 0.11%, 0, 0, 3, 40.50
1619183761, 0, 81, 437, 428, 73, 0.11%, 0, 0, 3, 43.49
1619183787, 0, 81, 439, 430, 73, 0.11%, 0, 0, 3, 41.86
1619183868, 0, 81, 440, 431, 73, 0.11%, 0, 0, 3, 38.42
1619183889, 0, 86, 442, 432, 75, 0.11%, 0, 0, 3, 41.93
1619184767, 0, 86, 443, 433, 75, 0.11%, 0, 0, 3, 47.39
1619184822, 0, 86, 444, 434, 75, 0.11%, 0, 0, 3, 34.14
1619185726, 0, 86, 445, 435, 75, 0.11%, 0, 0, 3, 33.59
1619189459, 0, 86, 446, 436, 75, 0.11%, 0, 0, 3, 33.74
1619189469, 0, 86, 447, 437, 75, 0.11%, 0, 0, 3, 33.61
1619189914, 0, 86, 448, 438, 75, 0.11%, 0, 0, 3, 51.08
1619189924, 0, 94, 448, 437, 74, 0.11%, 0, 0, 3, 47.76
1619190267, 0, 99, 448, 436, 73, 0.11%, 0, 0, 3, 65.15
1619190584, 0, 99, 449, 437, 73, 0.11%, 0, 0, 3, 23.41
1619191002, 0, 99, 450, 438, 73, 0.11%, 0, 0, 3, 28.27
1619199558, 0, 99, 451, 439, 73, 0.11%, 0, 0, 3, 42.06
1619199564, 0, 99, 452, 440, 73, 0.11%, 0, 0, 3, 42.61
1619199594, 0, 111, 452, 439, 73, 0.11%, 0, 0, 3, 44.27
1619200387, 0, 111, 453, 440, 73, 0.11%, 0, 0, 3, 26.19
1619202797, 0, 111, 454, 441, 73, 0.11%, 0, 0, 3, 21.40
1619223546, 0, 111, 455, 442, 73, 0.11%, 0, 0, 3, 1.97
1619233920, 0, 111, 456, 443, 73, 0.11%, 0, 0, 3, 4.68
1619234037, 0, 115, 456, 442, 73, 0.11%, 0, 0, 3, 1.88
1619239530, 0, 115, 457, 443, 73, 0.11%, 0, 0, 3, 23.79
1619240273, 0, 115, 458, 444, 73, 0.11%, 0, 0, 3, 46.13
1619251887, 0, 125, 458, 443, 74, 0.11%, 0, 0, 3, 6.35
1619252071, 0, 125, 459, 444, 74, 0.11%, 0, 0, 3, 1.69
