# unix_time, cycles_done, cur_path, paths_total, pending_total, pending_favs, map_size, unique_crashes, unique_hangs, max_depth, execs_per_sec
1629262812, 0, 0, 1, 1, 1, 0.07%, 0, 0, 1, 0.12
1629262849, 0, 0, 2, 2, 1, 0.07%, 1, 0, 2, 4.57
1629262854, 0, 0, 4, 4, 1, 0.07%, 2, 0, 2, 3.88
1629262859, 0, 0, 4, 4, 1, 0.07%, 3, 0, 2, 4.33
1629262869, 0, 0, 4, 4, 1, 0.07%, 8, 0, 2, 5.11
1629262875, 0, 0, 5, 5, 1, 0.07%, 10, 0, 2, 4.55
1629262880, 0, 0, 7, 7, 1, 0.07%, 10, 0, 2, 4.55
1629262885, 0, 0, 9, 9, 1, 0.07%, 10, 0, 2, 4.01
1629262890, 0, 0, 11, 11, 1, 0.07%, 10, 0, 2, 4.26
1629262895, 0, 0, 13, 13, 1, 0.07%, 10, 0, 2, 4.44
1629262900, 0, 0, 14, 14, 1, 0.07%, 10, 0, 2, 4.26
1629262905, 0, 0, 15, 15, 1, 0.07%, 10, 0, 2, 4.31
1629262910, 0, 0, 16, 16, 1, 0.07%, 10, 0, 2, 4.58
1629262916, 0, 0, 19, 19, 1, 0.07%, 10, 0, 2, 4.65
1629262931, 0, 0, 21, 21, 1, 0.07%, 10, 0, 2, 4.53
1629262936, 0, 0, 22, 22, 1, 0.07%, 10, 0, 2, 4.71
1629262941, 0, 0, 24, 24, 1, 0.08%, 10, 0, 2, 4.93
1629262947, 0, 0, 26, 26, 1, 0.08%, 10, 0, 2, 5.04
1629262952, 0, 0, 28, 28, 1, 0.08%, 10, 0, 2, 4.78
1629262957, 0, 0, 29, 29, 1, 0.08%, 10, 0, 2, 4.91
1629262962, 0, 0, 31, 31, 1, 0.08%, 10, 0, 2, 4.98
1629262967, 0, 0, 33, 33, 1, 0.08%, 10, 0, 2, 4.95
1629262978, 0, 0, 35, 35, 1, 0.08%, 10, 0, 2, 4.75
1629262983, 0, 0, 36, 36, 1, 0.08%, 10, 0, 2, 4.74
1629262988, 0, 0, 38, 38, 1, 0.08%, 10, 0, 2, 4.57
1629262993, 0, 0, 40, 40, 1, 0.08%, 10, 0, 2, 5.03
1629262998, 0, 0, 42, 42, 1, 0.08%, 10, 0, 2, 5.43
1629263003, 0, 0, 44, 44, 1, 0.08%, 10, 0, 2, 5.23
1629263008, 0, 0, 46, 46, 1, 0.08%, 10, 0, 2, 4.76
1629263013, 0, 0, 48, 48, 1, 0.08%, 10, 0, 2, 4.68
1629263023, 0, 0, 49, 49, 1, 0.08%, 10, 0, 2, 4.95
1629263028, 0, 0, 51, 51, 1, 0.08%, 10, 0, 2, 5.57
1629263039, 0, 0, 52, 52, 1, 0.08%, 10, 0, 2, 5.13
1629263049, 0, 0, 53, 53, 1, 0.08%, 10, 0, 2, 5.04
1629263070, 0, 0, 54, 54, 1, 0.08%, 10, 0, 2, 5.26
1629263122, 0, 0, 55, 55, 1, 0.08%, 10, 0, 2, 5.49
1629263158, 0, 0, 58, 58, 1, 0.08%, 10, 0, 2, 6.75
1629263163, 0, 0, 60, 60, 1, 0.08%, 10, 0, 2, 6.03
1629263168, 0, 0, 61, 61, 1, 0.08%, 10, 0, 2, 5.89
1629263173, 0, 0, 62, 62, 1, 0.08%, 10, 0, 2, 6.01
1629263188, 0, 0, 63, 63, 1, 0.08%, 10, 0, 2, 6.50
1629263193, 0, 0, 64, 64, 1, 0.08%, 10, 0, 2, 6.21
1629263214, 0, 0, 65, 65, 1, 0.08%, 10, 0, 2, 6.62
1629263219, 0, 0, 66, 66, 1, 0.08%, 10, 0, 2, 6.07
1629263260, 0, 0, 67, 67, 1, 0.08%, 10, 0, 2, 6.20
1629263265, 0, 0, 68, 68, 1, 0.08%, 10, 0, 2, 6.18
1629263270, 0, 0, 70, 70, 1, 0.08%, 10, 0, 2, 5.90
1629263285, 0, 0, 71, 71, 1, 0.08%, 10, 0, 2, 5.83
1629263296, 0, 0, 73, 73, 1, 0.08%, 10, 0, 2, 5.65
1629263306, 0, 0, 75, 75, 1, 0.08%, 10, 0, 2, 6.44
1629263312, 0, 0, 76, 76, 1, 0.08%, 10, 0, 2, 6.06
1629263353, 0, 0, 78, 78, 1, 0.08%, 10, 0, 2, 6.35
1629263358, 0, 0, 80, 80, 1, 0.08%, 10, 0, 2, 5.96
1629263390, 0, 0, 81, 81, 1, 0.08%, 10, 0, 2, 6.82
1629263395, 0, 0, 83, 83, 1, 0.08%, 10, 0, 2, 6.88
1629263410, 0, 0, 84, 84, 1, 0.08%, 10, 0, 2, 5.84
1629263420, 0, 0, 85, 85, 1, 0.08%, 10, 0, 2, 8.06
1629263436, 0, 0, 86, 86, 1, 0.08%, 10, 0, 2, 7.71
1629263441, 0, 0, 88, 88, 1, 0.08%, 10, 0, 2, 7.23
1629263446, 0, 0, 89, 89, 1, 0.08%, 10, 0, 2, 7.01
1629263451, 0, 0, 90, 90, 1, 0.08%, 10, 0, 2, 6.97
1629263457, 0, 0, 92, 92, 1, 0.08%, 10, 0, 2, 6.62
1629263462, 0, 0, 94, 94, 1, 0.08%, 10, 0, 2, 6.27
1629263581, 0, 0, 95, 95, 1, 0.08%, 10, 0, 2, 5.66
1629263586, 0, 0, 96, 96, 1, 0.08%, 10, 0, 2, 5.93
1629263596, 0, 0, 97, 97, 1, 0.08%, 10, 0, 2, 5.89
1629263694, 0, 0, 98, 98, 1, 0.08%, 10, 0, 2, 5.95
1629263792, 0, 0, 99, 99, 1, 0.08%, 10, 0, 2, 5.81
1629263823, 0, 0, 100, 100, 1, 0.08%, 10, 0, 2, 7.34
1629263828, 0, 0, 101, 101, 1, 0.08%, 10, 0, 2, 7.25
1629263839, 0, 0, 102, 102, 1, 0.08%, 10, 0, 2, 7.10
1629263844, 0, 0, 104, 104, 1, 0.08%, 10, 0, 2, 6.78
1629264221, 0, 0, 105, 105, 1, 0.08%, 10, 0, 2, 7.13
1629264241, 0, 0, 106, 106, 1, 0.08%, 10, 0, 2, 5.75
1629264251, 0, 0, 106, 106, 1, 0.08%, 11, 0, 2, 7.33
1629264257, 0, 0, 107, 107, 1, 0.08%, 11, 0, 2, 7.17
1629264287, 0, 0, 108, 108, 1, 0.08%, 11, 0, 2, 5.93
1629264308, 0, 0, 109, 109, 1, 0.08%, 11, 0, 2, 7.36
1629264354, 0, 0, 109, 109, 1, 0.08%, 12, 0, 2, 8.83
1629264385, 0, 0, 110, 110, 1, 0.08%, 12, 0, 2, 7.80
1629264426, 0, 0, 111, 111, 1, 0.08%, 12, 0, 2, 7.17
1629264431, 0, 0, 112, 112, 1, 0.08%, 12, 0, 2, 6.85
1629264436, 0, 0, 113, 113, 1, 0.08%, 12, 0, 2, 6.82
1629264513, 0, 0, 114, 114, 1, 0.08%, 12, 0, 2, 6.98
1629264524, 0, 0, 117, 117, 1, 0.08%, 12, 0, 2, 6.81
1629264560, 0, 0, 118, 118, 1, 0.08%, 12, 0, 2, 6.14
1629264823, 0, 0, 119, 119, 1, 0.08%, 12, 0, 2, 6.30
1629264874, 0, 0, 120, 120, 1, 0.08%, 12, 0, 2, 5.84
1629265591, 0, 0, 121, 121, 1, 0.08%, 12, 0, 2, 5.96
1629265596, 0, 0, 122, 122, 1, 0.08%, 12, 0, 2, 5.63
1629265865, 0, 0, 123, 123, 1, 0.08%, 12, 0, 2, 5.81
1629265895, 0, 0, 124, 124, 1, 0.08%, 12, 0, 2, 5.67
1629266107, 0, 0, 125, 125, 1, 0.08%, 12, 0, 2, 5.51
1629266282, 0, 0, 125, 125, 1, 0.08%, 13, 0, 2, 8.97
1629266287, 0, 0, 126, 126, 1, 0.08%, 14, 0, 2, 8.31
1629266298, 0, 0, 127, 127, 1, 0.08%, 14, 0, 2, 7.12
1629266447, 0, 0, 128, 128, 1, 0.08%, 14, 0, 2, 6.11
1629266457, 0, 0, 129, 129, 1, 0.08%, 14, 0, 2, 12.87
1629267321, 0, 0, 130, 130, 1, 0.08%, 14, 0, 2, 8.56
1629268524, 0, 0, 130, 130, 1, 0.08%, 15, 0, 2, 15.29
1629268550, 0, 0, 130, 130, 1, 0.08%, 16, 0, 2, 9.07
1629268816, 0, 0, 131, 131, 1, 0.08%, 16, 0, 2, 7.98
1629268826, 0, 0, 132, 132, 1, 0.08%, 16, 0, 2, 7.73
1629268862, 0, 0, 134, 134, 1, 0.08%, 16, 0, 2, 7.66
1629268873, 0, 0, 135, 135, 1, 0.08%, 16, 0, 2, 7.77
1629268878, 0, 0, 136, 136, 1, 0.08%, 16, 0, 2, 7.84
1629268893, 0, 0, 137, 137, 1, 0.08%, 16, 0, 2, 7.73
1629268903, 0, 0, 138, 138, 1, 0.08%, 16, 0, 2, 7.86
1629268955, 0, 0, 141, 141, 1, 0.08%, 16, 0, 2, 7.37
1629268960, 0, 0, 143, 143, 1, 0.08%, 16, 0, 2, 6.82
1629268976, 0, 0, 144, 144, 1, 0.08%, 16, 0, 2, 7.47
1629268991, 0, 0, 146, 146, 1, 0.08%, 16, 0, 2, 6.98
1629269022, 0, 0, 149, 149, 1, 0.08%, 16, 0, 2, 6.96
1629269078, 0, 0, 150, 150, 1, 0.08%, 16, 0, 2, 6.98
1629269084, 0, 0, 151, 151, 1, 0.08%, 16, 0, 2, 6.91
1629269109, 0, 0, 152, 152, 1, 0.08%, 16, 0, 2, 7.24
1629269114, 0, 0, 153, 153, 1, 0.08%, 16, 0, 2, 7.63
1629269238, 0, 0, 154, 154, 1, 0.08%, 16, 0, 2, 7.16
1629269342, 0, 0, 155, 155, 1, 0.08%, 16, 0, 2, 7.90
1629269362, 0, 0, 156, 156, 1, 0.08%, 16, 0, 2, 7.62
1629269387, 0, 0, 157, 157, 1, 0.08%, 16, 0, 2, 7.31
1629269749, 0, 0, 158, 158, 1, 0.08%, 16, 0, 2, 6.20
1629270307, 0, 0, 159, 159, 1, 0.08%, 16, 0, 2, 6.21
1629271003, 0, 0, 160, 160, 1, 0.08%, 16, 0, 2, 6.76
1629271034, 0, 0, 161, 161, 1, 0.08%, 16, 0, 2, 6.54
1629271045, 0, 0, 163, 163, 1, 0.08%, 16, 0, 2, 6.66
1629271050, 0, 0, 164, 164, 1, 0.08%, 16, 0, 2, 6.33
1629271096, 0, 0, 165, 165, 1, 0.08%, 16, 0, 2, 7.66
1629271664, 0, 0, 166, 166, 1, 0.08%, 16, 0, 2, 6.01
1629271988, 0, 0, 167, 167, 1, 0.08%, 16, 0, 2, 7.89
1629272040, 0, 0, 168, 168, 1, 0.08%, 16, 0, 2, 6.73
1629273411, 0, 0, 169, 169, 1, 0.08%, 16, 0, 2, 5.52
1629273479, 0, 0, 170, 170, 1, 0.08%, 16, 0, 2, 5.50
1629273489, 0, 0, 171, 171, 1, 0.08%, 16, 0, 2, 5.76
1629273494, 0, 0, 172, 172, 1, 0.08%, 16, 0, 2, 5.93
1629273638, 0, 0, 173, 173, 1, 0.08%, 16, 0, 2, 5.68
1629273861, 0, 0, 174, 174, 1, 0.08%, 16, 0, 2, 6.04
1629273964, 0, 0, 175, 175, 1, 0.09%, 16, 0, 2, 7.38
1629275332, 0, 0, 176, 176, 1, 0.09%, 16, 0, 2, 7.98
1629275337, 0, 0, 177, 177, 1, 0.09%, 16, 0, 2, 6.49
1629275358, 0, 0, 178, 178, 1, 0.09%, 16, 0, 2, 10.11
1629275393, 0, 0, 179, 179, 1, 0.09%, 16, 0, 2, 5.16
1629275593, 0, 0, 179, 179, 1, 0.09%, 17, 0, 2, 9.99
1629275696, 0, 0, 181, 181, 1, 0.09%, 17, 0, 2, 6.83
1629275701, 0, 0, 182, 182, 1, 0.09%, 17, 0, 2, 5.93
1629275706, 0, 0, 183, 183, 1, 0.09%, 17, 0, 2, 5.67
1629275711, 0, 0, 184, 184, 1, 0.09%, 17, 0, 2, 5.82
1629275716, 0, 0, 185, 185, 1, 0.09%, 17, 0, 2, 5.69
1629275721, 0, 0, 187, 187, 1, 0.09%, 17, 0, 2, 5.54
1629275727, 0, 0, 188, 188, 1, 0.09%, 17, 0, 2, 5.55
1629275732, 0, 0, 189, 189, 1, 0.09%, 17, 0, 2, 6.27
1629275742, 0, 0, 190, 190, 1, 0.09%, 17, 0, 2, 5.91
1629275747, 0, 0, 191, 191, 1, 0.09%, 17, 0, 2, 6.12
1629275752, 0, 0, 192, 192, 1, 0.09%, 17, 0, 2, 6.04
1629275758, 0, 0, 194, 194, 1, 0.09%, 17, 0, 2, 5.82
1629275773, 0, 0, 195, 195, 1, 0.09%, 17, 0, 2, 5.85
1629275778, 0, 0, 196, 196, 1, 0.09%, 17, 0, 2, 5.65
1629275783, 0, 0, 197, 197, 1, 0.10%, 17, 0, 2, 5.51
1629275798, 0, 0, 198, 198, 1, 0.10%, 17, 0, 2, 6.59
1629275803, 0, 0, 199, 199, 1, 0.10%, 17, 0, 2, 6.21
1629275814, 0, 0, 201, 201, 1, 0.10%, 17, 0, 2, 5.73
1629275819, 0, 0, 202, 202, 1, 0.10%, 17, 0, 2, 5.77
1629275824, 0, 0, 203, 203, 1, 0.10%, 17, 0, 2, 6.05
1629275855, 0, 0, 204, 204, 1, 0.10%, 17, 0, 2, 6.83
1629275860, 0, 0, 205, 205, 1, 0.10%, 17, 0, 2, 6.43
1629275870, 0, 0, 206, 206, 1, 0.10%, 17, 0, 2, 6.80
1629275875, 0, 0, 207, 207, 1, 0.10%, 17, 0, 2, 6.97
1629275880, 0, 0, 209, 209, 1, 0.10%, 17, 0, 2, 6.73
1629275896, 0, 0, 210, 210, 1, 0.10%, 17, 0, 2, 7.56
1629275901, 0, 0, 211, 211, 1, 0.10%, 17, 0, 2, 6.27
1629275907, 0, 0, 212, 212, 1, 0.10%, 17, 0, 2, 6.03
1629275922, 0, 0, 213, 213, 1, 0.10%, 17, 0, 2, 6.21
1629277009, 0, 0, 214, 214, 1, 0.10%, 17, 0, 2, 7.76
1629277014, 0, 0, 215, 215, 1, 0.10%, 17, 0, 2, 7.67
1629277019, 0, 0, 216, 216, 1, 0.10%, 17, 0, 2, 7.81
1629277024, 0, 0, 217, 217, 1, 0.10%, 17, 0, 2, 7.54
1629277040, 0, 0, 218, 218, 1, 0.10%, 17, 0, 2, 7.54
1629277696, 0, 0, 219, 219, 1, 0.10%, 17, 0, 2, 7.44
1629277845, 0, 0, 220, 220, 1, 0.10%, 17, 0, 2, 7.65
1629278941, 0, 0, 221, 221, 1, 0.10%, 17, 0, 2, 6.81
1629278946, 0, 0, 222, 222, 1, 0.10%, 17, 0, 2, 6.99
1629278957, 0, 0, 224, 224, 1, 0.10%, 17, 0, 2, 6.34
1629278962, 0, 0, 225, 225, 1, 0.10%, 17, 0, 2, 6.61
1629278972, 0, 0, 226, 226, 1, 0.10%, 17, 0, 2, 6.64
1629278977, 0, 0, 227, 227, 1, 0.10%, 17, 0, 2, 6.51
1629278993, 0, 0, 229, 229, 1, 0.10%, 17, 0, 2, 6.57
1629278998, 0, 0, 230, 230, 1, 0.10%, 17, 0, 2, 6.61
1629279013, 0, 0, 231, 231, 1, 0.10%, 17, 0, 2, 6.75
1629279018, 0, 0, 232, 232, 1, 0.10%, 17, 0, 2, 6.77
1629279023, 0, 0, 234, 234, 1, 0.10%, 17, 0, 2, 6.86
1629279028, 0, 0, 235, 235, 1, 0.10%, 17, 0, 2, 6.76
1629279034, 0, 0, 236, 236, 1, 0.10%, 17, 0, 2, 6.52
1629279039, 0, 0, 237, 237, 1, 0.10%, 17, 0, 2, 6.69
1629279044, 0, 0, 238, 238, 1, 0.10%, 17, 0, 2, 6.82
1629279054, 0, 0, 239, 239, 1, 0.10%, 17, 0, 2, 6.83
1629279059, 0, 0, 240, 240, 1, 0.10%, 17, 0, 2, 6.60
1629279065, 0, 0, 241, 241, 1, 0.10%, 17, 0, 2, 6.55
1629279075, 0, 0, 242, 242, 1, 0.10%, 17, 0, 2, 6.62
1629279085, 0, 0, 243, 243, 1, 0.10%, 17, 0, 2, 6.96
1629279101, 0, 0, 244, 244, 1, 0.10%, 17, 0, 2, 7.80
1629279111, 0, 0, 245, 245, 1, 0.10%, 17, 0, 2, 7.03
1629296921, 0, 0, 246, 246, 1, 0.10%, 17, 0, 2, 6.28
1629303122, 0, 0, 247, 247, 1, 0.10%, 17, 0, 2, 6.22
1629303241, 0, 0, 248, 248, 1, 0.10%, 17, 0, 2, 5.66
1629303283, 0, 0, 249, 249, 1, 0.10%, 17, 0, 2, 5.68
1629303288, 0, 0, 250, 250, 1, 0.10%, 17, 0, 2, 5.68
1629305163, 0, 0, 251, 251, 1, 0.10%, 17, 0, 2, 6.26
1629313028, 0, 0, 252, 252, 1, 0.10%, 17, 0, 2, 7.41
1629313280, 0, 0, 253, 253, 1, 0.10%, 17, 0, 2, 5.97
1629315362, 0, 0, 254, 254, 1, 0.10%, 18, 0, 2, 10.18
1629315367, 0, 0, 255, 255, 1, 0.10%, 18, 0, 2, 9.90
1629315372, 0, 0, 257, 257, 1, 0.10%, 19, 0, 2, 12.11
1629315377, 0, 0, 258, 258, 1, 0.10%, 19, 0, 2, 10.38
1629315383, 0, 0, 259, 259, 1, 0.10%, 19, 0, 2, 9.96
1629315388, 0, 0, 260, 260, 1, 0.10%, 19, 0, 2, 9.26
1629315393, 0, 0, 262, 262, 1, 0.10%, 19, 0, 2, 7.90
1629315403, 0, 0, 263, 263, 1, 0.10%, 19, 0, 2, 8.87
1629315408, 0, 0, 265, 265, 1, 0.10%, 19, 0, 2, 12.68
1629315423, 0, 0, 266, 266, 1, 0.10%, 19, 0, 2, 9.80
1629315459, 0, 0, 268, 268, 1, 0.10%, 19, 0, 2, 8.80
1629315475, 0, 0, 269, 269, 1, 0.10%, 19, 0, 2, 9.75
1629315490, 0, 0, 270, 270, 1, 0.10%, 19, 0, 2, 9.23
1629315516, 0, 0, 272, 272, 1, 0.10%, 19, 0, 2, 9.74
1629315536, 0, 0, 273, 273, 1, 0.10%, 19, 0, 2, 9.19
1629315557, 0, 0, 274, 274, 1, 0.10%, 19, 0, 2, 8.95
1629315567, 0, 0, 275, 275, 1, 0.10%, 19, 0, 2, 9.39
1629315593, 0, 0, 275, 275, 1, 0.10%, 20, 0, 2, 9.97
1629315644, 0, 0, 276, 276, 1, 0.10%, 20, 0, 2, 10.40
1629315660, 0, 0, 277, 277, 1, 0.10%, 20, 0, 2, 8.89
1629315675, 0, 0, 278, 278, 1, 0.10%, 20, 0, 2, 11.28
1629315695, 0, 0, 279, 279, 1, 0.10%, 20, 0, 2, 10.18
1629315900, 0, 0, 280, 280, 1, 0.10%, 20, 0, 2, 8.87
1629315921, 0, 0, 281, 281, 1, 0.10%, 20, 0, 2, 9.05
1629315931, 0, 0, 282, 282, 1, 0.10%, 20, 0, 2, 9.33
1629315941, 0, 0, 283, 283, 1, 0.10%, 20, 0, 2, 9.82
1629315982, 0, 0, 284, 284, 1, 0.10%, 20, 0, 2, 10.92
1629316003, 0, 0, 285, 285, 1, 0.10%, 20, 0, 2, 8.88
1629316182, 0, 0, 286, 286, 1, 0.10%, 20, 0, 2, 9.47
1629316274, 0, 0, 287, 287, 1, 0.10%, 20, 0, 2, 9.11
1629316423, 0, 0, 288, 288, 1, 0.10%, 20, 0, 2, 9.80
1629316475, 0, 0, 289, 289, 1, 0.10%, 20, 0, 2, 9.55
1629316480, 0, 0, 290, 290, 1, 0.10%, 20, 0, 2, 9.02
1629316777, 0, 0, 291, 291, 1, 0.10%, 20, 0, 2, 10.32
1629316844, 0, 0, 292, 292, 1, 0.10%, 20, 0, 2, 9.02
1629316956, 0, 0, 293, 293, 1, 0.10%, 20, 0, 2, 9.62
1629317013, 0, 2, 293, 292, 66, 0.10%, 20, 0, 2, 9.11
1629317363, 0, 2, 294, 293, 66, 0.10%, 20, 0, 3, 6.46
1629318126, 0, 2, 295, 294, 66, 0.10%, 20, 0, 3, 6.58
1629318733, 0, 2, 296, 295, 66, 0.10%, 20, 0, 3, 6.24
1629322888, 0, 2, 297, 296, 66, 0.10%, 20, 0, 3, 7.26
1629322913, 0, 2, 298, 297, 66, 0.10%, 20, 0, 3, 7.26
1629322960, 0, 2, 299, 298, 66, 0.10%, 20, 0, 3, 7.61
1629323011, 0, 2, 300, 299, 66, 0.10%, 20, 0, 3, 7.29
1629323663, 0, 2, 301, 300, 66, 0.10%, 20, 0, 3, 6.32
1629325790, 0, 2, 302, 301, 66, 0.10%, 20, 0, 3, 6.53
1629327406, 0, 2, 303, 302, 66, 0.10%, 20, 0, 3, 7.40
1629327628, 0, 2, 304, 303, 66, 0.10%, 20, 0, 3, 6.37
1629329284, 0, 2, 305, 304, 66, 0.10%, 20, 0, 3, 8.66
1629329639, 0, 2, 306, 305, 66, 0.10%, 20, 0, 3, 5.94
1629329644, 0, 2, 307, 306, 66, 0.10%, 20, 0, 3, 6.13
1629329768, 0, 2, 308, 307, 66, 0.10%, 20, 0, 3, 6.25
