# unix_time, cycles_done, cur_path, paths_total, pending_total, pending_favs, map_size, unique_crashes, unique_hangs, max_depth, execs_per_sec
1650988869, 0, 0, 1, 1, 1, 0.01%, 0, 0, 1, 0.20
1650988874, 0, 0, 9, 9, 1, 0.02%, 0, 0, 2, 58.18
1650988879, 0, 0, 15, 15, 1, 0.02%, 0, 0, 2, 63.96
1650988889, 0, 0, 18, 18, 1, 0.02%, 0, 0, 2, 64.96
1650988900, 0, 0, 19, 19, 1, 0.02%, 0, 0, 2, 66.18
1650988910, 0, 0, 25, 25, 1, 0.02%, 0, 0, 2, 60.31
1650988915, 0, 0, 26, 26, 1, 0.02%, 0, 0, 2, 64.29
1650988940, 0, 0, 27, 27, 1, 0.02%, 0, 0, 2, 67.40
1650988945, 0, 0, 32, 32, 1, 0.02%, 0, 0, 2, 63.27
1650988971, 0, 0, 34, 34, 1, 0.02%, 0, 0, 2, 67.41
1650988976, 0, 0, 35, 35, 1, 0.02%, 0, 0, 2, 65.56
1650988981, 0, 0, 38, 38, 1, 0.02%, 0, 0, 2, 65.02
1650988987, 0, 0, 45, 45, 1, 0.02%, 0, 0, 2, 71.12
1650988992, 0, 0, 49, 49, 1, 0.02%, 0, 0, 2, 58.94
1650989002, 0, 0, 51, 51, 1, 0.02%, 0, 0, 2, 63.49
1650989007, 0, 0, 53, 53, 1, 0.02%, 0, 0, 2, 66.49
1650989012, 0, 0, 54, 54, 1, 0.02%, 0, 0, 2, 67.19
1650989028, 0, 0, 55, 55, 1, 0.02%, 0, 0, 2, 67.30
1650989033, 0, 0, 57, 57, 1, 0.02%, 0, 0, 2, 67.33
1650989049, 0, 0, 58, 58, 1, 0.02%, 0, 0, 2, 67.34
1650989074, 0, 0, 59, 59, 1, 0.02%, 0, 0, 2, 67.56
1650989111, 0, 0, 60, 60, 1, 0.02%, 0, 0, 2, 67.48
1650989126, 0, 0, 62, 62, 1, 0.02%, 0, 0, 2, 60.53
1650989142, 0, 0, 63, 63, 1, 0.02%, 0, 0, 2, 62.56
1650989157, 0, 0, 64, 64, 1, 0.02%, 0, 0, 2, 72.02
1650989229, 0, 0, 67, 67, 1, 0.02%, 0, 0, 2, 73.06
1650989234, 0, 0, 69, 69, 1, 0.02%, 0, 0, 2, 59.82
1650989353, 0, 0, 73, 73, 1, 0.02%, 0, 0, 2, 86.40
1650989358, 0, 0, 80, 80, 1, 0.02%, 0, 0, 2, 65.51
1650989363, 0, 0, 84, 84, 1, 0.02%, 0, 0, 2, 59.55
1650989393, 0, 0, 85, 85, 1, 0.02%, 0, 0, 2, 59.90
1650989398, 0, 0, 86, 86, 1, 0.02%, 0, 0, 2, 65.15
1650989403, 0, 0, 87, 87, 1, 0.02%, 0, 0, 2, 66.33
1650989418, 0, 0, 89, 89, 1, 0.02%, 0, 0, 2, 66.49
1650989423, 0, 0, 90, 90, 1, 0.02%, 0, 0, 2, 66.56
1650989429, 0, 0, 91, 91, 1, 0.02%, 0, 0, 2, 66.44
1650989449, 0, 0, 92, 92, 1, 0.02%, 0, 0, 2, 66.66
1650989459, 0, 0, 93, 93, 1, 0.02%, 0, 0, 2, 66.53
1650989567, 0, 0, 94, 94, 1, 0.02%, 0, 0, 2, 67.49
1650989644, 0, 0, 95, 95, 1, 0.02%, 0, 0, 2, 64.71
1650989670, 0, 0, 96, 96, 1, 0.02%, 0, 0, 2, 66.19
1650989836, 0, 0, 97, 97, 1, 0.02%, 0, 0, 2, 66.63
1650989949, 0, 0, 99, 99, 1, 0.02%, 0, 0, 2, 147.22
1650989985, 0, 0, 100, 100, 1, 0.02%, 0, 0, 2, 56.00
1650989990, 0, 0, 104, 104, 1, 0.02%, 0, 0, 2, 53.59
1650989995, 0, 0, 106, 106, 1, 0.03%, 0, 0, 2, 52.76
1650990000, 0, 0, 111, 111, 1, 0.03%, 0, 0, 2, 53.59
1650990005, 0, 0, 116, 116, 1, 0.03%, 0, 0, 2, 54.00
1650990010, 0, 0, 120, 120, 1, 0.03%, 0, 0, 2, 54.07
1650990015, 0, 0, 122, 122, 1, 0.03%, 0, 0, 2, 63.13
1650990021, 0, 0, 126, 126, 1, 0.03%, 0, 0, 2, 64.74
1650990026, 0, 0, 128, 128, 1, 0.03%, 0, 0, 2, 61.78
1650990031, 0, 0, 129, 129, 1, 0.03%, 0, 0, 2, 57.40
1650990067, 0, 0, 130, 130, 1, 0.03%, 0, 0, 2, 54.35
1650990333, 0, 0, 131, 131, 1, 0.03%, 0, 0, 2, 67.09
1650994439, 0, 0, 132, 132, 1, 0.03%, 0, 0, 2, 64.35
1650994444, 0, 0, 133, 133, 1, 0.03%, 0, 0, 2, 56.26
1650994449, 0, 0, 134, 134, 1, 0.03%, 0, 0, 2, 55.01
1650994490, 0, 0, 144, 144, 1, 0.03%, 0, 0, 2, 68.97
1650994495, 0, 0, 147, 147, 1, 0.03%, 0, 0, 2, 74.41
1650994505, 0, 0, 149, 149, 1, 0.03%, 0, 0, 2, 75.92
1650994511, 0, 0, 150, 150, 1, 0.03%, 0, 0, 2, 75.93
1650994516, 0, 0, 151, 151, 1, 0.03%, 0, 0, 2, 75.09
1650994526, 0, 0, 152, 152, 1, 0.03%, 0, 0, 2, 74.74
1650994531, 0, 0, 154, 154, 1, 0.03%, 0, 0, 2, 74.55
1650994536, 0, 0, 156, 156, 1, 0.03%, 0, 0, 2, 74.32
1650994541, 0, 0, 157, 157, 1, 0.03%, 0, 0, 2, 74.80
1650994547, 0, 0, 159, 159, 1, 0.03%, 0, 0, 2, 77.75
1650994552, 0, 0, 161, 161, 1, 0.03%, 0, 0, 2, 74.57
1650994557, 0, 0, 163, 163, 1, 0.03%, 0, 0, 2, 74.67
1650994572, 0, 0, 164, 164, 1, 0.03%, 0, 0, 2, 74.28
1650994593, 0, 0, 166, 166, 1, 0.03%, 0, 0, 2, 75.05
1650994609, 0, 0, 167, 167, 1, 0.03%, 0, 0, 2, 72.65
1650994645, 0, 0, 168, 168, 1, 0.03%, 0, 0, 2, 74.61
1650994660, 0, 0, 170, 170, 1, 0.03%, 0, 0, 2, 75.47
1650994665, 0, 0, 172, 172, 1, 0.03%, 0, 0, 2, 74.06
1650994676, 0, 0, 174, 174, 1, 0.03%, 0, 0, 2, 73.07
1650994696, 0, 0, 175, 175, 1, 0.03%, 0, 0, 2, 76.46
1650994712, 0, 0, 176, 176, 1, 0.03%, 0, 0, 2, 74.69
1650994732, 0, 0, 177, 177, 1, 0.03%, 0, 0, 2, 72.76
1650994753, 0, 0, 178, 178, 1, 0.03%, 0, 0, 2, 74.70
1650994779, 0, 0, 179, 179, 1, 0.03%, 0, 0, 2, 73.13
1650994789, 0, 0, 180, 180, 1, 0.03%, 0, 0, 2, 71.45
1650994800, 0, 0, 181, 181, 1, 0.03%, 0, 0, 2, 76.48
1650994851, 0, 0, 182, 182, 1, 0.03%, 0, 0, 2, 73.65
1650994856, 0, 0, 183, 183, 1, 0.03%, 0, 0, 2, 75.48
1650994871, 0, 0, 184, 184, 1, 0.03%, 0, 0, 2, 78.77
1650994928, 0, 0, 185, 185, 1, 0.03%, 0, 0, 2, 74.68
1650994933, 0, 0, 186, 186, 1, 0.03%, 0, 0, 2, 74.41
1650994954, 0, 0, 187, 187, 1, 0.03%, 0, 0, 2, 74.04
1650994970, 0, 0, 188, 188, 1, 0.03%, 0, 0, 2, 72.64
1650994985, 0, 0, 189, 189, 1, 0.03%, 0, 0, 2, 74.55
1650994996, 0, 0, 190, 190, 1, 0.03%, 0, 0, 2, 75.41
1650995016, 0, 0, 191, 191, 1, 0.03%, 0, 0, 2, 72.98
1650995094, 0, 0, 192, 192, 1, 0.03%, 0, 0, 2, 72.95
1650995099, 0, 0, 193, 193, 1, 0.03%, 0, 0, 2, 74.94
1650995150, 0, 0, 194, 194, 1, 0.03%, 0, 0, 2, 75.31
1650995155, 0, 0, 195, 195, 1, 0.03%, 0, 0, 2, 75.52
1650995217, 0, 0, 196, 196, 1, 0.03%, 0, 0, 2, 73.82
1650995222, 0, 0, 198, 198, 1, 0.03%, 1, 0, 2, 74.32
1650995253, 0, 0, 199, 199, 1, 0.03%, 1, 0, 2, 74.72
1650995325, 0, 0, 200, 200, 1, 0.03%, 1, 0, 2, 73.05
1650995372, 0, 0, 201, 201, 1, 0.03%, 1, 0, 2, 75.57
1650995392, 0, 0, 201, 201, 1, 0.03%, 2, 0, 2, 74.47
1650995562, 0, 7, 201, 200, 46, 0.03%, 2, 0, 2, 75.36
1650995603, 0, 7, 202, 201, 46, 0.03%, 2, 0, 3, 79.44
1650995926, 0, 8, 202, 200, 45, 0.03%, 2, 0, 3, 99.45
1650996044, 0, 8, 203, 201, 45, 0.03%, 2, 0, 3, 65.42
1650996270, 0, 8, 204, 202, 45, 0.03%, 2, 0, 3, 133.91
1650996290, 0, 14, 204, 201, 43, 0.03%, 2, 0, 3, 108.10
1651001853, 0, 14, 205, 202, 43, 0.03%, 2, 0, 3, 75.20
1651001859, 0, 14, 206, 203, 43, 0.03%, 2, 0, 3, 72.21
1651001895, 0, 14, 207, 204, 43, 0.03%, 2, 0, 3, 77.21
1651002117, 0, 21, 207, 203, 43, 0.03%, 2, 0, 3, 68.88
1651002127, 0, 21, 208, 204, 43, 0.03%, 2, 0, 3, 65.75
1651002478, 0, 30, 208, 203, 42, 0.03%, 2, 0, 3, 125.65
1651002483, 0, 30, 208, 203, 42, 0.03%, 4, 0, 3, 77.21
1651002488, 0, 30, 208, 203, 42, 0.03%, 7, 0, 3, 77.07
1651002519, 0, 30, 208, 203, 42, 0.03%, 8, 0, 3, 80.49
1651002586, 0, 30, 209, 204, 42, 0.03%, 8, 0, 3, 53.52
1651002842, 0, 33, 209, 203, 41, 0.03%, 8, 0, 3, 101.06
1651008488, 0, 42, 209, 202, 40, 0.03%, 8, 0, 3, 71.42
1651008610, 0, 42, 210, 203, 40, 0.03%, 8, 0, 3, 52.38
1651008855, 0, 49, 210, 202, 39, 0.03%, 8, 0, 3, 84.15
1651009207, 0, 50, 210, 201, 38, 0.03%, 8, 0, 3, 88.30
1651010074, 0, 50, 211, 202, 38, 0.03%, 8, 0, 3, 67.34
1651010545, 0, 50, 214, 205, 38, 0.03%, 8, 0, 3, 66.52
1651010550, 0, 50, 215, 206, 38, 0.03%, 8, 0, 3, 66.74
1651010555, 0, 50, 216, 207, 38, 0.03%, 8, 0, 3, 66.82
1651014828, 0, 51, 216, 206, 41, 0.03%, 8, 0, 3, 68.34
1651014962, 0, 51, 217, 207, 41, 0.03%, 8, 0, 3, 67.51
1651020407, 0, 51, 218, 208, 41, 0.03%, 8, 0, 3, 76.06
1651020464, 0, 56, 218, 207, 40, 0.03%, 8, 0, 3, 67.57
1651026024, 0, 56, 219, 208, 40, 0.03%, 8, 0, 3, 74.34
1651026070, 0, 61, 219, 207, 40, 0.03%, 8, 0, 3, 71.29
1651027124, 0, 61, 220, 208, 40, 0.03%, 8, 0, 3, 54.44
1651027421, 0, 61, 221, 209, 40, 0.03%, 8, 0, 3, 54.27
1651032873, 0, 61, 222, 210, 40, 0.03%, 8, 0, 3, 61.89
1651032945, 0, 62, 222, 209, 40, 0.03%, 8, 0, 3, 71.54
1651033185, 0, 63, 222, 208, 39, 0.03%, 8, 0, 3, 127.66
1651033395, 0, 71, 222, 207, 38, 0.03%, 8, 0, 3, 81.32
1651033493, 0, 71, 223, 208, 38, 0.03%, 8, 0, 3, 63.06
1651033580, 0, 71, 224, 209, 38, 0.03%, 8, 0, 3, 55.76
1651033661, 0, 71, 225, 210, 38, 0.03%, 8, 0, 3, 55.33
1651033692, 0, 71, 226, 211, 38, 0.03%, 8, 0, 3, 57.58
1651033707, 0, 71, 227, 212, 38, 0.03%, 8, 0, 3, 57.36
1651034234, 0, 71, 228, 213, 38, 0.03%, 8, 0, 3, 109.34
1651034269, 0, 72, 228, 212, 39, 0.03%, 8, 0, 3, 103.49
1651035474, 0, 75, 228, 211, 38, 0.03%, 8, 0, 3, 97.78
1651035571, 0, 75, 229, 212, 38, 0.03%, 8, 0, 3, 56.11
1651035576, 0, 75, 230, 213, 38, 0.03%, 8, 0, 3, 55.71
1651035754, 0, 75, 231, 214, 38, 0.03%, 8, 0, 3, 56.01
1651035826, 0, 80, 231, 213, 37, 0.03%, 8, 0, 3, 87.44
1651035974, 0, 80, 232, 214, 37, 0.03%, 8, 0, 3, 76.80
1651036266, 0, 80, 232, 214, 37, 0.03%, 9, 0, 3, 50.94
1651036317, 0, 80, 233, 215, 37, 0.03%, 9, 0, 3, 56.22
1651036466, 0, 80, 235, 217, 37, 0.03%, 9, 0, 3, 61.18
1651036702, 0, 80, 236, 218, 37, 0.03%, 9, 0, 3, 65.52
1651036717, 0, 80, 237, 219, 37, 0.03%, 9, 0, 3, 62.39
1651036733, 0, 80, 238, 220, 37, 0.03%, 9, 0, 3, 51.60
1651037735, 0, 80, 239, 221, 37, 0.03%, 9, 0, 3, 59.06
1651037781, 0, 80, 240, 222, 37, 0.03%, 9, 0, 3, 73.06
1651037883, 0, 80, 241, 223, 37, 0.03%, 9, 0, 3, 74.63
1651037894, 0, 80, 242, 224, 37, 0.03%, 9, 0, 3, 53.31
1651037909, 0, 80, 243, 225, 37, 0.03%, 9, 0, 3, 45.05
1651037914, 0, 80, 244, 226, 37, 0.03%, 9, 0, 3, 50.99
1651037919, 0, 80, 245, 227, 37, 0.03%, 9, 0, 3, 49.25
1651043824, 0, 86, 245, 226, 39, 0.03%, 9, 0, 3, 65.44
1651044346, 0, 86, 246, 227, 39, 0.03%, 9, 0, 3, 67.48
1651049361, 0, 94, 246, 226, 39, 0.03%, 9, 0, 3, 62.62
1651050084, 0, 94, 247, 227, 39, 0.03%, 9, 0, 3, 54.17
1651055579, 0, 96, 247, 226, 38, 0.03%, 9, 0, 3, 65.88
1651056254, 0, 96, 248, 227, 38, 0.03%, 9, 0, 3, 67.49
1651061190, 0, 97, 248, 226, 38, 0.03%, 9, 0, 3, 69.96
1651061627, 0, 98, 248, 225, 37, 0.03%, 9, 0, 3, 134.30
1651061693, 0, 98, 249, 226, 37, 0.03%, 9, 0, 3, 79.79
1651062175, 0, 104, 249, 225, 37, 0.03%, 9, 0, 3, 77.96
1651062511, 0, 104, 250, 226, 37, 0.03%, 9, 0, 3, 43.16
1651062521, 0, 104, 251, 227, 37, 0.03%, 9, 0, 3, 42.09
1651062869, 0, 125, 251, 226, 38, 0.03%, 9, 0, 3, 121.34
1651063007, 0, 125, 252, 227, 38, 0.03%, 9, 0, 3, 58.90
1651063022, 0, 125, 253, 228, 38, 0.03%, 9, 0, 3, 62.92
1651063084, 0, 125, 254, 229, 38, 0.03%, 9, 0, 3, 63.08
1651064356, 0, 125, 255, 230, 38, 0.03%, 9, 0, 3, 63.11
1651069170, 0, 125, 256, 231, 38, 0.03%, 9, 0, 3, 73.76
1651069243, 0, 127, 256, 230, 38, 0.03%, 9, 0, 3, 69.27
1651070460, 0, 127, 257, 231, 38, 0.04%, 9, 0, 3, 52.76
1651075568, 0, 127, 258, 232, 38, 0.04%, 9, 0, 3, 70.87
1651075608, 0, 127, 259, 233, 38, 0.04%, 9, 0, 3, 72.33
1651075696, 0, 127, 260, 234, 38, 0.04%, 9, 0, 3, 73.62
1651075934, 0, 127, 261, 235, 38, 0.04%, 9, 0, 3, 72.71
1651075939, 0, 127, 262, 236, 38, 0.04%, 9, 0, 3, 75.93
1651076047, 0, 127, 263, 237, 38, 0.04%, 9, 0, 3, 76.62
1651076346, 0, 137, 263, 236, 37, 0.04%, 9, 0, 3, 71.48
1651079327, 0, 144, 263, 235, 36, 0.04%, 9, 0, 3, 69.50
1651082674, 0, 144, 264, 236, 36, 0.04%, 9, 0, 3, 76.56
1651082684, 0, 144, 265, 237, 36, 0.04%, 9, 0, 3, 80.60
1651082772, 0, 147, 265, 236, 36, 0.04%, 9, 0, 3, 80.05
1651084829, 0, 152, 265, 235, 35, 0.04%, 9, 0, 3, 73.23
1651084988, 0, 152, 267, 237, 35, 0.04%, 9, 0, 3, 68.12
1651084994, 0, 152, 268, 238, 35, 0.04%, 9, 0, 3, 68.07
1651088492, 0, 157, 268, 237, 35, 0.04%, 9, 0, 3, 81.11
1651088497, 0, 157, 268, 237, 35, 0.04%, 10, 0, 3, 89.71
1651088508, 0, 157, 269, 238, 35, 0.04%, 10, 0, 3, 80.15
1651088600, 0, 157, 270, 239, 35, 0.04%, 10, 0, 3, 73.23
1651088713, 0, 157, 271, 240, 35, 0.04%, 10, 0, 3, 72.73
1651088795, 0, 157, 272, 241, 35, 0.04%, 10, 0, 3, 141.77
1651088815, 0, 159, 272, 240, 36, 0.04%, 10, 0, 3, 96.10
1651088943, 0, 159, 273, 241, 36, 0.04%, 10, 0, 3, 67.54
1651091161, 0, 159, 274, 242, 36, 0.04%, 10, 0, 3, 95.58
1651091192, 0, 181, 274, 241, 35, 0.04%, 10, 0, 3, 75.69
1651092033, 0, 194, 274, 240, 34, 0.04%, 10, 0, 3, 85.29
1651092213, 0, 194, 275, 241, 34, 0.04%, 10, 0, 3, 67.90
1651095251, 0, 195, 276, 241, 33, 0.04%, 10, 0, 3, 69.48
1651096107, 0, 198, 276, 240, 33, 0.04%, 10, 0, 3, 75.57
1651102191, 0, 198, 277, 241, 33, 0.04%, 10, 0, 3, 71.74
1651102242, 0, 198, 278, 242, 33, 0.04%, 10, 0, 3, 72.00
1651102304, 0, 198, 279, 243, 33, 0.04%, 10, 0, 3, 72.72
1651102423, 0, 198, 280, 244, 33, 0.04%, 10, 0, 3, 73.23
1651102475, 0, 198, 281, 245, 33, 0.04%, 10, 0, 3, 71.98
1651102531, 0, 198, 282, 246, 33, 0.04%, 10, 0, 3, 73.67
1651102604, 0, 198, 283, 247, 33, 0.04%, 10, 0, 3, 73.80
1651102939, 0, 198, 284, 248, 33, 0.04%, 10, 0, 3, 73.24
1651102996, 0, 198, 285, 249, 33, 0.04%, 10, 0, 3, 74.35
1651103073, 0, 198, 286, 250, 33, 0.04%, 10, 0, 3, 73.00
1651103274, 0, 202, 286, 249, 33, 0.04%, 10, 0, 3, 67.15
1651103913, 0, 207, 286, 248, 32, 0.04%, 10, 0, 3, 88.24
1651104255, 0, 209, 287, 248, 31, 0.04%, 10, 0, 4, 81.73
1651104363, 0, 209, 288, 249, 31, 0.04%, 10, 0, 4, 59.01
1651104606, 0, 209, 289, 250, 31, 0.04%, 10, 0, 4, 53.72
1651104973, 0, 210, 289, 249, 30, 0.04%, 10, 0, 4, 103.51
1651104998, 0, 210, 292, 252, 30, 0.04%, 10, 0, 4, 66.77
1651105003, 0, 210, 296, 256, 30, 0.04%, 10, 0, 4, 66.84
1651105064, 0, 210, 297, 257, 30, 0.04%, 10, 0, 4, 66.94
1651105176, 0, 210, 299, 259, 30, 0.04%, 10, 0, 4, 67.11
1651105880, 0, 210, 300, 260, 30, 0.04%, 10, 0, 4, 66.00
1651106319, 0, 210, 301, 261, 30, 0.04%, 10, 0, 4, 66.83
1651109387, 0, 210, 302, 262, 30, 0.04%, 10, 0, 4, 67.09
1651110589, 0, 210, 303, 263, 30, 0.04%, 10, 0, 4, 72.59
1651110651, 0, 211, 303, 262, 34, 0.04%, 10, 0, 4, 73.45
1651110687, 0, 211, 304, 263, 34, 0.04%, 10, 0, 4, 65.72
1651116411, 0, 211, 305, 264, 34, 0.04%, 10, 0, 4, 70.80
1651116478, 0, 214, 305, 263, 35, 0.04%, 10, 0, 4, 68.10
1651122391, 0, 214, 306, 264, 35, 0.04%, 10, 0, 4, 72.68
1651122448, 0, 215, 306, 263, 35, 0.04%, 10, 0, 4, 69.78
1651128541, 0, 218, 306, 262, 34, 0.04%, 10, 0, 4, 73.16
1651129067, 0, 218, 307, 263, 34, 0.04%, 10, 0, 4, 67.26
1651131772, 0, 219, 307, 262, 33, 0.04%, 10, 0, 4, 71.08
1651138661, 0, 219, 308, 263, 33, 0.04%, 10, 0, 4, 67.09
1651138717, 0, 222, 308, 262, 32, 0.04%, 10, 0, 4, 59.46
1651139122, 0, 222, 309, 263, 32, 0.04%, 10, 0, 4, 47.10
1651139654, 0, 231, 309, 262, 31, 0.04%, 10, 0, 4, 111.11
1651139665, 0, 231, 311, 264, 31, 0.04%, 10, 0, 4, 80.42
1651139690, 0, 231, 312, 265, 31, 0.04%, 10, 0, 4, 61.16
1651140012, 0, 241, 312, 264, 31, 0.04%, 10, 0, 4, 122.87
1651140441, 0, 242, 312, 263, 30, 0.04%, 10, 0, 4, 81.01
1651141147, 0, 242, 313, 264, 30, 0.04%, 10, 0, 4, 50.18
1651141152, 0, 242, 315, 266, 30, 0.04%, 10, 0, 4, 45.95
1651141157, 0, 242, 317, 268, 30, 0.04%, 10, 0, 4, 45.45
1651141243, 0, 243, 317, 267, 32, 0.04%, 10, 0, 4, 98.57
1651142191, 0, 245, 317, 266, 31, 0.04%, 10, 0, 4, 76.54
1651143054, 0, 245, 318, 267, 31, 0.04%, 10, 0, 4, 67.28
1651147844, 0, 247, 318, 266, 31, 0.04%, 10, 0, 4, 70.46
1651148364, 0, 247, 319, 267, 31, 0.04%, 10, 0, 4, 65.60
1651153557, 0, 248, 319, 266, 30, 0.04%, 10, 0, 4, 65.53
1651153563, 0, 248, 319, 266, 30, 0.04%, 11, 0, 4, 62.90
1651154098, 0, 249, 319, 265, 29, 0.04%, 11, 0, 4, 132.35
1651154952, 0, 250, 319, 264, 28, 0.04%, 11, 0, 4, 108.60
1651154957, 0, 250, 320, 265, 28, 0.04%, 11, 0, 4, 59.02
1651155049, 0, 250, 321, 266, 28, 0.04%, 11, 0, 4, 51.66
1651155079, 0, 250, 322, 267, 28, 0.04%, 11, 0, 4, 52.39
1651155801, 0, 250, 323, 268, 28, 0.04%, 11, 0, 4, 43.06
1651155816, 0, 250, 324, 269, 28, 0.04%, 11, 0, 4, 45.06
1651155842, 0, 250, 325, 270, 28, 0.04%, 11, 0, 4, 44.56
1651155848, 0, 250, 326, 271, 28, 0.04%, 11, 0, 4, 52.29
1651156185, 0, 252, 326, 270, 28, 0.04%, 11, 0, 4, 88.77
1651157203, 0, 256, 326, 269, 27, 0.04%, 11, 0, 4, 66.47
1651159074, 0, 256, 327, 270, 27, 0.04%, 11, 0, 4, 44.09
1651160040, 0, 256, 328, 271, 27, 0.04%, 11, 0, 4, 46.73
1651165943, 0, 256, 328, 271, 27, 0.04%, 12, 0, 4, 60.20
1651165979, 0, 256, 329, 272, 27, 0.04%, 12, 0, 4, 60.30
1651166055, 0, 259, 329, 271, 26, 0.04%, 12, 0, 4, 63.41
1651167233, 0, 261, 329, 270, 25, 0.04%, 12, 0, 4, 89.61
1651168266, 0, 261, 330, 271, 25, 0.04%, 12, 0, 4, 102.26
1651168307, 0, 263, 330, 270, 24, 0.04%, 12, 0, 4, 90.72
1651172426, 0, 263, 331, 271, 24, 0.04%, 12, 0, 4, 68.22
1651172493, 0, 267, 331, 270, 23, 0.04%, 12, 0, 4, 69.04
1651176154, 0, 268, 331, 269, 22, 0.04%, 12, 0, 4, 82.75
1651176241, 0, 268, 332, 270, 22, 0.04%, 12, 0, 4, 58.89
1651176369, 0, 268, 333, 271, 22, 0.04%, 12, 0, 4, 68.56
1651176456, 0, 269, 333, 270, 21, 0.04%, 12, 0, 4, 102.63
1651177025, 0, 275, 333, 269, 20, 0.04%, 12, 0, 4, 122.28
1651177853, 0, 275, 334, 270, 20, 0.04%, 12, 0, 4, 72.46
1651177899, 0, 275, 335, 271, 20, 0.04%, 12, 0, 4, 111.83
1651177944, 0, 277, 335, 270, 19, 0.04%, 12, 0, 4, 79.92
1651181282, 0, 287, 335, 269, 18, 0.04%, 12, 0, 4, 70.62
1651181476, 0, 287, 336, 270, 18, 0.04%, 12, 0, 5, 58.13
1651181977, 0, 289, 336, 269, 17, 0.04%, 12, 0, 5, 100.64
1651187562, 0, 289, 337, 270, 17, 0.04%, 12, 0, 5, 67.97
1651187696, 0, 290, 337, 269, 16, 0.04%, 12, 0, 5, 71.44
1651187722, 0, 290, 338, 270, 16, 0.04%, 12, 0, 5, 67.85
1651193280, 0, 290, 339, 271, 16, 0.04%, 12, 0, 5, 75.97
1651193311, 0, 290, 340, 272, 16, 0.04%, 12, 0, 5, 76.11
1651193353, 0, 290, 341, 273, 16, 0.04%, 12, 0, 5, 74.66
1651193425, 0, 290, 342, 274, 16, 0.04%, 12, 0, 5, 75.74
1651193445, 0, 290, 343, 275, 16, 0.04%, 12, 0, 5, 75.02
1651193559, 0, 290, 344, 276, 16, 0.04%, 12, 0, 5, 72.48
1651193626, 0, 290, 345, 277, 16, 0.04%, 12, 0, 5, 75.32
1651193724, 0, 290, 346, 278, 16, 0.04%, 12, 0, 5, 75.39
1651194338, 0, 296, 346, 277, 17, 0.04%, 12, 0, 5, 68.30
1651194539, 0, 296, 347, 278, 17, 0.04%, 12, 0, 5, 68.13
1651199952, 0, 296, 348, 279, 17, 0.04%, 12, 0, 5, 71.23
1651200081, 0, 303, 348, 278, 17, 0.04%, 12, 0, 5, 64.18
1651201128, 0, 303, 349, 279, 17, 0.04%, 12, 0, 5, 54.55
1651207152, 0, 304, 349, 278, 17, 0.04%, 12, 0, 5, 66.67
1651212883, 0, 304, 350, 279, 17, 0.04%, 12, 0, 5, 73.21
1651212980, 0, 304, 351, 280, 17, 0.04%, 12, 0, 5, 74.08
1651213151, 0, 305, 351, 279, 16, 0.04%, 12, 0, 5, 68.36
1651216378, 0, 305, 352, 280, 16, 0.04%, 12, 0, 5, 67.26
1651216451, 0, 309, 352, 279, 15, 0.04%, 12, 0, 5, 83.65
1651216456, 0, 309, 354, 281, 15, 0.04%, 12, 0, 5, 68.81
1651216461, 0, 309, 355, 282, 15, 0.04%, 12, 0, 5, 77.99
1651216829, 0, 311, 355, 281, 14, 0.04%, 12, 0, 5, 111.73
1651217192, 0, 311, 356, 282, 14, 0.04%, 12, 0, 5, 136.28
1651217249, 0, 312, 356, 281, 14, 0.04%, 12, 0, 5, 108.88
1651217295, 0, 312, 357, 282, 14, 0.04%, 12, 0, 5, 45.62
1651218036, 0, 312, 358, 283, 14, 0.04%, 12, 0, 5, 52.01
1651218123, 0, 312, 359, 284, 14, 0.04%, 12, 0, 5, 52.15
1651218194, 0, 315, 359, 283, 15, 0.04%, 12, 0, 5, 92.64
1651218246, 0, 315, 360, 284, 15, 0.04%, 12, 0, 5, 48.94
