# unix_time, cycles_done, cur_path, paths_total, pending_total, pending_favs, map_size, unique_crashes, unique_hangs, max_depth, execs_per_sec
1619155587, 0, 0, 1, 1, 1, 0.05%, 0, 0, 1, 0.17
1619155592, 0, 0, 3, 3, 1, 0.06%, 0, 0, 2, 115.80
1619155597, 0, 0, 14, 14, 1, 0.07%, 0, 0, 2, 51.77
1619155603, 0, 0, 23, 23, 1, 0.07%, 0, 0, 2, 29.52
1619155608, 0, 0, 27, 27, 1, 0.07%, 0, 0, 2, 23.40
1619155613, 0, 0, 30, 30, 1, 0.07%, 0, 0, 2, 20.81
1619155618, 0, 0, 32, 32, 1, 0.07%, 0, 0, 2, 21.62
1619155623, 0, 0, 33, 33, 1, 0.07%, 0, 0, 2, 20.51
1619155628, 0, 0, 35, 35, 1, 0.07%, 0, 0, 2, 22.19
1619155634, 0, 0, 36, 36, 1, 0.07%, 0, 0, 2, 20.57
1619155639, 0, 0, 37, 37, 1, 0.07%, 0, 0, 2, 20.83
1619155649, 0, 0, 39, 39, 1, 0.07%, 0, 0, 2, 20.62
1619155654, 0, 0, 43, 43, 1, 0.07%, 0, 0, 2, 21.21
1619155659, 0, 0, 45, 45, 1, 0.07%, 0, 0, 2, 20.77
1619155669, 0, 0, 47, 47, 1, 0.08%, 0, 0, 2, 22.20
1619155674, 0, 0, 50, 50, 1, 0.08%, 0, 0, 2, 21.53
1619155679, 0, 0, 52, 52, 1, 0.08%, 0, 0, 2, 21.01
1619155685, 0, 0, 57, 57, 1, 0.08%, 0, 0, 2, 134.65
1619155690, 0, 0, 64, 64, 1, 0.08%, 0, 0, 2, 53.55
1619155695, 0, 0, 65, 65, 1, 0.08%, 0, 0, 2, 29.64
1619155756, 0, 0, 66, 66, 1, 0.08%, 0, 0, 2, 21.15
1619155761, 0, 0, 70, 70, 1, 0.08%, 0, 0, 2, 25.05
1619155766, 0, 0, 75, 75, 1, 0.08%, 0, 0, 2, 24.38
1619155771, 0, 0, 76, 76, 1, 0.08%, 0, 0, 2, 22.06
1619155776, 0, 0, 77, 77, 1, 0.08%, 0, 0, 2, 21.79
1619155782, 0, 0, 78, 78, 1, 0.08%, 0, 0, 2, 20.80
1619155817, 0, 0, 79, 79, 1, 0.08%, 0, 0, 2, 20.86
1619155828, 0, 0, 81, 81, 1, 0.08%, 0, 0, 2, 21.68
1619155838, 0, 0, 82, 82, 1, 0.08%, 0, 0, 2, 22.67
1619155853, 0, 0, 84, 84, 1, 0.08%, 0, 0, 2, 23.77
1619155863, 0, 0, 86, 86, 1, 0.08%, 0, 0, 2, 39.28
1619155869, 0, 0, 90, 90, 1, 0.08%, 0, 0, 2, 27.64
1619155874, 0, 0, 92, 92, 1, 0.08%, 0, 0, 2, 34.13
1619155879, 0, 0, 95, 95, 1, 0.08%, 0, 0, 2, 37.75
1619155884, 0, 0, 97, 97, 1, 0.08%, 0, 0, 2, 34.77
1619155894, 0, 0, 98, 98, 1, 0.08%, 0, 0, 2, 21.63
1619155904, 0, 0, 100, 100, 1, 0.08%, 0, 0, 2, 24.69
1619155909, 0, 0, 101, 101, 1, 0.08%, 0, 0, 2, 21.38
1619155961, 0, 0, 102, 102, 1, 0.08%, 0, 0, 2, 25.57
1619155986, 0, 0, 103, 103, 1, 0.08%, 0, 0, 2, 18.74
1619155996, 0, 0, 105, 105, 1, 0.08%, 0, 0, 2, 18.51
1619156027, 0, 0, 106, 106, 1, 0.08%, 0, 0, 2, 19.39
1619156094, 0, 0, 108, 108, 1, 0.08%, 0, 0, 2, 18.71
1619156222, 0, 0, 109, 109, 1, 0.08%, 0, 0, 2, 18.90
1619156263, 0, 0, 110, 110, 1, 0.08%, 0, 0, 2, 18.58
1619156268, 0, 0, 111, 111, 1, 0.08%, 0, 0, 2, 18.62
1619156319, 0, 0, 112, 112, 1, 0.08%, 0, 0, 2, 21.93
1619156324, 0, 0, 113, 113, 1, 0.08%, 0, 0, 2, 19.41
1619156329, 0, 0, 114, 114, 1, 0.08%, 0, 0, 2, 18.75
1619156355, 0, 0, 115, 115, 1, 0.08%, 0, 0, 2, 19.79
1619156401, 0, 0, 117, 117, 1, 0.08%, 0, 0, 2, 30.95
1619156447, 0, 0, 120, 120, 1, 0.08%, 0, 0, 2, 34.48
1619156452, 0, 0, 121, 121, 1, 0.08%, 0, 0, 2, 24.19
1619156457, 0, 0, 122, 122, 1, 0.08%, 0, 0, 2, 21.24
1619156498, 0, 0, 123, 123, 1, 0.08%, 0, 0, 2, 18.83
1619156503, 0, 0, 126, 126, 1, 0.08%, 0, 0, 2, 28.01
1619156508, 0, 0, 127, 127, 1, 0.08%, 0, 0, 2, 32.28
1619156733, 0, 0, 128, 128, 1, 0.08%, 0, 0, 2, 34.95
1619156738, 0, 0, 130, 130, 1, 0.08%, 0, 0, 2, 31.83
1619156754, 0, 0, 131, 131, 1, 0.08%, 0, 0, 2, 29.28
1619157086, 0, 0, 132, 132, 1, 0.08%, 0, 0, 2, 35.53
1619157091, 0, 0, 134, 134, 1, 0.08%, 0, 0, 2, 36.72
1619157096, 0, 0, 140, 140, 1, 0.08%, 0, 0, 2, 34.51
1619157101, 0, 0, 146, 146, 1, 0.09%, 0, 0, 2, 28.28
1619157106, 0, 0, 154, 154, 1, 0.09%, 0, 0, 2, 21.94
1619157111, 0, 0, 161, 161, 1, 0.09%, 0, 0, 2, 19.76
1619157116, 0, 0, 167, 167, 1, 0.09%, 0, 0, 2, 24.24
1619157121, 0, 0, 171, 171, 1, 0.09%, 0, 0, 2, 31.06
1619157127, 0, 0, 172, 172, 1, 0.09%, 0, 0, 2, 33.76
1619157157, 0, 0, 174, 174, 1, 0.09%, 0, 0, 2, 29.72
1619157162, 0, 0, 175, 175, 1, 0.09%, 0, 0, 2, 29.37
1619157168, 0, 0, 176, 176, 1, 0.09%, 0, 0, 2, 29.40
1619157173, 0, 0, 178, 178, 1, 0.09%, 0, 0, 2, 25.80
1619157204, 0, 0, 182, 182, 1, 0.09%, 0, 0, 2, 21.70
1619157214, 0, 0, 183, 183, 1, 0.09%, 0, 0, 2, 27.52
1619157219, 0, 0, 184, 184, 1, 0.09%, 0, 0, 2, 24.18
1619157260, 0, 0, 185, 185, 1, 0.09%, 0, 0, 2, 18.90
1619157394, 0, 0, 189, 189, 1, 0.09%, 0, 0, 2, 20.41
1619157399, 0, 0, 193, 193, 1, 0.09%, 0, 0, 2, 20.11
1619157404, 0, 0, 195, 195, 1, 0.09%, 0, 0, 2, 23.27
1619157430, 0, 0, 196, 196, 1, 0.09%, 0, 0, 2, 24.14
1619157522, 0, 0, 197, 197, 1, 0.09%, 0, 0, 2, 21.14
1619157537, 0, 0, 199, 199, 1, 0.09%, 0, 0, 2, 19.66
1619157696, 0, 0, 200, 200, 1, 0.09%, 0, 0, 2, 19.10
1619157905, 0, 0, 201, 201, 1, 0.09%, 0, 0, 2, 25.62
1619157951, 0, 0, 202, 202, 1, 0.09%, 0, 0, 2, 31.38
1619157981, 0, 0, 203, 203, 1, 0.09%, 0, 0, 2, 21.12
1619158114, 0, 0, 204, 204, 1, 0.09%, 0, 0, 2, 21.07
1619158206, 0, 0, 205, 205, 1, 0.09%, 0, 0, 2, 21.90
1619158236, 0, 0, 206, 206, 1, 0.09%, 0, 0, 2, 22.09
1619158328, 0, 0, 208, 208, 1, 0.09%, 0, 0, 2, 24.29
1619158395, 0, 0, 209, 209, 1, 0.09%, 0, 0, 2, 24.72
1619158568, 0, 0, 210, 210, 1, 0.09%, 0, 0, 2, 24.90
1619158635, 0, 0, 211, 211, 1, 0.09%, 0, 0, 2, 53.91
1619158640, 0, 0, 214, 214, 1, 0.09%, 0, 0, 2, 46.85
1619158645, 0, 0, 217, 217, 1, 0.09%, 0, 0, 2, 36.22
1619158650, 0, 0, 221, 221, 1, 0.09%, 0, 0, 2, 35.22
1619158655, 0, 0, 226, 226, 1, 0.09%, 0, 0, 2, 37.82
1619158660, 0, 0, 232, 232, 1, 0.10%, 0, 0, 2, 39.46
1619158665, 0, 0, 239, 239, 1, 0.10%, 0, 0, 2, 38.23
1619158670, 0, 0, 247, 247, 1, 0.10%, 0, 0, 2, 31.83
1619158675, 0, 0, 251, 251, 1, 0.10%, 0, 0, 2, 24.47
1619158681, 0, 0, 254, 254, 1, 0.10%, 0, 0, 2, 22.67
1619158686, 0, 0, 256, 256, 1, 0.11%, 0, 0, 2, 22.44
1619158691, 0, 0, 260, 260, 1, 0.11%, 0, 0, 2, 23.00
1619158696, 0, 0, 263, 263, 1, 0.11%, 0, 0, 2, 24.50
1619158701, 0, 0, 267, 267, 1, 0.11%, 0, 0, 2, 26.92
1619158706, 0, 0, 270, 270, 1, 0.11%, 0, 0, 2, 36.37
1619158711, 0, 0, 276, 276, 1, 0.11%, 0, 0, 2, 29.65
1619158788, 0, 0, 277, 277, 1, 0.11%, 0, 0, 2, 47.88
1619158809, 0, 0, 278, 278, 1, 0.11%, 0, 0, 2, 38.54
1619158890, 0, 0, 280, 280, 1, 0.11%, 0, 0, 2, 21.37
1619158926, 0, 0, 281, 281, 1, 0.11%, 0, 0, 2, 21.33
1619158936, 0, 0, 282, 282, 1, 0.11%, 0, 0, 2, 21.23
1619158951, 0, 0, 283, 283, 1, 0.11%, 0, 0, 2, 21.00
1619158956, 0, 0, 284, 284, 1, 0.11%, 0, 0, 2, 21.31
1619159023, 0, 0, 285, 285, 1, 0.11%, 0, 0, 2, 21.18
1619159588, 0, 0, 287, 287, 1, 0.11%, 0, 0, 2, 21.32
1619159638, 0, 0, 288, 288, 1, 0.11%, 0, 0, 2, 21.10
1619159659, 0, 0, 289, 289, 1, 0.11%, 0, 0, 2, 21.27
1619160081, 0, 0, 290, 290, 1, 0.11%, 0, 0, 2, 21.53
1619160102, 0, 0, 291, 291, 1, 0.11%, 0, 0, 2, 20.92
1619160244, 0, 0, 292, 292, 1, 0.11%, 0, 0, 2, 21.30
1619160520, 0, 0, 293, 293, 1, 0.11%, 0, 0, 2, 21.19
1619160565, 0, 0, 294, 294, 1, 0.11%, 0, 0, 2, 21.51
1619161294, 0, 0, 295, 295, 1, 0.11%, 0, 0, 2, 21.35
1619161304, 0, 0, 296, 296, 1, 0.11%, 0, 0, 2, 21.10
1619162441, 0, 0, 297, 297, 1, 0.11%, 0, 0, 2, 21.44
1619162456, 0, 0, 298, 298, 1, 0.11%, 0, 0, 2, 20.71
1619163348, 0, 0, 299, 299, 1, 0.11%, 0, 0, 2, 21.30
1619164443, 0, 0, 300, 300, 1, 0.11%, 0, 0, 2, 21.31
1619164448, 0, 0, 301, 301, 1, 0.11%, 0, 0, 2, 21.14
1619164642, 0, 0, 302, 302, 1, 0.11%, 0, 0, 2, 21.39
1619164673, 0, 0, 303, 303, 1, 0.11%, 0, 0, 2, 21.03
1619164678, 0, 0, 304, 304, 1, 0.11%, 0, 0, 2, 21.22
1619164683, 0, 0, 305, 305, 1, 0.11%, 0, 0, 2, 21.25
1619164754, 0, 0, 306, 306, 1, 0.11%, 0, 0, 2, 21.17
1619164759, 0, 0, 307, 307, 1, 0.11%, 0, 0, 2, 21.34
1619165309, 0, 0, 310, 310, 1, 0.11%, 0, 0, 2, 40.21
1619165314, 0, 0, 312, 312, 1, 0.11%, 0, 0, 2, 48.02
1619165319, 0, 0, 314, 314, 1, 0.11%, 0, 0, 2, 49.61
1619165324, 0, 0, 316, 316, 1, 0.11%, 0, 0, 2, 50.15
1619165339, 0, 0, 317, 317, 1, 0.11%, 0, 0, 2, 48.31
1619165345, 0, 0, 322, 322, 1, 0.11%, 0, 0, 2, 46.33
1619165350, 0, 0, 327, 327, 1, 0.11%, 0, 0, 2, 38.24
1619165355, 0, 0, 332, 332, 1, 0.11%, 0, 0, 2, 39.73
1619165360, 0, 0, 334, 334, 1, 0.11%, 0, 0, 2, 42.77
1619165365, 0, 0, 337, 337, 1, 0.11%, 0, 0, 2, 45.80
1619165370, 0, 0, 338, 338, 1, 0.11%, 0, 0, 2, 42.15
1619165375, 0, 0, 340, 340, 1, 0.11%, 0, 0, 2, 42.76
1619165380, 0, 0, 344, 344, 1, 0.11%, 0, 0, 2, 43.63
1619165390, 0, 0, 346, 346, 1, 0.11%, 0, 0, 2, 44.29
1619165395, 0, 0, 348, 348, 1, 0.11%, 0, 0, 2, 42.61
1619165401, 0, 0, 350, 350, 1, 0.11%, 0, 0, 2, 47.61
1619165406, 0, 0, 351, 351, 1, 0.11%, 0, 0, 2, 46.26
1619165416, 0, 0, 354, 354, 1, 0.11%, 0, 0, 2, 43.63
1619165421, 0, 0, 355, 355, 1, 0.11%, 0, 0, 2, 45.71
1619165426, 0, 0, 356, 356, 1, 0.11%, 0, 0, 2, 43.09
1619165431, 0, 0, 358, 358, 1, 0.11%, 0, 0, 2, 43.97
1619165436, 0, 0, 360, 360, 1, 0.11%, 0, 0, 2, 44.20
1619165447, 0, 0, 362, 362, 1, 0.11%, 0, 0, 2, 45.73
1619165452, 0, 0, 363, 363, 1, 0.11%, 0, 0, 2, 46.58
1619165467, 0, 0, 364, 364, 1, 0.11%, 0, 0, 2, 46.50
1619165472, 0, 0, 365, 365, 1, 0.11%, 0, 0, 2, 49.99
1619165477, 0, 0, 367, 367, 1, 0.11%, 0, 0, 2, 47.06
1619165483, 0, 0, 368, 368, 1, 0.11%, 0, 0, 2, 46.87
1619165488, 0, 0, 369, 369, 1, 0.11%, 0, 0, 2, 44.16
1619165498, 0, 0, 370, 370, 1, 0.11%, 0, 0, 2, 47.94
1619165503, 0, 0, 371, 371, 1, 0.11%, 0, 0, 2, 47.10
1619165513, 0, 0, 372, 372, 1, 0.11%, 0, 0, 2, 47.03
1619165523, 0, 0, 373, 373, 1, 0.11%, 0, 0, 2, 40.08
1619165539, 0, 0, 374, 374, 1, 0.11%, 0, 0, 2, 44.73
1619165544, 0, 0, 375, 375, 1, 0.11%, 0, 0, 2, 40.20
1619165559, 0, 0, 376, 376, 1, 0.11%, 0, 0, 2, 45.34
1619165564, 0, 0, 377, 377, 1, 0.11%, 0, 0, 2, 45.17
1619165569, 0, 0, 378, 378, 1, 0.11%, 0, 0, 2, 47.44
1619165574, 0, 0, 379, 379, 1, 0.11%, 0, 0, 2, 50.07
1619165590, 0, 0, 380, 380, 1, 0.11%, 0, 0, 2, 48.68
1619165595, 0, 0, 381, 381, 1, 0.11%, 0, 0, 2, 47.66
1619165616, 0, 0, 382, 382, 1, 0.11%, 0, 0, 2, 48.80
1619165621, 0, 0, 383, 383, 1, 0.11%, 0, 0, 2, 44.21
1619165662, 0, 0, 384, 384, 1, 0.11%, 0, 0, 2, 48.73
1619165667, 0, 0, 385, 385, 1, 0.11%, 0, 0, 2, 46.34
1619165692, 0, 0, 386, 386, 1, 0.11%, 0, 0, 2, 42.06
1619165713, 0, 0, 387, 387, 1, 0.11%, 0, 0, 2, 44.28
1619165728, 0, 0, 388, 388, 1, 0.11%, 0, 0, 2, 46.17
1619165733, 0, 0, 389, 389, 1, 0.11%, 0, 0, 2, 45.12
1619165738, 0, 0, 390, 390, 1, 0.11%, 0, 0, 2, 44.10
1619165748, 0, 0, 392, 392, 1, 0.11%, 0, 0, 2, 45.74
1619165754, 0, 0, 393, 393, 1, 0.11%, 0, 0, 2, 46.41
1619165759, 0, 0, 395, 395, 1, 0.11%, 0, 0, 2, 44.33
1619165769, 0, 0, 396, 396, 1, 0.11%, 0, 0, 2, 48.20
1619165784, 0, 0, 397, 397, 1, 0.11%, 0, 0, 2, 47.92
1619165795, 0, 0, 398, 398, 1, 0.11%, 0, 0, 2, 48.56
1619165810, 0, 0, 399, 399, 1, 0.11%, 0, 0, 2, 46.30
1619165851, 0, 0, 400, 400, 1, 0.11%, 0, 0, 2, 43.48
1619165861, 0, 0, 401, 401, 1, 0.11%, 0, 0, 2, 47.27
1619165871, 0, 0, 403, 403, 1, 0.11%, 0, 0, 2, 49.15
1619165892, 0, 0, 404, 404, 1, 0.11%, 0, 0, 2, 47.30
1619165902, 0, 0, 406, 406, 1, 0.11%, 0, 0, 2, 43.30
1619165918, 0, 0, 407, 407, 1, 0.11%, 0, 0, 2, 48.46
1619165923, 0, 0, 408, 408, 1, 0.11%, 0, 0, 2, 48.00
1619165933, 0, 0, 409, 409, 1, 0.11%, 0, 0, 2, 43.77
1619165938, 0, 0, 410, 410, 1, 0.11%, 0, 0, 2, 43.71
1619165943, 0, 0, 411, 411, 1, 0.11%, 0, 0, 2, 43.81
1619165948, 0, 0, 412, 412, 1, 0.11%, 0, 0, 2, 48.20
1619165979, 0, 0, 413, 413, 1, 0.11%, 0, 0, 2, 47.60
1619166000, 0, 0, 414, 414, 1, 0.11%, 0, 0, 2, 48.87
1619166005, 0, 0, 416, 416, 1, 0.11%, 0, 0, 2, 46.69
1619166010, 0, 0, 418, 418, 1, 0.11%, 0, 0, 2, 45.49
1619166030, 0, 0, 419, 419, 1, 0.11%, 0, 0, 2, 48.38
1619166036, 0, 0, 420, 420, 1, 0.11%, 0, 0, 2, 47.44
1619166051, 0, 6, 420, 419, 81, 0.11%, 0, 0, 2, 39.90
1619166056, 0, 6, 422, 421, 81, 0.11%, 0, 0, 3, 31.40
1619166178, 0, 6, 424, 423, 81, 0.11%, 0, 0, 3, 47.27
1619166183, 0, 6, 425, 424, 81, 0.11%, 0, 0, 3, 36.72
1619166199, 0, 6, 426, 425, 81, 0.11%, 0, 0, 3, 27.13
1619166204, 0, 6, 428, 427, 81, 0.11%, 0, 0, 3, 36.49
1619166209, 0, 6, 430, 429, 81, 0.11%, 0, 0, 3, 37.03
1619166392, 0, 6, 431, 430, 81, 0.11%, 0, 0, 3, 27.89
1619166474, 0, 14, 431, 429, 79, 0.11%, 0, 0, 3, 78.14
1619166520, 0, 14, 432, 430, 79, 0.11%, 0, 0, 3, 54.53
1619166780, 0, 15, 434, 431, 80, 0.11%, 0, 0, 3, 69.55
1619166785, 0, 15, 436, 433, 80, 0.11%, 0, 0, 3, 48.23
1619167127, 0, 18, 436, 432, 80, 0.11%, 0, 0, 3, 38.93
1619167434, 0, 33, 436, 431, 79, 0.11%, 0, 0, 3, 102.88
1619168240, 0, 33, 437, 432, 79, 0.11%, 0, 0, 3, 37.78
1619169397, 0, 50, 437, 431, 78, 0.11%, 0, 0, 3, 55.44
1619170806, 0, 50, 438, 432, 78, 0.11%, 0, 0, 3, 24.64
1619171919, 0, 50, 439, 433, 78, 0.11%, 0, 0, 3, 42.84
1619178091, 0, 54, 439, 432, 79, 0.11%, 0, 0, 3, 52.98
1619178882, 0, 54, 440, 433, 79, 0.11%, 0, 0, 3, 50.75
1619179253, 0, 54, 441, 434, 79, 0.11%, 0, 0, 3, 50.40
1619181428, 0, 54, 442, 435, 79, 0.11%, 0, 0, 3, 51.32
1619181987, 0, 54, 443, 436, 79, 0.11%, 0, 0, 3, 51.28
1619182287, 0, 54, 444, 437, 79, 0.11%, 0, 0, 3, 61.04
1619182298, 0, 54, 445, 438, 79, 0.11%, 0, 0, 3, 63.92
1619182338, 0, 54, 446, 439, 79, 0.11%, 0, 0, 3, 66.26
1619182353, 0, 54, 447, 440, 79, 0.11%, 0, 0, 3, 62.67
1619182394, 0, 54, 448, 441, 79, 0.11%, 0, 0, 3, 63.61
1619182439, 0, 54, 449, 442, 79, 0.11%, 0, 0, 3, 64.69
1619182465, 0, 54, 450, 443, 79, 0.11%, 0, 0, 3, 65.06
1619182475, 0, 54, 451, 444, 79, 0.11%, 0, 0, 3, 62.62
1619182480, 0, 54, 452, 445, 79, 0.11%, 0, 0, 3, 64.71
1619182495, 0, 54, 453, 446, 79, 0.11%, 0, 0, 3, 62.44
1619182510, 0, 54, 454, 447, 79, 0.11%, 0, 0, 3, 64.24
1619182521, 0, 54, 455, 448, 79, 0.11%, 0, 0, 3, 67.61
1619182526, 0, 54, 456, 449, 79, 0.11%, 0, 0, 3, 64.07
1619182551, 0, 54, 457, 450, 79, 0.11%, 0, 0, 3, 59.28
1619182561, 0, 54, 458, 451, 79, 0.11%, 0, 0, 3, 62.82
1619182592, 0, 54, 460, 453, 79, 0.11%, 0, 0, 3, 63.80
1619182597, 0, 54, 461, 454, 79, 0.11%, 0, 0, 3, 56.92
1619182602, 0, 54, 462, 455, 79, 0.11%, 0, 0, 3, 62.86
1619182612, 0, 54, 463, 456, 79, 0.11%, 0, 0, 3, 61.90
1619182734, 0, 54, 464, 457, 79, 0.11%, 0, 0, 3, 65.89
1619182739, 0, 54, 465, 458, 79, 0.11%, 0, 0, 3, 66.61
1619182789, 0, 56, 465, 457, 83, 0.11%, 0, 0, 3, 55.59
1619182906, 0, 56, 466, 458, 83, 0.11%, 0, 0, 3, 53.38
1619183556, 0, 56, 467, 459, 83, 0.11%, 0, 0, 3, 40.16
1619184171, 0, 56, 468, 460, 83, 0.11%, 0, 0, 3, 50.75
1619186940, 0, 56, 469, 461, 83, 0.11%, 0, 0, 3, 37.71
1619187322, 0, 56, 470, 462, 83, 0.11%, 0, 0, 3, 70.59
1619187342, 0, 58, 470, 461, 83, 0.11%, 0, 0, 3, 50.72
1619187455, 0, 58, 471, 462, 83, 0.11%, 0, 0, 3, 50.04
1619187715, 0, 59, 472, 462, 83, 0.11%, 0, 0, 3, 66.75
1619188089, 0, 67, 472, 461, 83, 0.11%, 0, 0, 3, 81.38
1619188140, 0, 67, 473, 462, 83, 0.11%, 0, 0, 3, 235.36
1619188191, 0, 67, 474, 463, 83, 0.11%, 0, 0, 3, 53.71
1619188201, 0, 67, 475, 464, 83, 0.11%, 0, 0, 3, 53.40
1619188338, 0, 81, 475, 463, 80, 0.11%, 0, 0, 3, 54.65
1619197151, 0, 86, 475, 462, 79, 0.11%, 0, 0, 3, 49.44
1619198757, 0, 86, 476, 463, 79, 0.11%, 0, 0, 3, 39.77
1619198778, 0, 86, 477, 464, 79, 0.11%, 0, 0, 3, 40.59
1619202104, 0, 86, 478, 465, 79, 0.11%, 0, 0, 3, 37.63
1619202114, 0, 86, 479, 466, 79, 0.11%, 0, 0, 3, 37.62
1619202537, 0, 92, 480, 466, 76, 0.11%, 0, 0, 3, 58.46
1619202787, 0, 92, 481, 467, 76, 0.11%, 0, 0, 3, 73.50
1619202797, 0, 93, 481, 466, 74, 0.11%, 0, 0, 3, 115.97
1619202802, 0, 93, 482, 467, 74, 0.11%, 0, 0, 3, 69.03
1619203058, 0, 94, 482, 466, 74, 0.11%, 0, 0, 3, 88.60
1619203318, 0, 99, 482, 465, 73, 0.11%, 0, 0, 3, 65.86
1619203614, 0, 99, 483, 466, 73, 0.11%, 0, 0, 3, 25.25
1619204012, 0, 99, 484, 467, 73, 0.11%, 0, 0, 3, 31.89
1619242135, 0, 110, 484, 466, 73, 0.11%, 0, 0, 3, 45.16
1619244235, 0, 110, 485, 467, 73, 0.11%, 0, 0, 3, 2.30
