# unix_time, cycles_done, cur_path, paths_total, pending_total, pending_favs, map_size, unique_crashes, unique_hangs, max_depth, execs_per_sec
1630309213, 0, 0, 1, 1, 1, 0.12%, 0, 0, 1, 9.86
1630309219, 0, 0, 10, 10, 1, 0.26%, 1, 0, 2, 152.79
1630309224, 0, 0, 12, 12, 1, 0.26%, 1, 0, 2, 103.95
1630309229, 0, 0, 15, 15, 1, 0.27%, 1, 0, 2, 86.40
1630309239, 0, 0, 16, 16, 1, 0.27%, 1, 0, 2, 85.07
1630309249, 0, 0, 17, 17, 1, 0.27%, 1, 0, 2, 76.12
1630309254, 0, 0, 18, 18, 1, 0.28%, 1, 0, 2, 66.58
1630309259, 0, 0, 19, 19, 1, 0.28%, 1, 0, 2, 61.67
1630309264, 0, 0, 20, 20, 1, 0.28%, 1, 0, 2, 62.00
1630309269, 0, 0, 21, 21, 1, 0.28%, 1, 0, 2, 60.47
1630309285, 0, 0, 22, 22, 1, 0.28%, 1, 0, 2, 60.54
1630309290, 0, 0, 23, 23, 1, 0.28%, 1, 0, 2, 60.56
1630309295, 0, 0, 24, 24, 1, 0.28%, 1, 0, 2, 61.10
1630309320, 0, 0, 25, 25, 1, 0.28%, 1, 0, 2, 61.73
1630309325, 0, 0, 28, 28, 1, 0.28%, 1, 0, 2, 63.34
1630309417, 0, 0, 31, 31, 1, 0.29%, 1, 0, 2, 97.19
1630309422, 0, 0, 34, 34, 1, 0.30%, 1, 0, 2, 77.12
1630309427, 0, 0, 35, 35, 1, 0.30%, 1, 0, 2, 80.56
1630309453, 0, 0, 37, 37, 1, 0.30%, 1, 0, 2, 67.37
1630309508, 0, 0, 38, 38, 1, 0.30%, 1, 0, 2, 59.69
1630309717, 0, 0, 40, 40, 1, 0.30%, 1, 0, 2, 71.06
1630309737, 0, 0, 41, 41, 1, 0.31%, 1, 0, 2, 68.13
1630309783, 0, 0, 42, 42, 1, 0.31%, 1, 0, 2, 60.76
1630309793, 0, 0, 43, 43, 1, 0.32%, 1, 0, 2, 62.01
1630309823, 0, 0, 44, 44, 1, 0.32%, 1, 0, 2, 59.36
1630309828, 0, 0, 45, 45, 1, 0.32%, 1, 0, 2, 59.02
1630310195, 0, 0, 46, 46, 1, 0.35%, 1, 0, 2, 80.98
1630310205, 0, 0, 48, 48, 1, 0.37%, 1, 0, 2, 79.47
1630310210, 0, 0, 49, 49, 1, 0.37%, 1, 0, 2, 79.70
1630310459, 0, 0, 50, 50, 1, 0.37%, 1, 0, 2, 63.23
1630311227, 0, 0, 51, 51, 1, 0.37%, 1, 0, 2, 59.13
1630311237, 0, 0, 52, 52, 1, 0.37%, 1, 0, 2, 62.27
1630311252, 0, 0, 54, 54, 1, 0.37%, 1, 0, 2, 60.59
1630313995, 0, 0, 55, 55, 1, 0.37%, 1, 0, 2, 86.42
1630314015, 0, 0, 56, 56, 1, 0.37%, 1, 0, 2, 88.46
1630314035, 0, 0, 58, 58, 1, 0.37%, 1, 0, 2, 93.19
1630314152, 0, 0, 59, 59, 1, 0.37%, 1, 0, 2, 90.56
1630314238, 0, 0, 60, 60, 1, 0.37%, 1, 0, 2, 90.83
1630314350, 0, 1, 60, 59, 23, 0.37%, 1, 0, 2, 89.77
1630314763, 0, 2, 60, 58, 22, 0.37%, 1, 0, 2, 90.98
1630319004, 0, 2, 61, 59, 22, 0.37%, 1, 0, 3, 98.59
1630319035, 0, 5, 61, 58, 21, 0.37%, 1, 0, 3, 84.94
1630323294, 0, 6, 61, 57, 20, 0.37%, 1, 0, 3, 71.27
1630323568, 0, 6, 62, 58, 20, 0.38%, 1, 0, 3, 60.87
1630323807, 0, 6, 63, 59, 20, 0.43%, 1, 0, 3, 72.68
1630328071, 0, 7, 63, 58, 21, 0.43%, 1, 0, 3, 94.40
1630332885, 0, 10, 63, 57, 20, 0.43%, 1, 0, 3, 71.34
1630337668, 0, 12, 63, 56, 19, 0.43%, 1, 0, 3, 99.12
1630337816, 0, 12, 64, 57, 19, 0.44%, 1, 0, 3, 68.52
1630338075, 0, 13, 64, 56, 19, 0.44%, 1, 0, 3, 103.40
1630342187, 0, 13, 65, 57, 19, 0.44%, 1, 0, 3, 60.03
1630342369, 0, 13, 67, 59, 19, 0.44%, 1, 0, 3, 94.40
1630342410, 0, 16, 67, 58, 18, 0.44%, 1, 0, 3, 93.09
1630342562, 0, 16, 68, 59, 18, 0.44%, 1, 0, 3, 71.78
1630342953, 0, 17, 68, 58, 18, 0.44%, 1, 0, 3, 102.06
1630347231, 0, 17, 69, 59, 18, 0.44%, 1, 0, 3, 87.66
1630347251, 0, 25, 69, 58, 17, 0.44%, 1, 0, 3, 71.76
1630351533, 0, 25, 70, 59, 17, 0.44%, 1, 0, 3, 68.63
1630351558, 0, 28, 70, 58, 16, 0.44%, 1, 0, 3, 76.46
1630354679, 0, 32, 70, 57, 15, 0.44%, 1, 0, 3, 92.94
1630356407, 0, 37, 70, 56, 14, 0.44%, 1, 0, 3, 105.83
1630357403, 0, 37, 71, 57, 14, 0.44%, 1, 0, 3, 82.98
1630358461, 0, 37, 72, 58, 14, 0.44%, 1, 0, 3, 59.74
1630361238, 0, 37, 73, 59, 14, 0.44%, 1, 0, 3, 92.16
1630361254, 0, 40, 73, 58, 13, 0.44%, 1, 0, 3, 77.98
1630365794, 0, 40, 74, 59, 13, 0.44%, 1, 0, 3, 92.17
1630365814, 0, 42, 74, 58, 12, 0.44%, 1, 0, 3, 89.05
1630366758, 0, 45, 74, 57, 11, 0.44%, 1, 0, 3, 103.70
1630368002, 0, 45, 75, 58, 11, 0.46%, 1, 0, 3, 78.72
1630368037, 0, 45, 76, 59, 11, 0.47%, 1, 0, 3, 79.82
1630368042, 0, 45, 81, 64, 11, 0.47%, 1, 0, 3, 79.71
1630368047, 0, 45, 82, 65, 11, 0.47%, 1, 0, 3, 79.58
1630368128, 0, 45, 83, 66, 11, 0.47%, 1, 0, 3, 78.89
1630368144, 0, 45, 84, 67, 11, 0.47%, 1, 0, 3, 79.88
1630370064, 0, 46, 84, 66, 12, 0.47%, 1, 0, 3, 95.83
1630373610, 0, 47, 84, 65, 12, 0.47%, 1, 0, 3, 97.97
1630373834, 0, 47, 85, 66, 12, 0.47%, 1, 0, 3, 83.21
1630377033, 0, 51, 85, 65, 11, 0.47%, 1, 0, 3, 81.64
1630377333, 0, 51, 86, 66, 11, 0.47%, 1, 0, 3, 77.52
1630379345, 0, 51, 87, 67, 11, 0.47%, 1, 0, 3, 81.95
1630379528, 0, 51, 88, 68, 11, 0.47%, 1, 0, 3, 79.46
1630381268, 0, 53, 88, 67, 10, 0.47%, 1, 0, 3, 76.63
1630382350, 0, 53, 89, 68, 10, 0.47%, 1, 0, 3, 82.51
1630385831, 0, 53, 90, 69, 10, 0.47%, 1, 0, 3, 61.53
1630387109, 0, 61, 90, 68, 10, 0.47%, 1, 0, 3, 89.22
1630387618, 0, 61, 91, 69, 10, 0.49%, 1, 0, 4, 73.10
1630391869, 0, 62, 92, 69, 10, 0.51%, 1, 0, 4, 76.27
1630391889, 0, 62, 93, 70, 10, 0.52%, 1, 0, 4, 67.45
1630392103, 0, 62, 95, 72, 10, 0.54%, 1, 0, 4, 74.84
1630392108, 0, 62, 105, 82, 10, 0.55%, 1, 0, 4, 74.97
1630392397, 0, 62, 106, 83, 10, 0.56%, 1, 0, 4, 68.91
1630392855, 0, 62, 108, 85, 10, 0.56%, 1, 0, 4, 61.82
1630392860, 0, 62, 110, 87, 10, 0.57%, 1, 0, 4, 59.65
1630392870, 0, 62, 111, 88, 10, 0.57%, 1, 0, 4, 56.42
