# unix_time, cycles_done, cur_path, paths_total, pending_total, pending_favs, map_size, unique_crashes, unique_hangs, max_depth, execs_per_sec
1629446899, 0, 0, 1, 1, 1, 1.22%, 0, 0, 1, 92.81
1629446904, 0, 0, 31, 31, 1, 1.61%, 0, 0, 2, 136.86
1629446909, 0, 0, 39, 39, 1, 1.62%, 0, 0, 2, 111.58
1629446914, 0, 0, 45, 45, 1, 1.63%, 0, 0, 2, 97.28
1629446924, 0, 0, 46, 46, 1, 1.63%, 0, 0, 2, 77.87
1629446930, 0, 0, 47, 47, 1, 1.63%, 0, 0, 2, 72.40
1629446935, 0, 0, 53, 53, 1, 1.64%, 0, 0, 2, 92.57
1629446945, 0, 0, 55, 55, 1, 1.65%, 0, 0, 2, 74.91
1629446950, 0, 0, 57, 57, 1, 1.65%, 0, 0, 2, 74.69
1629446955, 0, 0, 61, 61, 1, 1.65%, 0, 0, 2, 79.51
1629446960, 0, 0, 66, 66, 1, 1.66%, 0, 0, 2, 68.89
1629446970, 0, 0, 71, 71, 1, 1.66%, 0, 0, 2, 142.80
1629446975, 0, 0, 79, 79, 1, 1.67%, 0, 0, 2, 109.48
1629446980, 0, 0, 81, 81, 1, 1.67%, 0, 0, 2, 77.36
1629446991, 0, 0, 82, 82, 1, 1.67%, 0, 0, 2, 69.03
1629447026, 0, 0, 84, 84, 1, 1.68%, 0, 0, 2, 111.48
1629447031, 0, 0, 86, 86, 1, 1.68%, 0, 0, 2, 78.14
1629447036, 0, 0, 87, 87, 1, 1.68%, 0, 0, 2, 71.21
1629447051, 0, 0, 88, 88, 1, 1.68%, 0, 0, 2, 69.77
1629447072, 0, 0, 89, 89, 1, 1.68%, 0, 0, 2, 70.46
1629447092, 0, 0, 96, 96, 1, 1.68%, 0, 0, 2, 93.15
1629447097, 0, 0, 100, 100, 1, 1.68%, 0, 0, 2, 90.09
1629447133, 0, 0, 101, 101, 1, 1.68%, 0, 0, 2, 170.51
1629447174, 0, 0, 121, 121, 1, 1.73%, 0, 0, 2, 104.51
1629447179, 0, 0, 126, 126, 1, 1.74%, 0, 0, 2, 149.14
1629447184, 0, 0, 127, 127, 1, 1.78%, 0, 0, 2, 231.36
1629447189, 0, 0, 128, 128, 1, 1.81%, 0, 0, 2, 294.85
1629447194, 0, 0, 129, 129, 1, 1.81%, 0, 0, 2, 237.26
1629447199, 0, 0, 132, 132, 1, 1.84%, 0, 0, 2, 140.29
1629447204, 0, 0, 133, 133, 1, 1.84%, 0, 0, 2, 85.46
1629447220, 0, 0, 134, 134, 1, 1.84%, 0, 0, 2, 71.35
1629447225, 0, 0, 135, 135, 1, 1.85%, 0, 0, 2, 71.26
1629447250, 0, 0, 136, 136, 1, 1.85%, 0, 0, 2, 74.97
1629447336, 0, 0, 137, 137, 1, 1.87%, 0, 0, 2, 172.90
1629447341, 0, 0, 138, 138, 1, 1.90%, 0, 0, 2, 197.62
1629447346, 0, 0, 139, 139, 1, 1.90%, 0, 0, 2, 129.12
1629447392, 0, 0, 140, 140, 1, 1.90%, 0, 0, 2, 70.26
1629447442, 0, 0, 141, 141, 1, 1.92%, 0, 0, 2, 71.13
1629447458, 0, 0, 142, 142, 1, 1.93%, 0, 0, 2, 71.90
1629447493, 0, 0, 143, 143, 1, 1.93%, 0, 0, 2, 390.97
1629447499, 0, 0, 149, 149, 1, 2.06%, 0, 0, 2, 216.53
1629447509, 0, 0, 150, 150, 1, 2.06%, 0, 0, 2, 104.34
1629447514, 0, 0, 153, 153, 1, 2.06%, 0, 0, 2, 85.35
1629447529, 0, 0, 154, 154, 1, 2.06%, 0, 0, 2, 88.60
1629447605, 0, 0, 155, 155, 1, 2.06%, 0, 0, 2, 83.60
1629447651, 0, 0, 159, 159, 1, 2.16%, 0, 0, 2, 173.01
1629447671, 0, 0, 161, 161, 1, 2.16%, 0, 0, 2, 218.17
1629447676, 0, 0, 162, 162, 1, 2.17%, 0, 0, 2, 218.19
1629447692, 0, 0, 164, 164, 1, 2.19%, 0, 0, 2, 88.64
1629447697, 0, 0, 166, 166, 1, 2.19%, 0, 0, 2, 72.92
1629448423, 0, 0, 167, 167, 1, 2.19%, 0, 0, 2, 69.33
1629449037, 0, 0, 168, 168, 1, 2.19%, 0, 0, 2, 69.22
1629449042, 0, 0, 171, 171, 1, 2.20%, 0, 0, 2, 69.01
1629449214, 0, 0, 172, 172, 1, 2.20%, 0, 0, 2, 108.86
1629449219, 0, 0, 174, 174, 1, 2.20%, 0, 0, 2, 84.76
1629449229, 0, 0, 185, 185, 1, 2.22%, 0, 0, 2, 142.84
1629449235, 0, 0, 203, 203, 1, 2.22%, 0, 0, 2, 213.03
1629449240, 0, 0, 218, 218, 1, 2.23%, 0, 0, 2, 211.37
1629449245, 0, 0, 220, 220, 1, 2.23%, 0, 0, 2, 231.07
1629449250, 0, 0, 229, 229, 1, 2.23%, 0, 0, 2, 228.18
1629449255, 0, 0, 230, 230, 1, 2.23%, 0, 0, 2, 233.62
1629449260, 0, 0, 236, 236, 1, 2.23%, 0, 0, 2, 244.43
1629449265, 0, 0, 238, 238, 1, 2.23%, 0, 0, 2, 237.41
1629449270, 0, 0, 239, 239, 1, 2.23%, 0, 0, 2, 234.81
1629449275, 0, 0, 244, 244, 1, 2.23%, 0, 0, 2, 228.99
1629449281, 0, 0, 245, 245, 1, 2.23%, 0, 0, 2, 230.42
1629449296, 0, 0, 246, 246, 1, 2.23%, 0, 0, 2, 234.27
1629449301, 0, 0, 248, 248, 1, 2.24%, 0, 0, 2, 245.71
1629449306, 0, 0, 249, 249, 1, 2.24%, 0, 0, 2, 247.89
1629449316, 0, 0, 253, 253, 1, 2.24%, 0, 0, 2, 248.55
1629449321, 0, 0, 255, 255, 1, 2.24%, 0, 0, 2, 234.94
1629449326, 0, 0, 257, 257, 1, 2.24%, 0, 0, 2, 236.69
1629449331, 0, 0, 259, 259, 1, 2.24%, 0, 0, 2, 259.79
1629449347, 0, 0, 261, 261, 1, 2.24%, 0, 0, 2, 252.74
1629449352, 0, 0, 262, 262, 1, 2.24%, 0, 0, 2, 236.90
1629449362, 0, 0, 264, 264, 1, 2.24%, 0, 0, 2, 241.24
1629449367, 0, 0, 265, 265, 1, 2.24%, 0, 0, 2, 240.73
1629449372, 0, 1, 266, 265, 76, 2.24%, 0, 0, 2, 304.27
1629449475, 0, 1, 267, 266, 76, 2.24%, 0, 0, 3, 330.59
1629449825, 0, 1, 268, 267, 76, 2.24%, 0, 0, 3, 390.43
1629449830, 0, 5, 268, 266, 75, 2.24%, 0, 0, 3, 245.04
1629450025, 0, 5, 269, 267, 75, 2.24%, 0, 0, 3, 201.97
1629450036, 0, 5, 270, 268, 75, 2.24%, 0, 0, 3, 205.36
1629450066, 0, 5, 271, 269, 75, 2.24%, 0, 0, 3, 203.70
1629450587, 0, 5, 272, 270, 75, 2.24%, 0, 0, 3, 198.30
1629450644, 0, 5, 274, 272, 75, 2.24%, 0, 0, 3, 309.06
1629450659, 0, 7, 274, 271, 76, 2.24%, 0, 0, 3, 291.14
1629450772, 0, 7, 275, 272, 76, 2.24%, 0, 0, 3, 296.70
1629450911, 0, 7, 277, 274, 76, 2.24%, 0, 0, 3, 183.93
1629451479, 0, 9, 277, 273, 76, 2.24%, 0, 0, 3, 244.67
1629451890, 0, 9, 278, 274, 76, 2.25%, 0, 0, 3, 171.79
1629451930, 0, 9, 279, 275, 76, 2.25%, 0, 0, 3, 145.59
1629452675, 0, 9, 280, 276, 76, 2.25%, 0, 0, 3, 254.03
1629452685, 0, 15, 280, 275, 76, 2.25%, 0, 0, 3, 248.03
1629453339, 0, 16, 280, 274, 75, 2.25%, 0, 0, 3, 248.70
1629453993, 0, 18, 280, 273, 73, 2.25%, 0, 0, 3, 280.55
1629454013, 0, 18, 281, 274, 73, 2.25%, 0, 0, 3, 240.91
1629454810, 0, 18, 282, 275, 73, 2.25%, 0, 0, 3, 289.62
1629454820, 0, 19, 282, 274, 72, 2.25%, 0, 0, 3, 247.40
1629455479, 0, 20, 282, 273, 71, 2.25%, 0, 0, 3, 246.20
1629456139, 0, 21, 282, 272, 70, 2.25%, 0, 0, 3, 244.68
1629456799, 0, 21, 284, 274, 70, 2.25%, 0, 0, 3, 335.13
1629456809, 0, 21, 286, 276, 70, 2.25%, 0, 0, 3, 351.69
1629456824, 0, 21, 287, 277, 70, 2.25%, 0, 0, 3, 361.94
1629456845, 0, 22, 287, 276, 69, 2.25%, 0, 0, 3, 358.75
1629457668, 0, 22, 288, 277, 69, 2.25%, 0, 0, 3, 301.47
1629457673, 0, 22, 289, 278, 69, 2.25%, 0, 0, 3, 329.85
1629457688, 0, 23, 289, 277, 68, 2.25%, 0, 0, 3, 287.89
1629457698, 0, 23, 290, 278, 68, 2.26%, 0, 0, 3, 87.97
1629457911, 0, 23, 291, 279, 68, 2.26%, 0, 0, 3, 227.13
1629458104, 0, 23, 293, 281, 68, 2.28%, 0, 0, 3, 69.73
1629458144, 0, 23, 294, 282, 68, 2.28%, 0, 0, 3, 75.76
1629459631, 0, 31, 294, 281, 70, 2.28%, 0, 0, 3, 211.36
1629459861, 0, 31, 295, 282, 70, 2.28%, 0, 0, 3, 239.18
1629460441, 0, 41, 295, 281, 70, 2.28%, 0, 0, 3, 194.80
1629462768, 0, 41, 296, 282, 70, 2.28%, 0, 0, 3, 180.68
1629462773, 0, 41, 297, 283, 70, 2.28%, 0, 0, 3, 233.11
1629462779, 0, 41, 298, 284, 70, 2.28%, 0, 0, 3, 240.81
1629462794, 0, 41, 299, 285, 70, 2.28%, 0, 0, 3, 248.48
1629462799, 0, 41, 301, 287, 70, 2.28%, 0, 0, 3, 238.57
1629462809, 0, 41, 302, 288, 70, 2.28%, 0, 0, 3, 244.60
1629462840, 0, 41, 303, 289, 70, 2.28%, 0, 0, 3, 237.91
1629462845, 0, 48, 303, 288, 70, 2.28%, 0, 0, 3, 228.24
1629462855, 0, 48, 304, 289, 70, 2.28%, 0, 0, 3, 222.81
1629463499, 0, 71, 304, 288, 69, 2.28%, 0, 0, 3, 249.84
1629464153, 0, 72, 304, 287, 68, 2.28%, 0, 0, 3, 270.25
1629464179, 0, 72, 305, 288, 68, 2.28%, 0, 0, 3, 228.29
1629464391, 0, 72, 306, 289, 68, 2.28%, 0, 0, 3, 217.68
1629464812, 0, 73, 306, 288, 68, 2.28%, 0, 0, 3, 264.16
1629465471, 0, 74, 306, 287, 67, 2.28%, 0, 0, 3, 253.46
1629465847, 0, 74, 309, 290, 67, 2.28%, 0, 0, 3, 211.99
1629465857, 0, 74, 311, 292, 67, 2.28%, 0, 0, 3, 331.21
1629465868, 0, 77, 311, 291, 65, 2.28%, 0, 0, 3, 216.74
1629466116, 0, 77, 312, 292, 65, 2.29%, 0, 0, 3, 104.42
1629466538, 0, 77, 317, 297, 65, 2.37%, 0, 0, 3, 114.60
1629466543, 0, 77, 319, 299, 65, 2.38%, 0, 0, 3, 77.48
1629467809, 0, 78, 319, 298, 71, 2.38%, 0, 0, 3, 150.32
1629467936, 0, 78, 320, 299, 71, 2.38%, 0, 0, 3, 69.16
1629468484, 0, 78, 321, 300, 71, 2.38%, 0, 0, 3, 80.69
1629469745, 0, 78, 322, 301, 71, 2.38%, 0, 0, 3, 211.39
1629469750, 0, 79, 322, 300, 72, 2.38%, 0, 0, 3, 158.36
1629470228, 0, 79, 323, 301, 72, 2.38%, 0, 0, 3, 202.52
1629471680, 0, 79, 324, 302, 72, 2.38%, 0, 0, 3, 216.54
1629471685, 0, 79, 325, 303, 72, 2.38%, 0, 0, 3, 238.79
1629471695, 0, 83, 325, 302, 71, 2.38%, 0, 0, 3, 242.34
1629472523, 0, 85, 325, 301, 70, 2.38%, 0, 0, 3, 160.76
1629474457, 0, 85, 326, 302, 70, 2.38%, 0, 0, 3, 203.72
1629474463, 0, 108, 326, 301, 69, 2.38%, 0, 0, 3, 233.60
1629474468, 0, 108, 328, 303, 69, 2.39%, 0, 0, 3, 151.75
1629474784, 0, 108, 329, 304, 69, 2.39%, 0, 0, 3, 177.75
1629474896, 0, 108, 330, 305, 69, 2.40%, 0, 0, 3, 175.26
1629475673, 0, 108, 332, 307, 69, 2.40%, 0, 0, 3, 261.27
1629475683, 0, 108, 333, 308, 69, 2.40%, 0, 0, 3, 302.43
1629475693, 0, 108, 334, 309, 69, 2.40%, 0, 0, 3, 306.81
1629475724, 0, 108, 335, 310, 69, 2.40%, 0, 0, 3, 290.71
1629475754, 0, 109, 335, 309, 72, 2.40%, 0, 0, 3, 234.08
1629476604, 0, 112, 335, 308, 71, 2.40%, 0, 0, 3, 249.97
1629476717, 0, 112, 336, 309, 71, 2.40%, 0, 0, 3, 268.19
1629477447, 0, 114, 336, 308, 71, 2.40%, 0, 0, 3, 263.76
1629478288, 0, 117, 336, 307, 70, 2.40%, 0, 0, 3, 279.25
1629478522, 0, 117, 337, 308, 70, 2.41%, 0, 0, 3, 373.18
1629478532, 0, 117, 338, 309, 70, 2.41%, 0, 0, 3, 134.19
1629479140, 0, 120, 338, 308, 69, 2.41%, 0, 0, 3, 239.12
1629479252, 0, 120, 339, 309, 69, 2.41%, 0, 0, 3, 255.22
1629479399, 0, 120, 340, 310, 69, 2.41%, 0, 0, 3, 157.58
1629479966, 0, 122, 340, 309, 69, 2.41%, 0, 0, 3, 314.44
1629480078, 0, 126, 340, 308, 68, 2.41%, 0, 0, 3, 209.58
1629480114, 0, 126, 344, 312, 68, 2.44%, 0, 0, 3, 129.73
1629480230, 0, 126, 345, 313, 68, 2.44%, 0, 0, 3, 265.70
1629480382, 0, 126, 346, 314, 68, 2.44%, 0, 0, 3, 126.64
1629480463, 0, 126, 347, 315, 68, 2.44%, 0, 0, 3, 171.93
1629480468, 0, 126, 351, 319, 68, 2.45%, 0, 0, 3, 140.39
1629480474, 0, 126, 354, 322, 68, 2.45%, 0, 0, 3, 122.31
1629481305, 0, 127, 354, 321, 71, 2.45%, 0, 0, 3, 221.01
1629481361, 0, 127, 355, 322, 71, 2.45%, 0, 0, 3, 165.91
1629482968, 0, 129, 355, 321, 70, 2.45%, 0, 0, 3, 196.23
1629482983, 0, 129, 356, 322, 70, 2.45%, 0, 0, 3, 218.11
1629483069, 0, 129, 357, 323, 70, 2.45%, 0, 0, 3, 222.13
1629483658, 0, 131, 357, 322, 70, 2.45%, 0, 0, 3, 276.64
1629484389, 0, 131, 358, 323, 70, 2.45%, 0, 0, 3, 202.78
1629484632, 0, 140, 358, 322, 69, 2.45%, 0, 0, 3, 229.23
1629484637, 0, 140, 359, 323, 69, 2.45%, 0, 0, 3, 210.59
1629484642, 0, 140, 360, 324, 69, 2.45%, 0, 0, 3, 209.40
1629484688, 0, 140, 363, 327, 69, 2.46%, 0, 0, 3, 202.93
1629484805, 0, 140, 364, 328, 69, 2.46%, 0, 0, 3, 204.15
1629484845, 0, 140, 367, 331, 69, 2.47%, 0, 0, 3, 214.91
1629484855, 0, 140, 368, 332, 69, 2.47%, 0, 0, 3, 269.69
1629484957, 0, 140, 369, 333, 69, 2.47%, 0, 0, 3, 208.36
1629485317, 0, 140, 374, 338, 69, 2.47%, 0, 0, 3, 198.71
1629485322, 0, 140, 375, 339, 69, 2.47%, 0, 0, 3, 197.54
1629485444, 0, 141, 375, 338, 72, 2.47%, 0, 0, 3, 280.52
1629487265, 0, 141, 375, 338, 72, 2.47%, 1, 0, 3, 68.38
1629487270, 0, 141, 376, 339, 72, 2.47%, 1, 0, 3, 68.12
1629487275, 0, 141, 376, 339, 72, 2.47%, 4, 0, 3, 77.03
1629487296, 0, 141, 376, 339, 72, 2.47%, 5, 0, 3, 78.73
1629487316, 0, 141, 376, 339, 72, 2.47%, 6, 0, 3, 79.88
1629487326, 0, 141, 376, 339, 72, 2.47%, 7, 0, 3, 140.66
1629487372, 0, 141, 376, 339, 72, 2.47%, 8, 0, 3, 133.04
1629487377, 0, 143, 376, 338, 72, 2.47%, 8, 0, 3, 175.97
1629487504, 0, 143, 377, 339, 72, 2.47%, 8, 0, 3, 239.21
1629487514, 0, 143, 379, 341, 72, 2.50%, 8, 0, 3, 293.27
1629487600, 0, 143, 381, 343, 72, 2.50%, 8, 0, 3, 160.30
1629488312, 0, 143, 382, 344, 72, 2.50%, 8, 0, 3, 154.95
1629488389, 0, 149, 382, 343, 73, 2.50%, 8, 0, 3, 227.66
1629488405, 0, 149, 383, 344, 73, 2.51%, 8, 0, 3, 85.76
1629488669, 0, 149, 384, 345, 73, 2.51%, 8, 0, 3, 151.62
1629489065, 0, 149, 385, 346, 73, 2.51%, 8, 0, 3, 174.42
1629490327, 0, 156, 385, 345, 74, 2.51%, 8, 0, 3, 178.60
1629491251, 0, 157, 385, 344, 73, 2.51%, 8, 0, 3, 203.92
1629491375, 0, 157, 386, 345, 73, 2.51%, 8, 0, 3, 248.54
1629492214, 0, 159, 386, 344, 72, 2.51%, 8, 0, 3, 262.70
1629492230, 0, 159, 387, 345, 72, 2.51%, 8, 0, 3, 220.29
1629493005, 0, 162, 388, 345, 71, 2.51%, 8, 0, 3, 200.31
1629493254, 0, 162, 389, 346, 71, 2.51%, 8, 0, 3, 205.76
1629494065, 0, 170, 389, 345, 71, 2.51%, 8, 0, 3, 131.94
1629494841, 0, 170, 390, 346, 71, 2.52%, 8, 0, 3, 97.94
1629496358, 0, 177, 390, 345, 71, 2.52%, 8, 0, 3, 265.09
1629496939, 0, 178, 390, 344, 70, 2.52%, 8, 0, 3, 356.33
1629497392, 0, 178, 391, 345, 70, 2.52%, 8, 0, 3, 341.97
1629497397, 0, 204, 391, 344, 69, 2.52%, 8, 0, 3, 396.23
1629497403, 0, 204, 392, 345, 69, 2.52%, 8, 0, 3, 381.92
1629497444, 0, 204, 395, 348, 69, 2.52%, 8, 0, 3, 451.67
1629497459, 0, 204, 396, 349, 69, 2.52%, 8, 0, 3, 523.01
1629497474, 0, 204, 397, 350, 69, 2.52%, 8, 0, 3, 525.08
1629497490, 0, 208, 397, 349, 67, 2.52%, 8, 0, 3, 429.04
1629498025, 0, 212, 397, 348, 66, 2.52%, 8, 0, 3, 284.10
1629498467, 0, 212, 398, 349, 66, 2.52%, 8, 0, 3, 374.96
1629498472, 0, 220, 398, 348, 65, 2.52%, 8, 0, 3, 375.48
1629498502, 0, 220, 399, 349, 65, 2.52%, 8, 0, 3, 345.26
1629498538, 0, 220, 401, 351, 65, 2.52%, 8, 0, 3, 337.04
1629498544, 0, 220, 402, 352, 65, 2.52%, 8, 0, 3, 335.05
1629498631, 0, 220, 403, 353, 65, 2.52%, 8, 0, 3, 388.51
1629498636, 0, 227, 403, 352, 66, 2.52%, 8, 0, 3, 370.02
1629498646, 0, 227, 404, 353, 66, 2.52%, 8, 0, 3, 338.02
1629498865, 0, 248, 404, 352, 65, 2.52%, 8, 0, 3, 281.14
1629498880, 0, 248, 405, 353, 65, 2.52%, 8, 0, 3, 245.42
1629499553, 0, 255, 406, 353, 64, 2.52%, 8, 0, 3, 288.85
1629501750, 0, 259, 406, 352, 63, 2.52%, 8, 0, 3, 142.08
1629501937, 0, 259, 407, 353, 63, 2.52%, 8, 0, 3, 67.24
1629504069, 0, 259, 408, 354, 63, 2.52%, 8, 0, 3, 68.19
1629504190, 0, 259, 410, 356, 63, 2.52%, 8, 0, 3, 181.13
1629504211, 0, 261, 410, 355, 63, 2.52%, 8, 0, 3, 121.55
1629505907, 0, 262, 410, 354, 62, 2.52%, 8, 0, 3, 218.30
1629505937, 0, 262, 411, 355, 62, 2.52%, 8, 0, 3, 219.14
1629506227, 0, 262, 412, 356, 62, 2.52%, 8, 0, 3, 219.59
1629506739, 0, 268, 412, 355, 61, 2.52%, 8, 0, 3, 253.64
1629506744, 0, 268, 413, 356, 61, 2.52%, 8, 0, 4, 216.41
1629506755, 0, 268, 414, 357, 61, 2.52%, 8, 0, 4, 200.44
1629506871, 0, 268, 415, 358, 61, 2.52%, 8, 0, 4, 202.93
1629507566, 0, 269, 416, 358, 61, 2.52%, 8, 0, 4, 222.59
1629507571, 0, 269, 417, 359, 61, 2.52%, 8, 0, 4, 211.32
1629507576, 0, 269, 418, 360, 61, 2.52%, 8, 0, 4, 211.38
1629507622, 0, 269, 419, 361, 61, 2.52%, 8, 0, 4, 212.01
1629507688, 0, 269, 420, 362, 61, 2.52%, 8, 0, 4, 216.21
1629507785, 0, 269, 421, 363, 61, 2.52%, 8, 0, 4, 318.87
1629508261, 0, 269, 422, 364, 61, 2.52%, 8, 0, 4, 198.59
1629508307, 0, 269, 423, 365, 61, 2.52%, 8, 0, 4, 198.41
1629508373, 0, 269, 424, 366, 61, 2.52%, 8, 0, 4, 316.05
1629508378, 0, 273, 424, 365, 60, 2.52%, 8, 0, 4, 262.71
1629508657, 0, 274, 424, 364, 59, 2.52%, 8, 0, 4, 263.28
1629508900, 0, 274, 425, 365, 59, 2.52%, 8, 0, 4, 204.71
1629508935, 0, 274, 426, 366, 59, 2.52%, 8, 0, 4, 191.60
1629509467, 0, 274, 427, 367, 59, 2.52%, 8, 0, 4, 217.67
1629509482, 0, 274, 428, 368, 59, 2.52%, 8, 0, 4, 307.35
1629509488, 0, 275, 428, 367, 59, 2.52%, 8, 0, 4, 168.67
1629509971, 0, 275, 429, 368, 59, 2.52%, 8, 0, 4, 136.36
1629511359, 0, 277, 429, 367, 58, 2.52%, 8, 0, 4, 178.78
1629511501, 0, 277, 430, 368, 58, 2.62%, 10, 0, 4, 236.55
1629511506, 0, 277, 431, 369, 58, 2.62%, 10, 0, 4, 262.80
1629511668, 0, 277, 432, 370, 58, 2.64%, 10, 0, 4, 170.20
1629511674, 0, 277, 440, 378, 58, 2.74%, 12, 0, 4, 147.88
1629511744, 0, 277, 441, 379, 58, 2.74%, 12, 0, 4, 139.70
1629512525, 0, 279, 441, 378, 66, 2.74%, 12, 0, 4, 165.96
1629512581, 0, 279, 442, 379, 66, 2.74%, 12, 0, 4, 131.76
1629513975, 0, 279, 443, 380, 66, 2.74%, 12, 0, 4, 242.87
1629513980, 0, 283, 443, 379, 66, 2.74%, 12, 0, 4, 288.16
1629514431, 0, 289, 443, 378, 66, 2.74%, 12, 0, 4, 243.53
1629515213, 0, 291, 443, 377, 65, 2.74%, 12, 0, 4, 188.05
1629515584, 0, 291, 444, 378, 65, 2.75%, 12, 0, 4, 193.17
1629517176, 0, 291, 445, 379, 65, 2.75%, 12, 0, 4, 200.19
1629517181, 0, 292, 445, 378, 65, 2.75%, 12, 0, 4, 160.78
1629519103, 0, 295, 445, 377, 65, 2.75%, 12, 0, 4, 142.08
1629521470, 0, 298, 445, 376, 64, 2.75%, 12, 0, 4, 207.93
1629522290, 0, 303, 445, 375, 63, 2.75%, 12, 0, 4, 243.26
1629522954, 0, 304, 445, 374, 62, 2.75%, 12, 0, 4, 255.09
1629523621, 0, 310, 446, 374, 61, 2.75%, 12, 0, 4, 243.10
1629523626, 0, 310, 447, 375, 61, 2.75%, 12, 0, 4, 197.14
1629523971, 0, 310, 448, 376, 61, 2.75%, 12, 0, 4, 182.19
1629524331, 0, 311, 448, 375, 60, 2.75%, 12, 0, 4, 227.46
1629525965, 0, 311, 449, 376, 60, 2.75%, 12, 0, 4, 65.76
1629526299, 0, 311, 450, 377, 60, 2.75%, 12, 0, 4, 239.66
1629526304, 0, 312, 450, 376, 59, 2.75%, 12, 0, 4, 173.21
1629526575, 0, 312, 451, 377, 59, 2.75%, 12, 0, 4, 68.57
1629528278, 0, 312, 452, 378, 59, 2.76%, 12, 0, 4, 189.56
1629528288, 0, 314, 452, 377, 60, 2.76%, 12, 0, 4, 134.30
1629528293, 0, 314, 461, 386, 60, 2.77%, 12, 0, 4, 82.62
1629528309, 0, 314, 462, 387, 60, 2.78%, 12, 0, 4, 73.70
1629528365, 0, 314, 463, 388, 60, 2.78%, 12, 0, 4, 69.00
1629528370, 0, 314, 470, 395, 60, 2.81%, 12, 0, 4, 68.01
1629528451, 0, 314, 473, 398, 60, 2.81%, 12, 0, 4, 94.21
1629528563, 0, 314, 479, 404, 60, 2.81%, 12, 0, 4, 69.25
1629528568, 0, 314, 482, 407, 60, 2.81%, 12, 0, 4, 70.69
1629528588, 0, 314, 487, 412, 60, 2.82%, 12, 0, 4, 72.73
1629528593, 0, 314, 489, 414, 60, 2.82%, 12, 0, 4, 73.83
1629528598, 0, 314, 492, 417, 60, 2.82%, 12, 0, 4, 71.47
1629528603, 0, 314, 495, 420, 60, 2.82%, 12, 0, 4, 73.81
1629528609, 0, 314, 497, 422, 60, 2.82%, 12, 0, 4, 75.98
1629528614, 0, 314, 498, 423, 60, 2.82%, 12, 0, 4, 78.70
1629528923, 0, 314, 499, 424, 60, 2.82%, 12, 0, 4, 171.39
1629529075, 0, 314, 500, 425, 60, 2.82%, 12, 0, 4, 67.73
1629529156, 0, 314, 504, 429, 60, 2.84%, 12, 0, 4, 67.54
1629529166, 0, 314, 505, 430, 60, 2.84%, 12, 0, 4, 67.66
1629529222, 0, 314, 506, 431, 60, 2.84%, 12, 0, 4, 66.77
1629529227, 0, 314, 507, 432, 60, 2.84%, 12, 0, 4, 66.30
1629530260, 0, 315, 508, 432, 73, 2.84%, 12, 0, 4, 177.90
1629532264, 0, 315, 509, 433, 73, 2.84%, 12, 0, 4, 211.38
1629532270, 0, 316, 509, 432, 72, 2.84%, 12, 0, 4, 214.44
1629534265, 0, 316, 510, 433, 72, 2.84%, 12, 0, 4, 151.24
1629534275, 0, 317, 510, 432, 72, 2.84%, 12, 0, 4, 163.24
1629534280, 0, 317, 511, 433, 72, 2.84%, 12, 0, 4, 87.45
1629534631, 0, 317, 512, 434, 72, 2.84%, 12, 0, 4, 70.80
1629536546, 0, 318, 513, 434, 73, 2.84%, 12, 0, 4, 110.79
1629536551, 0, 318, 514, 435, 73, 2.84%, 12, 0, 4, 76.83
1629536815, 0, 318, 515, 436, 73, 2.84%, 12, 0, 4, 291.45
1629537632, 0, 318, 516, 437, 73, 2.84%, 12, 0, 4, 66.98
1629538849, 0, 319, 516, 436, 73, 2.84%, 12, 0, 4, 146.47
1629538991, 0, 319, 517, 437, 73, 2.84%, 12, 0, 4, 67.14
1629540567, 0, 319, 518, 438, 73, 2.84%, 12, 0, 4, 67.05
1629540836, 0, 320, 518, 437, 72, 2.84%, 12, 0, 4, 211.06
1629541897, 0, 326, 518, 436, 71, 2.84%, 12, 0, 4, 191.66
1629543869, 0, 327, 518, 435, 70, 2.84%, 12, 0, 4, 191.73
1629544776, 0, 329, 518, 434, 69, 2.84%, 12, 0, 4, 213.71
1629544907, 0, 329, 518, 434, 69, 2.84%, 13, 0, 4, 233.50
1629544912, 0, 329, 519, 435, 69, 2.85%, 13, 0, 4, 223.10
1629545084, 0, 329, 520, 436, 69, 2.85%, 14, 0, 4, 153.87
1629545839, 0, 332, 520, 435, 70, 2.85%, 14, 0, 4, 180.82
1629546540, 0, 335, 520, 434, 69, 2.85%, 14, 0, 4, 172.20
1629546601, 0, 335, 521, 435, 69, 2.85%, 14, 0, 4, 163.05
1629548481, 0, 336, 521, 434, 69, 2.85%, 14, 0, 4, 211.81
1629548664, 0, 336, 522, 435, 69, 2.85%, 14, 0, 4, 196.61
1629549332, 0, 337, 522, 434, 69, 2.85%, 14, 0, 4, 231.50
1629550170, 0, 338, 522, 433, 68, 2.85%, 14, 0, 4, 207.68
1629550461, 0, 338, 523, 434, 68, 2.85%, 14, 0, 4, 180.40
1629551119, 0, 340, 523, 433, 67, 2.85%, 14, 0, 4, 258.43
1629551159, 0, 340, 524, 434, 67, 2.85%, 14, 0, 4, 159.51
1629552367, 0, 340, 525, 435, 67, 2.85%, 14, 0, 4, 292.25
1629552372, 0, 343, 525, 434, 67, 2.85%, 14, 0, 4, 219.66
1629552439, 0, 343, 526, 435, 67, 2.85%, 14, 0, 4, 137.51
1629552623, 0, 343, 527, 436, 67, 2.85%, 14, 0, 4, 140.51
1629552725, 0, 343, 528, 437, 67, 2.85%, 14, 0, 4, 148.08
1629552735, 0, 343, 530, 439, 67, 2.86%, 14, 0, 4, 133.88
1629552740, 0, 343, 531, 440, 67, 2.86%, 14, 0, 4, 133.60
1629553459, 0, 345, 531, 439, 68, 2.86%, 14, 0, 4, 220.02
1629553489, 0, 345, 532, 440, 68, 2.86%, 14, 0, 4, 169.87
1629553631, 0, 345, 533, 441, 68, 2.86%, 14, 0, 4, 136.39
1629553738, 0, 345, 534, 442, 68, 2.86%, 14, 0, 4, 117.84
1629554619, 0, 345, 535, 443, 68, 2.86%, 14, 0, 4, 116.42
1629554695, 0, 347, 536, 443, 69, 2.86%, 14, 0, 4, 200.60
1629555056, 0, 347, 537, 444, 69, 2.86%, 14, 0, 4, 133.55
1629555776, 0, 355, 537, 443, 69, 2.86%, 14, 0, 4, 236.90
1629556394, 0, 364, 537, 442, 68, 2.86%, 14, 0, 4, 290.37
1629556455, 0, 364, 538, 443, 68, 2.86%, 14, 0, 4, 204.39
1629556501, 0, 364, 539, 444, 68, 2.87%, 14, 0, 4, 312.38
1629556619, 0, 364, 540, 445, 68, 2.87%, 14, 0, 4, 215.76
1629557139, 0, 364, 541, 446, 68, 2.87%, 14, 0, 4, 198.09
1629557231, 0, 364, 542, 447, 68, 2.87%, 14, 0, 4, 288.82
1629557241, 0, 371, 542, 446, 68, 2.87%, 14, 0, 4, 227.69
1629557292, 0, 371, 543, 447, 68, 2.87%, 14, 0, 4, 195.62
1629557297, 0, 371, 544, 448, 68, 2.87%, 14, 0, 4, 199.98
1629557459, 0, 371, 545, 449, 68, 2.87%, 14, 0, 4, 201.42
1629557876, 0, 371, 546, 450, 68, 2.87%, 14, 0, 4, 204.29
1629558049, 0, 371, 547, 451, 68, 2.87%, 14, 0, 4, 197.68
1629558196, 0, 374, 547, 450, 69, 2.87%, 14, 0, 4, 226.31
1629558505, 0, 374, 548, 451, 69, 2.87%, 14, 0, 4, 210.03
1629558874, 0, 374, 549, 452, 69, 2.87%, 14, 0, 4, 196.02
1629559021, 0, 375, 549, 451, 68, 2.87%, 14, 0, 4, 194.09
1629561255, 0, 376, 549, 450, 67, 2.87%, 14, 0, 4, 208.56
1629561504, 0, 376, 552, 453, 67, 2.91%, 14, 0, 4, 186.75
1629562082, 0, 377, 552, 452, 68, 2.91%, 14, 0, 4, 271.16
1629562092, 0, 377, 553, 453, 68, 2.91%, 14, 0, 4, 170.32
1629563096, 0, 377, 554, 454, 68, 2.91%, 14, 0, 4, 282.25
1629563101, 0, 379, 554, 453, 68, 2.91%, 14, 0, 4, 222.59
1629563323, 0, 379, 555, 454, 68, 2.93%, 14, 0, 4, 434.37
1629563959, 0, 380, 555, 453, 68, 2.93%, 14, 0, 4, 217.24
1629564082, 0, 380, 556, 454, 68, 2.93%, 14, 0, 4, 190.10
1629564665, 0, 380, 557, 455, 68, 2.93%, 14, 0, 4, 158.89
1629564818, 0, 380, 558, 456, 68, 2.93%, 14, 0, 4, 275.46
1629564823, 0, 382, 558, 455, 66, 2.93%, 14, 0, 4, 237.87
1629565784, 0, 384, 558, 454, 65, 2.93%, 14, 0, 4, 165.89
1629566093, 0, 384, 558, 454, 65, 2.93%, 15, 0, 4, 176.30
1629566950, 0, 387, 558, 453, 64, 2.93%, 15, 0, 4, 242.11
1629568036, 0, 389, 558, 452, 63, 2.93%, 15, 0, 4, 249.77
1629570138, 0, 394, 558, 451, 62, 2.93%, 15, 0, 4, 285.95
1629570244, 0, 396, 558, 450, 61, 2.93%, 15, 0, 4, 401.72
1629570289, 0, 398, 558, 449, 60, 2.93%, 15, 0, 4, 368.54
1629570510, 0, 401, 558, 448, 59, 2.93%, 15, 0, 4, 304.95
1629570754, 0, 403, 558, 447, 58, 2.93%, 15, 0, 4, 274.82
1629571080, 0, 414, 558, 446, 57, 2.93%, 15, 0, 4, 236.71
1629571096, 0, 414, 559, 447, 57, 2.93%, 15, 0, 5, 204.77
1629571922, 0, 415, 559, 446, 56, 2.93%, 15, 0, 5, 261.25
1629572755, 0, 416, 559, 445, 55, 2.93%, 15, 0, 5, 301.15
1629572760, 0, 416, 560, 446, 55, 2.93%, 15, 0, 5, 218.20
1629572883, 0, 416, 561, 447, 55, 2.93%, 15, 0, 5, 205.36
1629573085, 0, 416, 562, 448, 55, 2.93%, 15, 0, 5, 205.18
1629573465, 0, 416, 563, 449, 55, 2.93%, 15, 0, 5, 196.84
1629573481, 0, 416, 565, 451, 55, 2.93%, 15, 0, 5, 196.11
1629573486, 0, 416, 566, 452, 55, 2.93%, 15, 0, 5, 194.73
1629573491, 0, 416, 567, 453, 55, 2.93%, 15, 0, 5, 197.77
1629573589, 0, 418, 567, 452, 55, 2.93%, 15, 0, 5, 254.14
1629573712, 0, 418, 568, 453, 55, 2.93%, 15, 0, 5, 208.99
1629573806, 0, 418, 569, 454, 55, 2.93%, 15, 0, 5, 208.58
1629574383, 0, 418, 570, 455, 55, 2.93%, 15, 0, 5, 195.82
1629574419, 0, 418, 571, 456, 55, 2.93%, 15, 0, 5, 320.94
1629574424, 0, 418, 572, 457, 55, 2.93%, 15, 0, 5, 334.68
1629574450, 0, 424, 572, 456, 54, 2.93%, 15, 0, 5, 302.50
1629574574, 0, 424, 573, 457, 54, 2.93%, 15, 0, 5, 289.34
1629574707, 0, 424, 574, 458, 54, 2.93%, 15, 0, 5, 181.63
1629574717, 0, 424, 575, 459, 54, 2.93%, 15, 0, 5, 191.51
1629574759, 0, 424, 576, 460, 54, 2.93%, 15, 0, 5, 188.97
1629575326, 0, 424, 577, 461, 54, 2.93%, 15, 0, 5, 305.40
1629575336, 0, 429, 577, 460, 54, 2.93%, 15, 0, 5, 238.07
1629576269, 0, 431, 577, 459, 53, 2.93%, 15, 0, 5, 286.70
1629577514, 0, 432, 577, 458, 52, 2.93%, 15, 0, 5, 201.34
1629578727, 0, 434, 577, 457, 51, 2.93%, 15, 0, 5, 171.10
1629580103, 0, 435, 577, 456, 50, 2.93%, 15, 0, 5, 252.21
1629581451, 0, 436, 577, 455, 49, 2.93%, 15, 0, 5, 218.19
1629581456, 0, 436, 577, 455, 49, 2.93%, 16, 0, 5, 196.48
1629581569, 0, 436, 577, 455, 49, 2.93%, 17, 0, 5, 208.30
1629581574, 0, 436, 577, 455, 49, 2.93%, 20, 0, 5, 234.78
1629582290, 0, 436, 577, 455, 49, 2.93%, 21, 0, 5, 270.52
1629582295, 0, 437, 577, 454, 48, 2.93%, 22, 0, 5, 265.80
1629582306, 0, 437, 577, 454, 48, 2.93%, 23, 0, 5, 161.55
1629583347, 0, 438, 577, 453, 47, 2.93%, 23, 0, 5, 223.80
1629584220, 0, 440, 577, 452, 46, 2.93%, 23, 0, 5, 286.45
1629585856, 0, 440, 578, 453, 46, 2.93%, 23, 0, 5, 265.17
1629585866, 0, 441, 578, 452, 45, 2.93%, 23, 0, 5, 225.96
1629585907, 0, 441, 579, 453, 45, 2.93%, 23, 0, 5, 199.83
1629586799, 0, 441, 580, 454, 45, 2.93%, 23, 0, 5, 318.88
1629586809, 0, 441, 581, 455, 45, 2.93%, 23, 0, 5, 339.20
1629586820, 0, 441, 582, 456, 45, 2.93%, 23, 0, 5, 335.27
1629586840, 0, 441, 583, 457, 45, 2.93%, 23, 0, 5, 336.91
1629586871, 0, 443, 583, 456, 44, 2.93%, 23, 0, 5, 285.30
1629587512, 0, 450, 583, 455, 43, 2.93%, 23, 0, 5, 285.57
1629587679, 0, 450, 584, 456, 43, 2.94%, 23, 0, 5, 95.89
1629587795, 0, 450, 585, 457, 43, 2.95%, 23, 0, 5, 69.93
1629588323, 0, 450, 586, 458, 43, 2.95%, 23, 0, 5, 66.15
1629589529, 0, 451, 586, 457, 45, 2.95%, 23, 0, 5, 225.11
1629590315, 0, 454, 586, 456, 44, 2.95%, 23, 0, 5, 181.08
1629591248, 0, 454, 587, 457, 44, 2.95%, 23, 0, 5, 66.81
1629592309, 0, 461, 587, 456, 43, 2.95%, 23, 0, 5, 207.18
1629594309, 0, 463, 587, 455, 42, 2.95%, 23, 0, 5, 253.35
1629594614, 0, 463, 588, 456, 42, 2.95%, 23, 0, 5, 75.63
1629594624, 0, 463, 589, 457, 42, 2.95%, 23, 0, 5, 78.80
1629594629, 0, 463, 591, 459, 42, 2.96%, 23, 0, 5, 80.13
1629595237, 0, 463, 592, 460, 42, 2.96%, 23, 0, 5, 66.76
1629596308, 0, 464, 592, 459, 44, 2.96%, 23, 0, 5, 191.99
1629598308, 0, 465, 592, 458, 43, 2.96%, 23, 0, 5, 155.91
1629600303, 0, 467, 592, 457, 42, 2.96%, 23, 0, 5, 166.92
1629600384, 0, 467, 593, 458, 42, 2.96%, 23, 0, 5, 69.63
1629602298, 0, 468, 593, 457, 42, 2.96%, 23, 0, 5, 160.18
1629604298, 0, 469, 593, 456, 41, 2.96%, 23, 0, 5, 123.58
1629606294, 0, 482, 593, 455, 40, 2.96%, 23, 0, 5, 135.98
1629607548, 0, 482, 594, 456, 40, 2.96%, 23, 0, 5, 67.10
1629608289, 0, 482, 595, 457, 40, 2.96%, 23, 0, 5, 238.23
1629608304, 0, 493, 595, 456, 39, 2.96%, 23, 0, 5, 135.02
1629608339, 0, 493, 596, 457, 39, 2.96%, 23, 0, 5, 80.42
1629608619, 0, 493, 597, 458, 39, 2.96%, 23, 0, 5, 81.32
1629610297, 0, 500, 597, 457, 39, 2.96%, 23, 0, 5, 203.74
