# unix_time, cycles_done, cur_path, paths_total, pending_total, pending_favs, map_size, unique_crashes, unique_hangs, max_depth, execs_per_sec
1629446892, 0, 0, 1, 1, 1, 1.22%, 0, 0, 1, 298.51
1629446897, 0, 0, 34, 34, 1, 1.62%, 0, 0, 2, 237.31
1629446902, 0, 0, 45, 45, 1, 1.63%, 0, 0, 2, 165.74
1629446912, 0, 0, 48, 48, 1, 1.63%, 0, 0, 2, 98.99
1629446917, 0, 0, 55, 55, 1, 1.64%, 0, 0, 2, 111.63
1629446922, 0, 0, 56, 56, 1, 1.64%, 0, 0, 2, 84.49
1629446927, 0, 0, 57, 57, 1, 1.64%, 0, 0, 2, 81.83
1629446932, 0, 0, 60, 60, 1, 1.65%, 0, 0, 2, 81.22
1629446937, 0, 0, 66, 66, 1, 1.65%, 0, 0, 2, 567.88
1629446943, 0, 0, 68, 68, 1, 1.65%, 0, 0, 2, 83.64
1629446948, 0, 0, 71, 71, 1, 1.65%, 0, 0, 2, 92.60
1629446953, 0, 0, 79, 79, 1, 1.66%, 0, 0, 2, 143.71
1629446968, 0, 0, 80, 80, 1, 1.66%, 0, 0, 2, 78.42
1629446999, 0, 0, 82, 82, 1, 1.67%, 0, 0, 2, 121.19
1629447004, 0, 0, 84, 84, 1, 1.67%, 0, 0, 2, 85.99
1629447009, 0, 0, 85, 85, 1, 1.67%, 0, 0, 2, 80.78
1629447019, 0, 0, 86, 86, 1, 1.67%, 0, 0, 2, 76.65
1629447024, 0, 0, 87, 87, 1, 1.67%, 0, 0, 2, 77.50
1629447059, 0, 0, 96, 96, 1, 1.67%, 0, 0, 2, 115.97
1629447065, 0, 0, 97, 97, 1, 1.67%, 0, 0, 2, 100.74
1629447075, 0, 0, 98, 98, 1, 1.67%, 0, 0, 2, 196.25
1629447095, 0, 0, 99, 99, 1, 1.67%, 0, 0, 2, 178.26
1629447131, 0, 0, 106, 106, 1, 1.70%, 0, 0, 2, 531.01
1629447136, 0, 0, 121, 121, 1, 1.72%, 0, 0, 2, 132.05
1629447141, 0, 0, 123, 123, 1, 1.73%, 0, 0, 2, 176.08
1629447147, 0, 0, 125, 125, 1, 1.75%, 0, 0, 2, 268.08
1629447152, 0, 0, 126, 126, 1, 1.75%, 0, 0, 2, 273.44
1629447157, 0, 0, 127, 127, 1, 1.75%, 0, 0, 2, 232.19
1629447162, 0, 0, 131, 131, 1, 1.82%, 0, 0, 2, 127.60
1629447177, 0, 0, 132, 132, 1, 1.82%, 0, 0, 2, 79.94
1629447193, 0, 0, 133, 133, 1, 1.84%, 0, 0, 2, 79.67
1629447289, 0, 0, 135, 135, 1, 1.85%, 0, 0, 2, 206.88
1629447294, 0, 0, 136, 136, 1, 1.85%, 0, 0, 2, 114.80
1629447329, 0, 0, 138, 138, 1, 1.86%, 0, 0, 2, 76.96
1629447339, 0, 0, 139, 139, 1, 1.86%, 0, 0, 2, 77.98
1629447375, 0, 0, 140, 140, 1, 1.87%, 0, 0, 2, 80.59
1629447400, 0, 0, 141, 141, 1, 1.88%, 0, 0, 2, 84.84
1629447420, 0, 0, 142, 142, 1, 1.88%, 0, 0, 2, 564.29
1629447431, 0, 0, 150, 150, 1, 2.01%, 0, 0, 2, 187.44
1629447441, 0, 0, 151, 151, 1, 2.02%, 0, 0, 2, 100.85
1629447446, 0, 0, 152, 152, 1, 2.02%, 0, 0, 2, 96.59
1629447451, 0, 0, 154, 154, 1, 2.02%, 0, 0, 2, 90.13
1629447456, 0, 0, 155, 155, 1, 2.02%, 0, 0, 2, 98.77
1629447522, 0, 0, 156, 156, 1, 2.05%, 0, 0, 2, 98.01
1629447563, 0, 0, 159, 159, 1, 2.14%, 0, 0, 2, 172.87
1629447583, 0, 0, 160, 160, 1, 2.14%, 0, 0, 2, 224.63
1629447588, 0, 0, 162, 162, 1, 2.14%, 0, 0, 2, 228.23
1629447593, 0, 0, 163, 163, 1, 2.14%, 0, 0, 2, 232.65
1629447604, 0, 0, 164, 164, 1, 2.14%, 0, 0, 2, 104.67
1629447619, 0, 0, 166, 166, 1, 2.14%, 0, 0, 2, 76.87
1629448234, 0, 0, 167, 167, 1, 2.14%, 0, 0, 2, 139.89
1629448239, 0, 0, 168, 168, 1, 2.14%, 0, 0, 2, 192.18
1629448274, 0, 0, 170, 170, 1, 2.14%, 0, 0, 2, 75.17
1629448819, 0, 0, 172, 172, 1, 2.14%, 0, 0, 2, 76.83
1629448824, 0, 0, 175, 175, 1, 2.15%, 0, 0, 2, 76.32
1629448981, 0, 0, 177, 177, 1, 2.15%, 0, 0, 2, 98.38
1629448987, 0, 0, 178, 178, 1, 2.16%, 0, 0, 2, 90.90
1629448992, 0, 0, 188, 188, 1, 2.17%, 0, 0, 2, 136.04
1629448997, 0, 0, 206, 206, 1, 2.18%, 0, 0, 2, 214.96
1629449002, 0, 0, 213, 213, 1, 2.19%, 0, 0, 2, 235.48
1629449007, 0, 0, 218, 218, 1, 2.19%, 0, 0, 2, 251.59
1629449012, 0, 0, 221, 221, 1, 2.19%, 0, 0, 2, 258.51
1629449017, 0, 0, 226, 226, 1, 2.19%, 0, 0, 2, 260.47
1629449022, 0, 0, 233, 233, 1, 2.19%, 0, 0, 2, 248.89
1629449027, 0, 0, 240, 240, 1, 2.19%, 0, 0, 2, 257.39
1629449032, 0, 0, 244, 244, 1, 2.19%, 0, 0, 2, 253.06
1629449038, 0, 0, 246, 246, 1, 2.19%, 0, 0, 2, 245.89
1629449043, 0, 0, 247, 247, 1, 2.19%, 0, 0, 2, 264.49
1629449048, 0, 0, 251, 251, 1, 2.19%, 0, 0, 2, 239.09
1629449053, 0, 0, 253, 253, 1, 2.19%, 0, 0, 2, 257.46
1629449058, 0, 0, 255, 255, 1, 2.19%, 0, 0, 2, 249.47
1629449063, 0, 0, 256, 256, 1, 2.19%, 0, 0, 2, 248.36
1629449068, 0, 0, 257, 257, 1, 2.19%, 0, 0, 2, 252.87
1629449073, 0, 0, 258, 258, 1, 2.19%, 0, 0, 2, 254.05
1629449078, 0, 0, 259, 259, 1, 2.19%, 0, 0, 2, 254.20
1629449084, 0, 0, 260, 260, 1, 2.19%, 0, 0, 2, 263.03
1629449089, 0, 0, 263, 263, 1, 2.19%, 0, 0, 2, 257.24
1629449094, 0, 0, 266, 266, 1, 2.19%, 0, 0, 2, 248.40
1629449104, 0, 0, 268, 268, 1, 2.19%, 0, 0, 2, 257.33
1629449109, 0, 0, 273, 273, 1, 2.20%, 0, 0, 2, 256.70
1629449119, 0, 0, 275, 275, 1, 2.20%, 0, 0, 2, 251.79
1629449124, 0, 2, 276, 275, 73, 2.20%, 0, 0, 2, 285.25
1629449247, 0, 2, 277, 276, 73, 2.20%, 0, 0, 3, 307.46
1629449596, 0, 4, 277, 275, 72, 2.20%, 0, 0, 3, 364.09
1629449787, 0, 4, 278, 276, 72, 2.20%, 0, 0, 3, 208.09
1629450332, 0, 4, 279, 277, 72, 2.20%, 0, 0, 3, 203.97
1629450337, 0, 4, 282, 280, 72, 2.20%, 0, 0, 3, 201.72
1629450394, 0, 4, 284, 282, 72, 2.20%, 0, 0, 3, 293.27
1629450399, 0, 4, 287, 285, 72, 2.20%, 0, 0, 3, 332.60
1629450404, 0, 4, 288, 286, 72, 2.20%, 0, 0, 3, 343.87
1629450409, 0, 4, 290, 288, 72, 2.20%, 0, 0, 3, 338.98
1629450414, 0, 4, 291, 289, 72, 2.20%, 0, 0, 3, 341.94
1629450425, 0, 4, 292, 290, 72, 2.20%, 0, 0, 3, 342.11
1629450430, 0, 4, 293, 291, 72, 2.20%, 0, 0, 3, 340.28
1629450435, 0, 4, 294, 292, 72, 2.20%, 0, 0, 3, 338.58
1629450440, 0, 4, 297, 295, 72, 2.20%, 0, 0, 3, 333.42
1629450450, 0, 4, 298, 296, 72, 2.20%, 0, 0, 3, 342.94
1629450461, 0, 4, 299, 297, 72, 2.20%, 0, 0, 3, 347.19
1629450487, 0, 4, 300, 298, 72, 2.20%, 0, 0, 3, 333.54
1629450492, 0, 7, 300, 297, 73, 2.20%, 0, 0, 3, 235.57
1629450722, 0, 7, 301, 298, 73, 2.20%, 0, 0, 3, 221.59
1629450733, 0, 7, 303, 300, 73, 2.21%, 0, 0, 3, 187.42
1629451294, 0, 10, 303, 299, 74, 2.21%, 0, 0, 3, 306.32
1629451522, 0, 10, 304, 300, 74, 2.23%, 0, 0, 3, 184.06
1629452206, 0, 10, 306, 302, 74, 2.23%, 0, 0, 3, 308.73
1629452211, 0, 10, 307, 303, 74, 2.24%, 0, 0, 3, 325.83
1629452221, 0, 10, 308, 304, 74, 2.24%, 0, 0, 3, 327.97
1629452226, 0, 10, 309, 305, 74, 2.24%, 0, 0, 3, 330.80
1629452232, 0, 10, 310, 306, 74, 2.24%, 0, 0, 3, 327.79
1629452237, 0, 10, 311, 307, 74, 2.24%, 0, 0, 3, 331.94
1629452247, 0, 10, 312, 308, 74, 2.24%, 0, 0, 3, 333.98
1629452257, 0, 15, 312, 307, 74, 2.24%, 0, 0, 3, 311.07
1629452961, 0, 16, 312, 306, 73, 2.24%, 0, 0, 3, 285.05
1629453671, 0, 19, 312, 305, 72, 2.24%, 0, 0, 3, 299.48
1629454381, 0, 20, 312, 304, 71, 2.24%, 0, 0, 3, 256.54
1629455086, 0, 21, 312, 303, 70, 2.24%, 0, 0, 3, 317.82
1629455792, 0, 22, 312, 302, 70, 2.24%, 0, 0, 3, 238.86
1629455807, 0, 22, 313, 303, 70, 2.24%, 0, 0, 3, 207.77
1629456597, 0, 22, 314, 304, 70, 2.24%, 0, 0, 3, 302.99
1629456607, 0, 22, 315, 305, 70, 2.24%, 0, 0, 3, 337.16
1629456617, 0, 23, 315, 304, 68, 2.24%, 0, 0, 3, 325.65
1629457034, 0, 23, 316, 305, 68, 2.24%, 0, 0, 3, 87.95
1629457059, 0, 23, 317, 306, 68, 2.24%, 0, 0, 3, 117.19
1629458368, 0, 24, 317, 305, 69, 2.24%, 0, 0, 3, 240.40
1629459076, 0, 31, 317, 304, 68, 2.24%, 0, 0, 3, 304.23
1629459310, 0, 31, 318, 305, 68, 2.24%, 0, 0, 3, 211.01
1629459874, 0, 31, 319, 306, 68, 2.24%, 0, 0, 3, 322.93
1629459879, 0, 31, 322, 309, 68, 2.24%, 0, 0, 3, 339.49
1629459884, 0, 31, 323, 310, 68, 2.24%, 0, 0, 3, 343.34
1629459894, 0, 31, 324, 311, 68, 2.25%, 0, 0, 3, 346.47
1629459899, 0, 31, 325, 312, 68, 2.25%, 0, 0, 3, 348.89
1629459915, 0, 31, 326, 313, 68, 2.25%, 0, 0, 3, 343.00
1629459940, 0, 37, 327, 313, 63, 2.25%, 0, 0, 3, 279.82
1629460377, 0, 37, 328, 314, 63, 2.25%, 0, 0, 3, 158.03
1629461685, 0, 41, 328, 313, 62, 2.25%, 0, 0, 3, 235.53
1629461940, 0, 41, 329, 314, 62, 2.25%, 0, 0, 3, 270.55
1629463785, 0, 41, 330, 315, 62, 2.25%, 0, 0, 3, 193.72
1629463796, 0, 47, 330, 314, 60, 2.25%, 0, 0, 3, 128.63
1629465935, 0, 51, 330, 313, 60, 2.25%, 0, 0, 3, 217.20
1629466032, 0, 51, 331, 314, 60, 2.25%, 0, 0, 3, 223.76
1629466654, 0, 71, 331, 313, 60, 2.25%, 0, 0, 3, 295.94
1629467365, 0, 73, 331, 312, 59, 2.25%, 0, 0, 3, 283.37
1629468062, 0, 77, 331, 311, 58, 2.25%, 0, 0, 3, 242.31
1629468671, 0, 77, 336, 316, 58, 2.33%, 0, 0, 3, 135.46
1629468676, 0, 77, 339, 319, 58, 2.34%, 0, 0, 3, 88.08
1629469843, 0, 78, 339, 318, 64, 2.34%, 0, 0, 3, 178.08
1629469955, 0, 78, 340, 319, 64, 2.34%, 0, 0, 3, 78.25
1629470057, 0, 78, 341, 320, 64, 2.37%, 0, 0, 3, 269.23
1629470453, 0, 78, 342, 321, 64, 2.38%, 0, 0, 3, 108.10
1629471628, 0, 81, 342, 320, 66, 2.38%, 0, 0, 3, 207.17
1629472447, 0, 81, 343, 321, 66, 2.38%, 0, 0, 3, 264.27
1629472452, 0, 100, 343, 320, 65, 2.38%, 0, 0, 3, 299.88
1629473266, 0, 104, 343, 319, 64, 2.38%, 0, 0, 3, 311.68
1629473377, 0, 110, 345, 320, 63, 2.38%, 0, 0, 3, 338.63
1629473498, 0, 110, 346, 321, 63, 2.39%, 0, 0, 3, 317.12
1629473615, 0, 110, 350, 325, 63, 2.39%, 0, 0, 3, 230.55
1629474217, 0, 116, 350, 324, 66, 2.39%, 0, 0, 3, 244.50
1629474445, 0, 116, 351, 325, 66, 2.40%, 0, 0, 3, 433.50
1629475061, 0, 124, 351, 324, 65, 2.40%, 0, 0, 3, 266.49
1629475066, 0, 124, 352, 325, 65, 2.40%, 0, 0, 3, 196.05
1629475987, 0, 127, 352, 324, 64, 2.40%, 0, 0, 3, 243.06
1629475992, 0, 127, 353, 325, 64, 2.41%, 0, 0, 3, 197.52
1629476658, 0, 127, 354, 326, 64, 2.41%, 0, 0, 3, 200.30
1629476919, 0, 128, 354, 325, 64, 2.41%, 0, 0, 3, 201.91
1629476950, 0, 128, 355, 326, 64, 2.41%, 0, 0, 3, 89.88
1629476990, 0, 128, 356, 327, 64, 2.41%, 0, 0, 3, 78.18
1629477016, 0, 128, 358, 329, 64, 2.42%, 0, 0, 3, 122.83
1629477173, 0, 128, 362, 333, 64, 2.42%, 0, 0, 3, 84.05
1629477178, 0, 128, 363, 334, 64, 2.42%, 0, 0, 3, 82.96
1629477193, 0, 128, 366, 337, 64, 2.42%, 0, 0, 3, 82.80
1629477224, 0, 128, 367, 338, 64, 2.42%, 0, 0, 3, 109.80
1629477640, 0, 128, 368, 339, 64, 2.42%, 0, 0, 3, 75.49
1629477772, 0, 128, 369, 340, 64, 2.43%, 0, 0, 3, 78.97
1629477782, 0, 128, 371, 342, 64, 2.43%, 0, 0, 3, 76.40
1629478035, 0, 128, 372, 343, 64, 2.43%, 0, 0, 3, 184.72
1629478648, 0, 128, 373, 344, 64, 2.43%, 0, 0, 3, 86.97
1629478699, 0, 128, 377, 348, 64, 2.43%, 0, 0, 3, 242.53
1629478704, 0, 128, 379, 350, 64, 2.43%, 0, 0, 3, 267.03
1629478725, 0, 128, 381, 352, 64, 2.43%, 0, 0, 3, 265.81
1629478740, 0, 128, 382, 353, 64, 2.43%, 0, 0, 3, 263.71
1629478771, 0, 128, 383, 354, 64, 2.43%, 0, 0, 3, 263.29
1629478791, 0, 131, 383, 353, 70, 2.43%, 0, 0, 3, 136.53
1629480567, 0, 134, 383, 352, 69, 2.43%, 0, 0, 3, 222.21
1629480572, 0, 134, 384, 353, 69, 2.43%, 0, 0, 3, 215.08
1629481090, 0, 134, 385, 354, 69, 2.43%, 0, 0, 3, 199.35
1629481419, 0, 136, 385, 353, 69, 2.43%, 0, 0, 3, 166.21
1629481429, 0, 136, 386, 354, 69, 2.43%, 0, 0, 3, 99.68
1629481841, 0, 136, 387, 355, 69, 2.43%, 0, 0, 3, 224.55
1629481866, 0, 136, 388, 356, 69, 2.43%, 0, 0, 3, 94.48
1629483172, 0, 137, 388, 355, 70, 2.43%, 0, 0, 3, 171.50
1629483776, 0, 137, 389, 356, 70, 2.43%, 0, 0, 3, 109.50
1629484582, 0, 137, 390, 357, 70, 2.44%, 0, 0, 3, 78.63
1629484952, 0, 139, 390, 356, 71, 2.44%, 0, 0, 3, 210.90
1629485160, 0, 139, 391, 357, 71, 2.44%, 0, 0, 3, 202.79
1629486056, 0, 139, 392, 358, 71, 2.44%, 0, 0, 3, 293.19
1629486061, 0, 140, 392, 357, 70, 2.44%, 0, 0, 3, 151.27
1629487752, 0, 140, 392, 357, 70, 2.44%, 1, 0, 3, 75.92
1629487757, 0, 140, 393, 358, 70, 2.44%, 1, 0, 3, 76.04
1629487762, 0, 140, 393, 358, 70, 2.44%, 5, 0, 3, 154.31
1629487777, 0, 140, 393, 358, 70, 2.44%, 6, 0, 3, 82.32
1629487869, 0, 141, 393, 357, 70, 2.44%, 6, 0, 3, 221.60
1629488706, 0, 141, 394, 358, 70, 2.44%, 6, 0, 3, 282.25
1629488711, 0, 143, 394, 357, 69, 2.44%, 6, 0, 3, 273.06
1629489869, 0, 143, 395, 358, 69, 2.44%, 6, 0, 3, 287.97
1629489874, 0, 145, 395, 357, 68, 2.44%, 6, 0, 3, 281.27
1629490731, 0, 157, 395, 356, 67, 2.44%, 6, 0, 3, 231.55
1629490854, 0, 157, 396, 357, 67, 2.44%, 6, 0, 3, 243.32
1629491068, 0, 157, 397, 358, 67, 2.45%, 6, 0, 3, 179.75
1629491079, 0, 157, 398, 359, 67, 2.45%, 6, 0, 3, 193.58
1629491689, 0, 158, 399, 359, 67, 2.45%, 6, 0, 3, 170.88
1629491822, 0, 158, 399, 359, 67, 2.45%, 7, 0, 3, 237.24
1629491981, 0, 158, 403, 363, 67, 2.49%, 8, 0, 3, 173.70
1629491986, 0, 158, 407, 367, 67, 2.62%, 9, 0, 3, 153.66
1629492042, 0, 158, 408, 368, 67, 2.62%, 9, 0, 3, 144.78
1629492073, 0, 158, 409, 369, 67, 2.63%, 9, 0, 3, 139.92
1629492818, 0, 172, 409, 368, 74, 2.63%, 9, 0, 3, 188.22
1629492976, 0, 172, 410, 369, 74, 2.63%, 9, 0, 3, 76.40
1629493318, 0, 172, 411, 370, 74, 2.63%, 9, 0, 3, 78.21
1629494788, 0, 172, 412, 371, 74, 2.63%, 9, 0, 3, 76.53
1629495011, 0, 172, 414, 373, 74, 2.63%, 9, 0, 3, 233.68
1629495021, 0, 174, 414, 372, 75, 2.63%, 9, 0, 3, 148.55
1629495447, 0, 174, 415, 373, 75, 2.64%, 9, 0, 3, 77.14
1629497143, 0, 194, 415, 372, 75, 2.64%, 9, 0, 3, 289.73
1629497375, 0, 203, 415, 371, 74, 2.64%, 9, 0, 3, 249.45
1629497688, 0, 203, 416, 372, 74, 2.64%, 9, 0, 3, 177.46
1629497750, 0, 203, 417, 373, 74, 2.64%, 9, 0, 3, 189.36
1629498326, 0, 224, 417, 372, 74, 2.64%, 9, 0, 3, 257.10
1629498701, 0, 226, 417, 371, 73, 2.64%, 9, 0, 3, 296.58
1629500532, 0, 226, 419, 373, 73, 2.64%, 9, 0, 3, 229.55
1629500537, 0, 226, 421, 375, 73, 2.64%, 9, 0, 3, 253.84
1629500542, 0, 226, 422, 376, 73, 2.64%, 9, 0, 3, 274.41
1629500578, 0, 226, 423, 377, 73, 2.64%, 9, 0, 3, 260.84
1629500598, 0, 254, 423, 376, 72, 2.64%, 9, 0, 3, 301.46
1629500613, 0, 254, 424, 377, 72, 2.64%, 9, 0, 3, 351.85
1629500869, 0, 265, 424, 376, 72, 2.64%, 9, 0, 3, 382.70
1629500930, 0, 265, 426, 378, 72, 2.64%, 9, 0, 3, 332.00
1629500940, 0, 265, 428, 380, 72, 2.64%, 9, 0, 3, 327.93
1629500945, 0, 265, 429, 381, 72, 2.64%, 9, 0, 3, 331.33
1629501058, 0, 265, 430, 382, 72, 2.64%, 9, 0, 3, 323.01
1629501237, 0, 265, 433, 385, 72, 2.64%, 9, 0, 3, 387.85
1629501252, 0, 265, 435, 387, 72, 2.64%, 9, 0, 3, 422.02
1629501287, 0, 265, 436, 388, 72, 2.64%, 9, 0, 3, 415.40
1629501292, 0, 268, 436, 387, 72, 2.64%, 9, 0, 3, 403.95
1629501298, 0, 268, 437, 388, 72, 2.64%, 9, 0, 3, 377.58
1629501430, 0, 271, 438, 388, 71, 2.64%, 9, 0, 3, 410.99
1629502262, 0, 277, 438, 387, 70, 2.64%, 9, 0, 3, 223.35
1629503091, 0, 277, 439, 388, 70, 2.64%, 9, 0, 4, 281.99
1629503096, 0, 278, 440, 388, 70, 2.64%, 9, 0, 4, 277.22
1629504026, 0, 281, 441, 388, 70, 2.64%, 9, 0, 4, 317.37
1629504282, 0, 281, 442, 389, 70, 2.64%, 9, 0, 4, 193.94
1629504970, 0, 281, 443, 390, 70, 2.64%, 9, 0, 4, 177.15
1629505108, 0, 282, 443, 389, 70, 2.64%, 9, 0, 4, 238.75
1629505124, 0, 282, 444, 390, 70, 2.64%, 9, 0, 4, 207.99
1629505354, 0, 282, 445, 391, 70, 2.64%, 9, 0, 4, 204.83
1629505936, 0, 282, 446, 392, 70, 2.64%, 9, 0, 4, 202.61
1629505946, 0, 286, 446, 391, 70, 2.64%, 9, 0, 4, 328.63
1629506189, 0, 290, 448, 392, 69, 2.65%, 9, 0, 4, 256.44
1629507042, 0, 301, 448, 391, 70, 2.65%, 9, 0, 4, 261.04
1629508862, 0, 302, 449, 391, 69, 2.65%, 9, 0, 4, 197.70
1629508974, 0, 302, 450, 392, 69, 2.65%, 9, 0, 4, 214.56
1629509187, 0, 302, 451, 393, 69, 2.65%, 9, 0, 4, 177.86
1629509704, 0, 306, 451, 392, 69, 2.65%, 9, 0, 4, 238.37
1629510500, 0, 313, 451, 391, 68, 2.65%, 9, 0, 4, 253.42
1629510531, 0, 313, 452, 392, 68, 2.65%, 9, 0, 4, 203.83
1629511296, 0, 313, 454, 394, 68, 2.65%, 9, 0, 4, 283.53
1629511306, 0, 314, 454, 393, 67, 2.65%, 9, 0, 4, 328.45
1629511311, 0, 314, 457, 396, 67, 2.65%, 9, 0, 4, 228.39
1629511337, 0, 314, 460, 399, 67, 2.65%, 9, 0, 4, 221.50
1629512183, 0, 314, 461, 400, 67, 2.65%, 9, 0, 4, 329.02
1629512188, 0, 314, 462, 401, 67, 2.65%, 9, 0, 4, 338.47
1629512198, 0, 315, 462, 400, 66, 2.65%, 9, 0, 4, 261.25
1629512208, 0, 315, 463, 401, 66, 2.65%, 9, 0, 4, 197.34
1629513020, 0, 315, 464, 402, 66, 2.65%, 9, 0, 4, 210.09
1629513071, 0, 316, 464, 401, 66, 2.65%, 9, 0, 4, 233.64
1629514009, 0, 319, 464, 400, 65, 2.65%, 9, 0, 4, 270.34
1629514673, 0, 322, 464, 399, 64, 2.65%, 9, 0, 4, 311.80
1629514744, 0, 322, 465, 400, 64, 2.65%, 9, 0, 4, 398.26
1629514749, 0, 323, 465, 399, 63, 2.65%, 9, 0, 4, 276.64
1629515069, 0, 323, 466, 400, 63, 2.65%, 9, 0, 4, 213.62
1629515155, 0, 326, 466, 399, 62, 2.65%, 9, 0, 4, 226.61
1629515481, 0, 326, 467, 400, 62, 2.68%, 9, 0, 4, 166.41
1629516044, 0, 329, 467, 399, 62, 2.68%, 9, 0, 4, 259.85
1629516988, 0, 329, 468, 400, 62, 2.68%, 9, 0, 4, 323.64
1629516993, 0, 331, 468, 399, 61, 2.68%, 9, 0, 4, 158.89
1629517217, 0, 331, 469, 400, 61, 2.69%, 9, 0, 4, 182.04
1629517658, 0, 331, 470, 401, 61, 2.70%, 9, 0, 4, 75.14
1629518808, 0, 331, 472, 403, 61, 2.70%, 9, 0, 4, 232.39
1629518819, 0, 332, 473, 403, 63, 2.70%, 9, 0, 4, 218.34
1629519660, 0, 333, 473, 402, 62, 2.70%, 9, 0, 4, 174.31
1629521448, 0, 333, 474, 403, 62, 2.70%, 9, 0, 4, 185.37
1629521453, 0, 334, 474, 402, 61, 2.70%, 9, 0, 4, 195.44
1629521458, 0, 334, 482, 410, 61, 2.71%, 9, 0, 4, 108.03
1629521529, 0, 334, 488, 416, 61, 2.73%, 9, 0, 4, 75.94
1629521600, 0, 334, 489, 417, 61, 2.73%, 9, 0, 4, 119.39
1629521707, 0, 334, 497, 425, 61, 2.73%, 9, 0, 4, 77.41
1629521712, 0, 334, 501, 429, 61, 2.74%, 9, 0, 4, 79.93
1629521723, 0, 334, 502, 430, 61, 2.74%, 9, 0, 4, 81.67
1629521728, 0, 334, 505, 433, 61, 2.75%, 9, 0, 4, 82.17
1629521733, 0, 334, 507, 435, 61, 2.75%, 9, 0, 4, 82.31
1629521738, 0, 334, 511, 439, 61, 2.76%, 9, 0, 4, 83.23
1629521743, 0, 334, 513, 441, 61, 2.76%, 9, 0, 4, 84.49
1629521748, 0, 334, 516, 444, 61, 2.76%, 9, 0, 4, 88.93
1629522032, 0, 334, 517, 445, 61, 2.76%, 9, 0, 4, 172.85
1629522179, 0, 334, 518, 446, 61, 2.76%, 9, 0, 4, 77.16
1629522240, 0, 334, 519, 447, 61, 2.76%, 9, 0, 4, 76.03
1629522250, 0, 334, 520, 448, 61, 2.76%, 9, 0, 4, 75.69
1629522270, 0, 334, 521, 449, 61, 2.76%, 9, 0, 4, 76.31
1629522295, 0, 334, 522, 450, 61, 2.76%, 9, 0, 4, 76.90
1629523271, 0, 335, 523, 450, 75, 2.76%, 9, 0, 4, 211.40
1629525107, 0, 336, 524, 450, 75, 2.76%, 9, 0, 4, 226.15
1629526928, 0, 337, 524, 449, 74, 2.76%, 9, 0, 4, 197.24
1629526933, 0, 337, 525, 450, 74, 2.76%, 9, 0, 4, 116.31
1629527263, 0, 337, 526, 451, 74, 2.76%, 9, 0, 4, 80.32
1629527872, 0, 337, 527, 452, 74, 2.76%, 9, 0, 4, 76.93
1629527877, 0, 337, 528, 453, 74, 2.77%, 9, 0, 4, 75.17
1629527933, 0, 337, 529, 454, 74, 2.77%, 9, 0, 4, 77.48
1629529000, 0, 337, 530, 455, 74, 2.77%, 9, 0, 4, 219.02
1629529005, 0, 338, 530, 454, 75, 2.77%, 9, 0, 4, 210.69
1629529010, 0, 338, 532, 456, 75, 2.77%, 9, 0, 4, 113.84
1629529249, 0, 338, 533, 457, 75, 2.77%, 9, 0, 4, 268.45
1629531109, 0, 338, 535, 459, 75, 2.77%, 9, 0, 4, 231.25
1629531124, 0, 339, 535, 458, 75, 2.77%, 9, 0, 4, 137.67
1629532940, 0, 340, 535, 457, 74, 2.77%, 9, 0, 4, 139.99
1629534442, 0, 341, 535, 456, 73, 2.77%, 9, 0, 4, 182.38
1629535480, 0, 343, 535, 455, 72, 2.77%, 9, 0, 4, 220.20
1629536341, 0, 344, 535, 454, 71, 2.77%, 9, 0, 4, 262.97
1629537286, 0, 345, 535, 453, 70, 2.77%, 9, 0, 4, 184.59
1629537595, 0, 345, 538, 456, 70, 2.81%, 11, 0, 4, 158.16
1629538210, 0, 350, 538, 455, 72, 2.81%, 11, 0, 4, 243.05
1629539059, 0, 352, 538, 454, 71, 2.81%, 11, 0, 4, 291.97
1629540001, 0, 357, 538, 453, 70, 2.81%, 11, 0, 4, 234.94
1629540042, 0, 357, 539, 454, 70, 2.81%, 11, 0, 4, 206.74
1629540169, 0, 357, 541, 456, 70, 2.81%, 11, 0, 4, 201.84
1629540423, 0, 357, 542, 457, 70, 2.81%, 11, 0, 4, 198.75
1629540515, 0, 357, 543, 458, 70, 2.81%, 11, 0, 4, 201.18
1629540804, 0, 361, 543, 457, 70, 2.81%, 11, 0, 4, 260.97
1629540936, 0, 361, 544, 458, 70, 2.81%, 11, 0, 4, 201.42
1629541189, 0, 361, 545, 459, 70, 2.81%, 11, 0, 4, 204.16
1629541583, 0, 365, 545, 458, 70, 2.81%, 11, 0, 4, 229.93
1629541593, 0, 365, 546, 459, 70, 2.81%, 11, 0, 4, 213.78
1629541618, 0, 365, 547, 460, 70, 2.81%, 11, 0, 4, 204.27
1629541623, 0, 365, 548, 461, 70, 2.81%, 11, 0, 4, 202.52
1629541948, 0, 365, 549, 462, 70, 2.81%, 11, 0, 4, 199.25
1629542360, 0, 365, 550, 463, 70, 2.81%, 11, 0, 4, 328.35
1629542365, 0, 370, 550, 462, 69, 2.81%, 11, 0, 4, 279.85
1629542405, 0, 370, 551, 463, 69, 2.81%, 11, 0, 4, 79.43
1629544473, 0, 373, 551, 462, 69, 2.81%, 11, 0, 4, 199.50
1629546245, 0, 377, 551, 461, 68, 2.81%, 11, 0, 4, 199.07
1629547453, 0, 377, 552, 462, 68, 2.81%, 11, 0, 4, 297.33
1629547458, 0, 380, 552, 461, 67, 2.81%, 11, 0, 4, 271.54
1629547774, 0, 380, 553, 462, 67, 2.81%, 11, 0, 4, 305.28
1629547779, 0, 380, 554, 463, 67, 2.81%, 11, 0, 4, 375.97
1629547784, 0, 383, 554, 462, 66, 2.81%, 11, 0, 4, 389.82
1629548641, 0, 383, 555, 463, 66, 2.81%, 11, 0, 4, 310.03
1629548646, 0, 385, 555, 462, 65, 2.81%, 11, 0, 4, 328.56
1629549478, 0, 386, 555, 461, 64, 2.81%, 11, 0, 4, 197.92
1629549729, 0, 386, 556, 462, 64, 2.84%, 11, 0, 4, 424.91
1629550468, 0, 387, 556, 461, 64, 2.84%, 11, 0, 4, 141.51
1629550529, 0, 387, 557, 462, 64, 2.84%, 11, 0, 4, 78.85
1629550691, 0, 387, 560, 465, 64, 2.86%, 11, 0, 4, 139.08
1629550696, 0, 387, 562, 467, 64, 2.86%, 11, 0, 4, 160.61
1629550717, 0, 387, 563, 468, 64, 2.86%, 11, 0, 4, 148.39
1629552226, 0, 389, 563, 467, 65, 2.86%, 11, 0, 4, 130.48
1629552700, 0, 389, 563, 467, 65, 2.86%, 12, 0, 4, 80.80
1629554311, 0, 392, 563, 466, 64, 2.86%, 12, 0, 4, 166.44
1629556342, 0, 392, 564, 467, 64, 2.86%, 13, 0, 4, 246.71
1629556347, 0, 395, 564, 466, 63, 2.86%, 13, 0, 4, 216.13
1629556469, 0, 395, 565, 467, 63, 2.86%, 13, 0, 4, 241.74
1629557316, 0, 396, 567, 468, 62, 2.87%, 13, 0, 4, 173.08
1629557377, 0, 396, 568, 469, 62, 2.87%, 13, 0, 4, 110.14
1629557905, 0, 396, 569, 470, 62, 2.87%, 13, 0, 4, 111.18
1629557910, 0, 396, 571, 472, 62, 2.87%, 13, 0, 4, 82.68
1629557915, 0, 396, 572, 473, 62, 2.87%, 13, 0, 4, 76.69
1629557945, 0, 396, 573, 474, 62, 2.87%, 13, 0, 4, 77.54
1629559195, 0, 401, 573, 473, 64, 2.87%, 13, 0, 4, 170.98
1629559337, 0, 401, 574, 474, 64, 2.87%, 13, 0, 4, 224.18
1629559348, 0, 401, 574, 474, 64, 2.87%, 14, 0, 4, 179.74
1629559500, 0, 401, 575, 475, 64, 2.87%, 14, 0, 4, 185.66
1629560382, 0, 402, 575, 474, 65, 2.87%, 14, 0, 4, 213.26
1629561539, 0, 403, 575, 473, 64, 2.87%, 14, 0, 4, 246.90
1629562852, 0, 404, 575, 472, 63, 2.87%, 15, 0, 4, 221.70
1629562857, 0, 404, 575, 472, 63, 2.87%, 16, 0, 4, 201.80
1629562868, 0, 404, 576, 473, 63, 2.87%, 16, 0, 4, 196.27
1629562976, 0, 404, 576, 473, 63, 2.87%, 18, 0, 4, 205.57
1629562981, 0, 404, 576, 473, 63, 2.87%, 19, 0, 4, 216.97
1629563721, 0, 405, 576, 472, 63, 2.87%, 19, 0, 4, 251.56
1629563736, 0, 405, 576, 472, 63, 2.87%, 20, 0, 4, 195.06
1629564611, 0, 408, 576, 471, 62, 2.87%, 21, 0, 4, 222.95
1629566127, 0, 410, 576, 470, 61, 2.87%, 21, 0, 4, 215.16
1629568313, 0, 410, 577, 471, 61, 2.87%, 21, 0, 4, 207.16
1629568318, 0, 413, 577, 470, 62, 2.87%, 21, 0, 4, 198.47
1629568344, 0, 413, 578, 471, 62, 2.87%, 21, 0, 4, 133.83
1629568396, 0, 413, 579, 472, 62, 2.87%, 21, 0, 4, 124.10
1629568508, 0, 413, 580, 473, 62, 2.87%, 21, 0, 4, 289.48
1629568523, 0, 413, 581, 474, 62, 2.87%, 21, 0, 4, 171.63
1629569854, 0, 414, 581, 473, 62, 2.87%, 21, 0, 4, 195.56
1629571810, 0, 415, 581, 472, 61, 2.87%, 21, 0, 4, 167.82
1629571841, 0, 415, 582, 473, 61, 2.87%, 21, 0, 4, 148.69
1629572257, 0, 415, 583, 474, 61, 2.87%, 21, 0, 4, 139.62
1629572262, 0, 415, 584, 475, 61, 2.87%, 21, 0, 4, 137.41
1629572966, 0, 417, 584, 474, 61, 2.87%, 21, 0, 4, 247.72
1629573887, 0, 417, 584, 474, 61, 2.87%, 22, 0, 4, 76.56
1629575159, 0, 417, 585, 475, 61, 2.87%, 22, 0, 4, 197.48
1629575169, 0, 423, 585, 474, 60, 2.87%, 22, 0, 4, 316.62
1629575428, 0, 426, 585, 473, 59, 2.87%, 22, 0, 4, 336.94
1629575887, 0, 427, 585, 472, 58, 2.87%, 22, 0, 4, 292.35
1629576345, 0, 428, 585, 471, 58, 2.87%, 22, 0, 4, 243.44
1629576798, 0, 436, 585, 470, 57, 2.87%, 22, 0, 4, 337.03
1629576886, 0, 438, 585, 469, 56, 2.87%, 22, 0, 4, 417.21
1629577710, 0, 438, 586, 470, 56, 2.87%, 22, 0, 5, 291.17
1629577725, 0, 439, 586, 469, 55, 2.87%, 22, 0, 5, 331.88
1629578671, 0, 443, 586, 468, 54, 2.87%, 22, 0, 5, 252.26
1629579520, 0, 446, 586, 467, 53, 2.87%, 22, 0, 5, 285.61
1629579768, 0, 446, 589, 470, 53, 2.91%, 22, 0, 5, 196.17
1629579773, 0, 446, 590, 471, 53, 2.91%, 22, 0, 5, 176.12
1629580379, 0, 447, 590, 470, 56, 2.91%, 22, 0, 5, 290.50
1629581241, 0, 449, 590, 469, 55, 2.91%, 22, 0, 5, 244.89
1629581359, 0, 449, 591, 470, 55, 2.91%, 22, 0, 5, 188.08
1629581563, 0, 449, 592, 471, 55, 2.91%, 22, 0, 5, 178.28
1629582078, 0, 463, 592, 470, 54, 2.91%, 22, 0, 5, 281.81
1629582964, 0, 466, 592, 469, 53, 2.91%, 22, 0, 5, 216.00
1629582995, 0, 466, 593, 470, 53, 2.91%, 22, 0, 5, 206.06
1629583889, 0, 469, 593, 469, 52, 2.91%, 22, 0, 5, 157.17
1629584036, 0, 469, 594, 470, 52, 2.92%, 22, 0, 5, 104.33
1629584616, 0, 469, 595, 471, 52, 2.92%, 22, 0, 5, 77.26
1629585646, 0, 469, 596, 472, 52, 2.93%, 22, 0, 5, 85.67
1629585717, 0, 470, 596, 471, 54, 2.93%, 22, 0, 5, 246.29
1629586502, 0, 472, 596, 470, 53, 2.93%, 22, 0, 5, 258.78
1629586656, 0, 472, 597, 471, 53, 2.93%, 22, 0, 5, 213.21
1629586661, 0, 472, 598, 472, 53, 2.93%, 22, 0, 5, 211.61
1629587344, 0, 474, 598, 471, 53, 2.93%, 22, 0, 5, 260.12
1629589164, 0, 483, 598, 470, 52, 2.93%, 22, 0, 5, 154.55
1629589432, 0, 483, 599, 471, 52, 2.93%, 22, 0, 5, 82.50
1629589437, 0, 483, 600, 472, 52, 2.93%, 22, 0, 5, 81.54
1629589448, 0, 483, 601, 473, 52, 2.94%, 22, 0, 5, 87.45
1629589453, 0, 483, 602, 474, 52, 2.94%, 22, 0, 5, 90.15
1629590000, 0, 483, 603, 475, 52, 2.94%, 22, 0, 5, 75.94
1629590036, 0, 483, 604, 476, 52, 2.94%, 22, 0, 5, 76.58
1629590981, 0, 484, 604, 475, 54, 2.94%, 22, 0, 5, 149.43
1629592810, 0, 485, 604, 474, 53, 2.94%, 22, 0, 5, 184.20
1629592881, 0, 485, 605, 475, 53, 2.94%, 22, 0, 5, 77.67
1629594638, 0, 487, 605, 474, 53, 2.94%, 22, 0, 5, 165.64
1629596465, 0, 489, 605, 473, 52, 2.94%, 22, 0, 5, 204.87
1629596536, 0, 489, 606, 474, 52, 2.94%, 22, 0, 5, 78.01
1629598293, 0, 499, 606, 473, 51, 2.94%, 22, 0, 5, 247.75
1629599025, 0, 499, 607, 474, 51, 2.94%, 22, 0, 5, 75.71
1629599071, 0, 499, 608, 475, 51, 2.94%, 22, 0, 5, 77.42
1629600121, 0, 500, 609, 475, 50, 2.94%, 22, 0, 5, 145.69
1629600446, 0, 500, 610, 476, 50, 2.95%, 22, 0, 5, 144.71
1629601945, 0, 501, 610, 475, 50, 2.95%, 22, 0, 5, 208.04
1629601966, 0, 501, 611, 476, 50, 2.95%, 22, 0, 5, 82.63
1629602808, 0, 501, 612, 477, 50, 2.95%, 22, 0, 5, 76.43
1629603767, 0, 502, 612, 476, 50, 2.95%, 22, 0, 5, 168.28
1629605587, 0, 505, 612, 475, 49, 2.95%, 22, 0, 5, 144.72
1629605877, 0, 505, 613, 476, 49, 2.95%, 22, 0, 5, 89.09
1629606481, 0, 505, 614, 477, 49, 2.95%, 22, 0, 5, 74.26
1629607414, 0, 507, 614, 476, 48, 2.95%, 22, 0, 5, 137.51
1629607694, 0, 507, 615, 477, 48, 2.95%, 22, 0, 5, 84.65
1629609243, 0, 508, 615, 476, 47, 2.95%, 22, 0, 5, 140.11
1629609325, 0, 508, 616, 477, 47, 2.95%, 22, 0, 5, 75.95
1629609523, 0, 508, 617, 478, 47, 2.95%, 22, 0, 5, 87.13
