# unix_time, cycles_done, cur_path, paths_total, pending_total, pending_favs, map_size, unique_crashes, unique_hangs, max_depth, execs_per_sec
1629351078, 0, 0, 1, 1, 1, 0.46%, 0, 0, 1, 203.05
1629351083, 0, 0, 21, 21, 1, 0.81%, 0, 0, 2, 226.61
1629351088, 0, 0, 25, 25, 1, 0.82%, 0, 0, 2, 232.89
1629351093, 0, 0, 33, 33, 1, 0.84%, 0, 0, 2, 239.72
1629351098, 0, 0, 39, 39, 1, 0.88%, 0, 0, 2, 285.07
1629351103, 0, 0, 44, 44, 1, 0.89%, 0, 0, 2, 248.49
1629351108, 0, 0, 45, 45, 1, 0.89%, 0, 0, 2, 240.10
1629351118, 0, 0, 46, 46, 1, 0.89%, 0, 0, 2, 239.26
1629351133, 0, 0, 47, 47, 1, 0.89%, 0, 0, 2, 231.78
1629351138, 0, 0, 50, 50, 1, 0.90%, 0, 0, 2, 245.49
1629351143, 0, 0, 52, 52, 1, 0.90%, 0, 0, 2, 272.09
1629351148, 0, 0, 53, 53, 1, 0.90%, 0, 0, 2, 242.04
1629351158, 0, 0, 54, 54, 1, 0.90%, 0, 0, 2, 278.59
1629351163, 0, 0, 56, 56, 1, 0.91%, 0, 0, 2, 268.85
1629351189, 0, 0, 69, 69, 1, 0.93%, 0, 0, 2, 340.44
1629351199, 0, 0, 70, 70, 1, 0.93%, 0, 0, 2, 261.70
1629351204, 0, 0, 71, 71, 1, 0.93%, 0, 0, 2, 268.96
1629351214, 0, 0, 72, 72, 1, 0.93%, 0, 0, 2, 239.52
1629351249, 0, 0, 74, 74, 1, 0.95%, 0, 0, 2, 235.50
1629351254, 0, 0, 75, 75, 1, 0.95%, 0, 0, 2, 233.30
1629351259, 0, 0, 76, 76, 1, 0.95%, 0, 0, 2, 221.68
1629351270, 0, 0, 77, 77, 1, 0.95%, 0, 0, 2, 222.85
1629351280, 0, 0, 78, 78, 1, 0.95%, 0, 0, 2, 227.16
1629351285, 0, 0, 79, 79, 1, 0.95%, 0, 0, 2, 255.25
1629351300, 0, 0, 80, 80, 1, 0.96%, 0, 0, 2, 352.03
1629351310, 0, 0, 94, 94, 1, 1.01%, 1, 0, 2, 320.59
1629351315, 0, 0, 99, 99, 1, 1.01%, 1, 0, 2, 297.41
1629351341, 0, 0, 101, 101, 1, 1.01%, 1, 0, 2, 239.38
1629351346, 0, 0, 104, 104, 1, 1.02%, 1, 0, 2, 232.76
1629351402, 0, 0, 105, 105, 1, 1.02%, 1, 0, 2, 233.45
1629351624, 0, 0, 106, 106, 1, 1.03%, 1, 0, 2, 216.23
1629351690, 0, 0, 107, 107, 1, 1.03%, 1, 0, 2, 206.20
1629351771, 0, 0, 108, 108, 1, 1.06%, 1, 0, 2, 263.17
1629351821, 0, 0, 109, 109, 1, 1.06%, 1, 0, 2, 240.07
1629351826, 0, 0, 118, 118, 1, 1.07%, 1, 0, 2, 323.46
1629351831, 0, 0, 122, 122, 1, 1.07%, 1, 0, 2, 354.12
1629351837, 0, 0, 123, 123, 1, 1.07%, 1, 0, 2, 349.35
1629351842, 0, 0, 127, 127, 1, 1.07%, 1, 0, 2, 350.17
1629351847, 0, 0, 129, 129, 1, 1.07%, 1, 0, 2, 357.17
1629351852, 0, 0, 130, 130, 1, 1.07%, 1, 0, 2, 355.57
1629351857, 0, 0, 134, 134, 1, 1.07%, 1, 0, 2, 349.31
1629351862, 0, 0, 137, 137, 1, 1.07%, 1, 0, 2, 349.21
1629351867, 0, 0, 138, 138, 1, 1.07%, 1, 0, 2, 347.61
1629351872, 0, 0, 140, 140, 1, 1.07%, 1, 0, 2, 352.58
1629351877, 0, 0, 141, 141, 1, 1.07%, 1, 0, 2, 354.04
1629351882, 0, 0, 142, 142, 1, 1.07%, 1, 0, 2, 356.47
1629351893, 0, 0, 143, 143, 1, 1.07%, 1, 0, 2, 348.72
1629351903, 0, 0, 144, 144, 1, 1.07%, 1, 0, 2, 353.29
1629351914, 0, 0, 145, 145, 1, 1.07%, 1, 0, 2, 348.61
1629351919, 0, 3, 145, 144, 45, 1.07%, 1, 0, 2, 298.39
1629352058, 0, 3, 146, 145, 45, 1.08%, 1, 0, 3, 275.95
1629352073, 0, 3, 147, 146, 45, 1.08%, 2, 0, 3, 317.17
1629352483, 0, 7, 147, 145, 45, 1.08%, 2, 0, 3, 324.87
1629352545, 0, 8, 147, 144, 43, 1.08%, 2, 0, 3, 363.94
1629352565, 0, 8, 147, 144, 43, 1.08%, 3, 0, 3, 357.20
1629352611, 0, 9, 148, 144, 41, 1.08%, 3, 0, 3, 429.59
1629352677, 0, 20, 148, 143, 40, 1.08%, 3, 0, 3, 282.18
1629352759, 0, 20, 149, 144, 40, 1.14%, 3, 0, 3, 334.02
1629352901, 0, 20, 150, 145, 40, 1.14%, 3, 0, 3, 208.39
1629353388, 0, 20, 151, 146, 40, 1.14%, 3, 0, 3, 320.14
1629353393, 0, 22, 151, 145, 41, 1.14%, 3, 0, 3, 302.37
1629353408, 0, 22, 152, 146, 41, 1.14%, 3, 0, 3, 293.63
1629353539, 0, 22, 153, 147, 41, 1.14%, 4, 0, 3, 338.16
1629353948, 0, 23, 153, 146, 42, 1.14%, 4, 0, 3, 338.13
1629353953, 0, 23, 154, 147, 42, 1.14%, 4, 0, 3, 334.23
1629353974, 0, 23, 158, 151, 42, 1.19%, 4, 0, 3, 318.72
1629354014, 0, 26, 158, 150, 44, 1.19%, 4, 0, 3, 309.96
1629354737, 0, 33, 158, 149, 43, 1.19%, 4, 0, 3, 269.60
1629354910, 0, 33, 158, 149, 43, 1.19%, 5, 0, 3, 371.24
1629355390, 0, 35, 159, 149, 43, 1.19%, 5, 0, 3, 327.11
1629355993, 0, 37, 160, 149, 42, 1.19%, 5, 0, 3, 343.84
1629355998, 0, 37, 161, 150, 42, 1.19%, 5, 0, 3, 343.11
1629356003, 0, 37, 162, 151, 42, 1.19%, 5, 0, 3, 355.15
1629356054, 0, 37, 163, 152, 42, 1.19%, 5, 0, 3, 378.29
1629356059, 0, 43, 163, 151, 42, 1.19%, 5, 0, 3, 346.64
1629356171, 0, 43, 164, 152, 42, 1.19%, 5, 0, 3, 241.32
1629356217, 0, 43, 164, 152, 42, 1.19%, 6, 0, 3, 311.27
1629356693, 0, 44, 164, 151, 41, 1.19%, 6, 0, 3, 274.76
1629356724, 0, 44, 165, 152, 41, 1.19%, 6, 0, 3, 221.59
1629356734, 0, 44, 166, 153, 41, 1.19%, 6, 0, 3, 233.71
1629356770, 0, 44, 167, 154, 41, 1.20%, 6, 0, 3, 314.31
1629356866, 0, 44, 167, 154, 41, 1.20%, 7, 0, 3, 319.06
1629357342, 0, 44, 168, 155, 41, 1.20%, 7, 0, 3, 283.63
1629357347, 0, 47, 168, 154, 42, 1.20%, 7, 0, 3, 347.22
1629357368, 0, 47, 168, 154, 42, 1.20%, 8, 0, 3, 410.46
1629357413, 0, 49, 168, 153, 41, 1.20%, 8, 0, 3, 299.12
1629357454, 0, 49, 169, 154, 41, 1.20%, 8, 0, 3, 268.21
1629357575, 0, 49, 169, 154, 41, 1.20%, 9, 0, 3, 384.54
1629358056, 0, 51, 169, 153, 41, 1.20%, 9, 0, 3, 332.60
1629358118, 0, 52, 169, 152, 40, 1.20%, 9, 0, 3, 396.37
1629358174, 0, 52, 170, 153, 40, 1.20%, 9, 0, 3, 241.14
1629358306, 0, 52, 170, 153, 40, 1.20%, 10, 0, 3, 345.29
1629358402, 0, 52, 171, 154, 40, 1.20%, 10, 0, 3, 230.50
1629358786, 0, 59, 171, 153, 39, 1.20%, 10, 0, 3, 310.55
1629358806, 0, 59, 172, 154, 39, 1.23%, 10, 0, 3, 351.73
1629358837, 0, 59, 173, 155, 39, 1.23%, 10, 0, 3, 319.20
1629358945, 0, 66, 173, 154, 39, 1.23%, 10, 0, 3, 342.00
1629358965, 0, 66, 175, 156, 39, 1.23%, 10, 0, 3, 350.65
1629359006, 0, 69, 175, 155, 39, 1.23%, 10, 0, 3, 395.84
1629359123, 0, 69, 176, 156, 39, 1.23%, 10, 0, 3, 242.23
1629359169, 0, 69, 176, 156, 39, 1.23%, 11, 0, 3, 313.51
1629359645, 0, 76, 177, 156, 39, 1.23%, 11, 0, 3, 326.82
1629359827, 0, 76, 179, 158, 39, 1.27%, 11, 0, 3, 298.13
1629359858, 0, 76, 180, 159, 39, 1.27%, 11, 0, 3, 216.08
1629360339, 0, 77, 180, 158, 39, 1.27%, 11, 0, 3, 269.28
1629361017, 0, 79, 180, 157, 38, 1.27%, 11, 0, 3, 330.18
1629361023, 0, 79, 181, 158, 38, 1.27%, 11, 0, 3, 344.39
1629361033, 0, 79, 182, 159, 38, 1.30%, 11, 0, 3, 391.98
1629361094, 0, 93, 183, 159, 38, 1.30%, 11, 0, 3, 374.08
1629361186, 0, 93, 184, 160, 38, 1.37%, 11, 0, 3, 378.26
1629361294, 0, 93, 185, 161, 38, 1.38%, 11, 0, 3, 309.09
1629361299, 0, 93, 186, 162, 38, 1.39%, 12, 0, 3, 272.85
1629361750, 0, 93, 187, 163, 38, 1.39%, 12, 0, 3, 331.93
1629361755, 0, 100, 187, 162, 40, 1.39%, 12, 0, 3, 284.36
1629361912, 0, 100, 188, 163, 40, 1.39%, 12, 0, 3, 221.33
1629361937, 0, 100, 188, 163, 40, 1.39%, 13, 0, 3, 354.05
1629362430, 0, 102, 188, 162, 40, 1.39%, 13, 0, 3, 235.88
1629362557, 0, 102, 189, 163, 40, 1.39%, 13, 0, 3, 225.70
1629362602, 0, 102, 189, 163, 40, 1.39%, 14, 0, 3, 316.74
1629363125, 0, 105, 189, 162, 39, 1.39%, 14, 0, 3, 256.57
1629363217, 0, 105, 190, 163, 39, 1.39%, 14, 0, 3, 246.89
1629363318, 0, 105, 190, 163, 39, 1.39%, 15, 0, 3, 292.29
1629363846, 0, 107, 190, 162, 38, 1.39%, 15, 0, 3, 300.62
1629363867, 0, 107, 191, 163, 38, 1.39%, 15, 0, 3, 282.57
1629363963, 0, 107, 192, 164, 38, 1.39%, 15, 0, 3, 276.94
1629364064, 0, 107, 193, 165, 38, 1.39%, 15, 0, 3, 271.40
1629364459, 0, 107, 195, 167, 38, 1.39%, 15, 0, 3, 335.18
1629364464, 0, 112, 195, 166, 39, 1.39%, 15, 0, 3, 363.49
1629364500, 0, 112, 196, 167, 39, 1.39%, 15, 0, 3, 344.13
1629364667, 0, 112, 197, 168, 39, 1.39%, 15, 0, 3, 369.74
1629364672, 0, 125, 197, 167, 38, 1.39%, 15, 0, 3, 259.20
1629364839, 0, 125, 197, 167, 38, 1.39%, 16, 0, 3, 345.13
1629364935, 0, 125, 198, 168, 38, 1.39%, 16, 0, 3, 208.84
1629365356, 0, 131, 199, 168, 37, 1.39%, 16, 0, 3, 345.35
1629365361, 0, 131, 200, 169, 37, 1.39%, 16, 0, 3, 347.37
1629365387, 0, 131, 201, 170, 37, 1.39%, 16, 0, 3, 349.95
1629365407, 0, 131, 203, 172, 37, 1.39%, 16, 0, 3, 313.12
1629365412, 0, 131, 204, 173, 37, 1.39%, 16, 0, 3, 313.57
1629365458, 0, 133, 205, 173, 37, 1.39%, 16, 0, 3, 327.62
1629365489, 0, 133, 206, 174, 37, 1.39%, 16, 0, 3, 337.99
1629365499, 0, 133, 207, 175, 37, 1.39%, 16, 0, 3, 289.02
1629365550, 0, 133, 209, 177, 37, 1.39%, 16, 0, 3, 286.81
1629365669, 0, 136, 209, 176, 35, 1.39%, 16, 0, 3, 355.78
1629365705, 0, 136, 210, 177, 35, 1.39%, 16, 0, 3, 350.42
1629365793, 0, 140, 210, 176, 34, 1.39%, 16, 0, 3, 319.43
1629366231, 0, 141, 210, 175, 33, 1.39%, 16, 0, 3, 318.86
1629366266, 0, 141, 211, 176, 33, 1.39%, 16, 0, 3, 261.66
1629366403, 0, 143, 218, 182, 33, 1.39%, 16, 0, 3, 314.46
1629366937, 0, 145, 219, 182, 32, 1.39%, 16, 0, 3, 357.18
1629367516, 0, 146, 219, 181, 31, 1.39%, 16, 0, 3, 286.97
1629367587, 0, 146, 220, 182, 31, 1.39%, 16, 0, 4, 293.64
1629367679, 0, 146, 221, 183, 31, 1.39%, 16, 0, 4, 286.62
1629368095, 0, 147, 221, 182, 30, 1.39%, 16, 0, 4, 311.52
1629368115, 0, 147, 221, 182, 30, 1.39%, 17, 0, 4, 362.79
1629368166, 0, 148, 221, 181, 29, 1.39%, 17, 0, 4, 272.02
1629368171, 0, 148, 222, 182, 29, 1.40%, 17, 0, 4, 237.40
1629368176, 0, 148, 223, 183, 29, 1.40%, 17, 0, 4, 230.66
1629368181, 0, 148, 226, 186, 29, 1.40%, 17, 0, 4, 280.69
1629368212, 0, 148, 228, 188, 29, 1.40%, 17, 0, 4, 248.31
1629368222, 0, 148, 230, 190, 29, 1.40%, 17, 0, 4, 274.20
1629368242, 0, 148, 231, 191, 29, 1.40%, 17, 0, 4, 320.89
1629368339, 0, 148, 242, 202, 29, 1.55%, 17, 0, 4, 277.09
1629368846, 0, 148, 245, 205, 29, 1.55%, 17, 0, 4, 324.28
1629368861, 0, 149, 245, 204, 31, 1.55%, 17, 0, 4, 274.89
1629369054, 0, 149, 245, 204, 31, 1.55%, 18, 0, 4, 315.26
1629369589, 0, 151, 245, 203, 30, 1.55%, 18, 0, 4, 323.02
1629369609, 0, 151, 245, 203, 30, 1.55%, 19, 0, 4, 400.36
1629369650, 0, 153, 245, 202, 29, 1.55%, 19, 0, 4, 389.24
1629369712, 0, 154, 246, 202, 28, 1.55%, 19, 0, 4, 379.86
1629369717, 0, 154, 247, 203, 28, 1.55%, 19, 0, 4, 323.38
1629369722, 0, 154, 250, 206, 28, 1.56%, 19, 0, 4, 302.87
1629369738, 0, 154, 253, 209, 28, 1.56%, 19, 0, 4, 303.36
1629369743, 0, 154, 256, 212, 28, 1.56%, 19, 0, 4, 319.95
1629369753, 0, 154, 257, 213, 28, 1.57%, 19, 0, 4, 348.38
1629369779, 0, 154, 259, 215, 28, 1.57%, 19, 0, 4, 288.96
1629369805, 0, 154, 264, 220, 28, 1.57%, 19, 0, 4, 266.22
1629369810, 0, 154, 265, 221, 28, 1.57%, 19, 0, 4, 261.87
1629369846, 0, 154, 267, 223, 28, 1.57%, 19, 0, 4, 408.70
1629369851, 0, 154, 268, 224, 28, 1.57%, 19, 0, 4, 469.21
1629369856, 0, 158, 268, 223, 32, 1.57%, 19, 0, 4, 435.54
1629369876, 0, 158, 269, 224, 32, 1.57%, 19, 0, 4, 256.34
1629370039, 0, 158, 269, 224, 32, 1.57%, 20, 0, 4, 359.40
1629370526, 0, 159, 269, 223, 31, 1.57%, 20, 0, 4, 302.09
1629370592, 0, 159, 270, 224, 31, 1.57%, 20, 0, 4, 472.42
1629370602, 0, 162, 270, 223, 30, 1.57%, 20, 0, 4, 448.50
1629370648, 0, 162, 271, 224, 30, 1.57%, 20, 0, 4, 300.17
1629370694, 0, 165, 271, 223, 29, 1.57%, 20, 0, 4, 371.77
1629370871, 0, 165, 271, 223, 29, 1.57%, 21, 0, 4, 301.52
1629371357, 0, 165, 273, 225, 29, 1.57%, 21, 0, 4, 321.85
1629371362, 0, 168, 273, 224, 28, 1.57%, 21, 0, 4, 328.13
1629371408, 0, 168, 274, 225, 28, 1.57%, 21, 0, 4, 239.46
1629372022, 0, 171, 274, 224, 28, 1.57%, 21, 0, 4, 299.31
1629372185, 0, 175, 275, 224, 27, 1.57%, 21, 0, 4, 361.94
1629372342, 0, 175, 276, 225, 27, 1.57%, 21, 0, 4, 221.86
1629372372, 0, 175, 276, 225, 27, 1.57%, 22, 0, 4, 339.47
1629372860, 0, 176, 276, 224, 26, 1.57%, 22, 0, 4, 302.03
1629372865, 0, 176, 278, 226, 26, 1.57%, 22, 0, 4, 349.21
1629373043, 0, 176, 279, 227, 26, 1.57%, 22, 0, 4, 339.02
1629373048, 0, 176, 281, 229, 26, 1.57%, 22, 0, 4, 437.71
1629373063, 0, 177, 281, 228, 25, 1.57%, 22, 0, 4, 313.58
1629373083, 0, 177, 281, 228, 25, 1.57%, 23, 0, 4, 244.37
1629373098, 0, 177, 281, 228, 25, 1.57%, 24, 0, 4, 215.25
1629373231, 0, 177, 282, 229, 25, 1.57%, 24, 0, 4, 235.25
1629373308, 0, 177, 282, 229, 25, 1.57%, 25, 0, 4, 214.02
1629373593, 0, 177, 282, 229, 25, 1.57%, 27, 0, 4, 210.67
1629373751, 0, 178, 282, 228, 25, 1.57%, 27, 0, 4, 307.16
1629374481, 0, 180, 282, 227, 24, 1.57%, 27, 0, 4, 324.45
1629374507, 0, 181, 282, 226, 23, 1.57%, 27, 0, 4, 328.43
1629374583, 0, 182, 282, 225, 22, 1.57%, 27, 0, 4, 473.99
1629374593, 0, 183, 283, 225, 21, 1.57%, 27, 0, 4, 281.62
1629374786, 0, 183, 284, 226, 21, 1.57%, 27, 0, 4, 321.22
1629374797, 0, 183, 285, 227, 21, 1.58%, 27, 0, 4, 241.15
1629375314, 0, 183, 286, 228, 21, 1.58%, 27, 0, 4, 314.02
1629375319, 0, 183, 287, 229, 21, 1.58%, 27, 0, 4, 331.00
1629375329, 0, 185, 287, 228, 22, 1.58%, 27, 0, 4, 311.79
1629375981, 0, 187, 287, 227, 21, 1.58%, 27, 0, 4, 276.25
1629376431, 0, 187, 289, 229, 21, 1.58%, 27, 0, 4, 206.60
1629376680, 0, 187, 290, 230, 21, 1.58%, 27, 0, 4, 334.21
1629376685, 0, 187, 291, 231, 21, 1.58%, 27, 0, 4, 352.77
1629376695, 0, 187, 292, 232, 21, 1.58%, 27, 0, 4, 355.57
1629376710, 0, 190, 292, 231, 20, 1.58%, 27, 0, 4, 332.56
1629376843, 0, 190, 293, 232, 20, 1.58%, 27, 0, 4, 276.62
1629377314, 0, 190, 294, 233, 20, 1.58%, 27, 0, 4, 332.98
1629377319, 0, 190, 295, 234, 20, 1.58%, 27, 0, 4, 367.34
1629377324, 0, 193, 295, 233, 19, 1.58%, 27, 0, 4, 324.65
1629377548, 0, 193, 296, 234, 19, 1.58%, 27, 0, 4, 268.06
1629377974, 0, 193, 297, 235, 19, 1.58%, 27, 0, 4, 314.12
1629377979, 0, 193, 298, 236, 19, 1.58%, 27, 0, 4, 352.60
1629377984, 0, 194, 298, 235, 18, 1.58%, 27, 0, 4, 335.82
1629377995, 0, 194, 299, 236, 18, 1.58%, 27, 0, 4, 296.40
1629378179, 0, 194, 302, 239, 18, 1.59%, 27, 0, 4, 278.69
1629378231, 0, 194, 304, 241, 18, 1.59%, 27, 0, 4, 314.72
1629378241, 0, 195, 304, 240, 20, 1.59%, 27, 0, 4, 380.98
1629378421, 0, 195, 305, 241, 20, 1.59%, 27, 0, 4, 362.36
1629378436, 0, 202, 305, 240, 19, 1.59%, 27, 0, 4, 393.80
1629378540, 0, 202, 306, 241, 19, 1.59%, 27, 0, 4, 439.15
1629378545, 0, 205, 306, 240, 18, 1.59%, 27, 0, 4, 336.35
1629378632, 0, 205, 307, 241, 18, 1.59%, 27, 0, 4, 285.11
1629378704, 0, 205, 308, 242, 18, 1.59%, 27, 0, 4, 288.77
1629378735, 0, 205, 309, 243, 18, 1.59%, 27, 0, 4, 344.23
1629378740, 0, 220, 309, 242, 17, 1.59%, 27, 0, 4, 353.60
1629378842, 0, 220, 310, 243, 17, 1.59%, 27, 0, 5, 265.39
1629379396, 0, 233, 310, 242, 16, 1.59%, 27, 0, 5, 341.96
1629379402, 0, 233, 313, 245, 16, 1.62%, 27, 0, 5, 273.97
1629379407, 0, 233, 314, 246, 16, 1.62%, 27, 0, 5, 259.65
1629379448, 0, 233, 319, 251, 16, 1.62%, 27, 0, 5, 274.26
1629379566, 0, 233, 321, 253, 16, 1.63%, 27, 0, 5, 258.21
1629379953, 0, 233, 325, 257, 16, 1.67%, 27, 0, 5, 228.81
1629379958, 0, 233, 327, 259, 16, 1.67%, 27, 0, 5, 245.06
1629379973, 0, 233, 328, 260, 16, 1.67%, 27, 0, 5, 252.68
1629380040, 0, 235, 328, 259, 23, 1.67%, 27, 0, 5, 263.89
1629380743, 0, 235, 329, 260, 23, 1.67%, 27, 0, 5, 334.87
1629380753, 0, 247, 329, 259, 22, 1.67%, 27, 0, 5, 342.23
1629380881, 0, 250, 329, 258, 21, 1.67%, 27, 0, 5, 424.41
1629381013, 0, 252, 329, 257, 20, 1.67%, 27, 0, 5, 402.94
1629381150, 0, 255, 329, 256, 19, 1.67%, 27, 0, 5, 370.13
1629381287, 0, 256, 329, 255, 18, 1.67%, 27, 0, 5, 347.53
1629381471, 0, 257, 330, 255, 17, 1.67%, 27, 0, 5, 348.20
1629381512, 0, 257, 331, 256, 17, 1.67%, 27, 0, 5, 294.59
1629381517, 0, 257, 332, 257, 17, 1.67%, 27, 0, 5, 291.85
1629381666, 0, 273, 332, 256, 17, 1.67%, 27, 0, 5, 388.01
1629381752, 0, 273, 333, 257, 17, 1.67%, 27, 0, 5, 290.08
1629382408, 0, 274, 334, 257, 16, 1.67%, 27, 0, 5, 310.95
1629382423, 0, 274, 335, 258, 16, 1.67%, 27, 0, 5, 208.60
1629382660, 0, 281, 335, 257, 16, 1.67%, 27, 0, 5, 307.12
1629383190, 0, 281, 335, 257, 16, 1.67%, 28, 0, 5, 218.25
1629383365, 0, 282, 335, 256, 15, 1.67%, 28, 0, 5, 325.68
1629383442, 0, 284, 335, 255, 14, 1.67%, 28, 0, 5, 410.88
1629384234, 0, 284, 336, 256, 14, 1.67%, 28, 0, 5, 328.51
1629384244, 0, 299, 336, 255, 13, 1.67%, 28, 0, 5, 309.21
1629384291, 0, 299, 337, 256, 13, 1.67%, 28, 0, 5, 301.76
1629384486, 0, 299, 338, 257, 13, 1.67%, 28, 0, 5, 280.75
1629384522, 0, 299, 339, 258, 13, 1.67%, 28, 0, 5, 327.90
1629384532, 0, 300, 339, 257, 13, 1.67%, 28, 0, 5, 367.86
1629384825, 0, 300, 340, 258, 13, 1.67%, 28, 0, 5, 372.99
1629384835, 0, 300, 341, 259, 13, 1.67%, 28, 0, 5, 413.94
1629384845, 0, 301, 341, 258, 12, 1.67%, 28, 0, 5, 333.32
1629385121, 0, 301, 342, 259, 12, 1.68%, 28, 0, 5, 280.92
1629385167, 0, 310, 342, 258, 12, 1.68%, 28, 0, 5, 255.13
1629385922, 0, 311, 342, 257, 11, 1.68%, 28, 0, 5, 281.35
1629386481, 0, 311, 343, 258, 11, 1.68%, 28, 0, 6, 239.06
1629386574, 0, 315, 343, 257, 10, 1.68%, 28, 0, 6, 285.19
1629386610, 0, 315, 344, 258, 10, 1.68%, 28, 0, 6, 253.52
1629387115, 0, 315, 345, 259, 10, 1.68%, 28, 0, 6, 245.33
1629387201, 0, 318, 345, 258, 10, 1.68%, 28, 0, 6, 274.87
1629387769, 0, 318, 346, 259, 10, 1.68%, 28, 0, 6, 233.34
1629387861, 0, 319, 346, 258, 10, 1.68%, 28, 0, 6, 332.76
1629388424, 0, 319, 347, 259, 10, 1.68%, 28, 0, 6, 242.25
1629388511, 0, 320, 347, 258, 10, 1.68%, 28, 0, 6, 282.36
1629389069, 0, 320, 348, 259, 10, 1.68%, 28, 0, 6, 237.35
1629389089, 0, 320, 349, 260, 10, 1.69%, 28, 0, 6, 243.46
1629389150, 0, 320, 350, 261, 10, 1.69%, 28, 0, 6, 297.42
1629389165, 0, 324, 350, 260, 11, 1.69%, 28, 0, 6, 254.21
1629389170, 0, 324, 351, 261, 11, 1.69%, 28, 0, 6, 226.41
1629389226, 0, 324, 351, 261, 11, 1.69%, 29, 0, 6, 213.65
1629389875, 0, 324, 352, 262, 11, 1.69%, 29, 0, 6, 207.48
1629389911, 0, 324, 353, 263, 11, 1.69%, 29, 0, 6, 225.39
1629389921, 0, 324, 354, 264, 11, 1.69%, 29, 0, 6, 242.83
1629389946, 0, 324, 355, 265, 11, 1.69%, 29, 0, 6, 221.27
1629389981, 0, 324, 356, 266, 11, 1.69%, 29, 0, 6, 206.51
1629390068, 0, 324, 357, 267, 11, 1.70%, 29, 0, 6, 327.08
1629390083, 0, 327, 357, 266, 13, 1.70%, 29, 0, 6, 264.29
1629390656, 0, 327, 358, 267, 13, 1.70%, 29, 0, 6, 243.41
1629390742, 0, 331, 358, 266, 11, 1.70%, 29, 0, 6, 316.16
1629390935, 0, 331, 359, 267, 11, 1.70%, 29, 0, 6, 382.86
1629390945, 0, 334, 359, 266, 10, 1.70%, 29, 0, 6, 310.68
1629391140, 0, 336, 359, 265, 9, 1.70%, 29, 0, 6, 352.45
1629391321, 0, 341, 359, 264, 8, 1.70%, 29, 0, 6, 366.68
1629391722, 0, 344, 359, 263, 7, 1.70%, 29, 0, 6, 289.07
1629392488, 0, 344, 359, 263, 7, 1.70%, 30, 0, 6, 234.65
1629392609, 0, 345, 359, 262, 6, 1.70%, 30, 0, 6, 261.34
1629393365, 0, 346, 359, 261, 5, 1.70%, 30, 0, 6, 291.09
1629394035, 0, 347, 359, 260, 4, 1.70%, 30, 0, 6, 284.28
1629394690, 0, 348, 359, 259, 3, 1.70%, 30, 0, 6, 282.43
1629395338, 0, 352, 359, 258, 2, 1.70%, 30, 0, 6, 291.48
1629395343, 0, 352, 360, 259, 2, 1.70%, 30, 0, 7, 240.46
1629395389, 0, 352, 360, 259, 2, 1.70%, 31, 0, 7, 214.51
1629396110, 0, 352, 361, 260, 2, 1.70%, 31, 0, 7, 332.55
1629396115, 0, 352, 362, 261, 2, 1.70%, 31, 0, 7, 335.17
1629396120, 0, 352, 364, 263, 2, 1.70%, 31, 0, 7, 335.77
1629396145, 0, 352, 365, 264, 2, 1.70%, 31, 0, 7, 347.50
1629396161, 0, 357, 365, 263, 4, 1.70%, 31, 0, 7, 265.98
1629396643, 0, 357, 366, 264, 4, 1.70%, 31, 0, 7, 226.60
1629396744, 0, 357, 367, 265, 4, 1.70%, 31, 0, 7, 234.51
1629396851, 0, 359, 367, 264, 3, 1.70%, 31, 0, 7, 245.98
1629397620, 0, 363, 367, 263, 2, 1.70%, 31, 0, 7, 280.83
1629397631, 0, 363, 368, 264, 2, 1.70%, 31, 0, 8, 230.77
1629397641, 0, 363, 370, 266, 2, 1.70%, 31, 0, 8, 263.12
1629398485, 0, 363, 372, 268, 2, 1.70%, 31, 0, 8, 326.42
1629398516, 0, 366, 372, 267, 1, 1.70%, 31, 0, 8, 302.12
1629398552, 0, 366, 373, 268, 1, 1.70%, 31, 0, 8, 229.65
1629398665, 0, 366, 374, 269, 1, 1.70%, 31, 0, 8, 224.42
1629399190, 1, 4, 374, 268, 0, 1.70%, 31, 0, 8, 345.71
1629399261, 1, 14, 374, 267, 0, 1.70%, 31, 0, 8, 376.50
1629399405, 1, 17, 374, 266, 0, 1.70%, 31, 0, 8, 385.66
1629399621, 1, 18, 374, 265, 0, 1.70%, 31, 0, 8, 328.21
1629400358, 1, 32, 374, 264, 0, 1.70%, 31, 0, 8, 289.90
1629401006, 1, 36, 374, 263, 0, 1.70%, 31, 0, 8, 357.56
1629401073, 1, 38, 374, 262, 0, 1.70%, 31, 0, 8, 415.21
1629401099, 1, 46, 374, 261, 0, 1.70%, 31, 0, 8, 316.80
1629401694, 1, 47, 374, 260, 0, 1.70%, 31, 0, 8, 341.28
1629401699, 1, 57, 374, 260, 0, 1.70%, 31, 0, 8, 355.27
1629401823, 1, 61, 374, 259, 0, 1.70%, 31, 0, 8, 397.66
1629401982, 1, 62, 374, 258, 0, 1.70%, 31, 0, 8, 337.73
1629402048, 1, 77, 375, 258, 0, 1.70%, 31, 0, 8, 451.64
1629402053, 1, 80, 375, 258, 0, 1.70%, 31, 0, 8, 310.96
1629402687, 1, 82, 375, 257, 0, 1.70%, 31, 0, 8, 312.30
1629403300, 1, 85, 375, 256, 0, 1.70%, 31, 0, 8, 293.14
1629403913, 1, 90, 375, 255, 0, 1.70%, 31, 0, 8, 309.23
1629404573, 1, 92, 375, 254, 0, 1.70%, 31, 0, 8, 307.29
1629405722, 1, 97, 375, 253, 0, 1.70%, 31, 0, 8, 314.77
1629405865, 1, 99, 375, 252, 0, 1.70%, 31, 0, 8, 363.29
1629406544, 1, 99, 376, 253, 0, 1.70%, 31, 0, 8, 299.72
1629406549, 1, 104, 376, 252, 0, 1.70%, 31, 0, 8, 274.25
1629407234, 1, 119, 376, 251, 0, 1.70%, 31, 0, 8, 330.28
1629407260, 1, 119, 376, 251, 0, 1.70%, 32, 0, 8, 322.75
1629407306, 1, 122, 376, 250, 0, 1.70%, 32, 0, 8, 356.38
1629407443, 1, 128, 376, 249, 0, 1.70%, 32, 0, 8, 348.31
1629407621, 1, 130, 376, 248, 0, 1.70%, 32, 0, 8, 318.86
1629408749, 1, 134, 376, 247, 0, 1.70%, 32, 0, 8, 361.00
1629408811, 1, 153, 376, 246, 0, 1.70%, 32, 0, 8, 423.18
1629408816, 1, 164, 377, 247, 0, 1.70%, 32, 0, 8, 369.26
1629408852, 1, 164, 378, 248, 0, 1.70%, 32, 0, 8, 223.27
1629409485, 1, 164, 379, 249, 0, 1.70%, 32, 0, 8, 240.88
1629409496, 1, 173, 380, 249, 0, 1.70%, 32, 0, 8, 364.38
1629409593, 1, 173, 381, 250, 0, 1.70%, 32, 0, 8, 416.92
1629409598, 1, 174, 381, 249, 0, 1.70%, 32, 0, 8, 342.21
1629409710, 1, 177, 382, 249, 0, 1.70%, 32, 0, 8, 416.69
1629409715, 1, 193, 383, 250, 0, 1.70%, 32, 0, 8, 397.45
1629409720, 1, 198, 383, 250, 0, 1.70%, 32, 0, 8, 386.63
1629409827, 1, 200, 383, 249, 0, 1.70%, 32, 0, 8, 360.15
1629410005, 1, 200, 384, 250, 0, 1.70%, 32, 0, 8, 389.24
1629410010, 1, 204, 384, 249, 0, 1.70%, 32, 0, 8, 350.10
1629410229, 1, 209, 384, 248, 0, 1.70%, 32, 0, 8, 364.20
1629410403, 1, 210, 384, 247, 0, 1.70%, 32, 0, 8, 287.74
1629410575, 1, 223, 384, 246, 0, 1.70%, 32, 0, 8, 378.27
1629410657, 1, 225, 384, 245, 0, 1.70%, 32, 0, 8, 358.86
1629410738, 1, 228, 384, 244, 0, 1.70%, 32, 0, 8, 362.22
1629410819, 1, 235, 384, 243, 0, 1.70%, 32, 0, 8, 399.02
1629410824, 1, 236, 384, 243, 0, 1.70%, 32, 0, 8, 260.24
1629411604, 1, 238, 384, 242, 0, 1.70%, 32, 0, 8, 260.25
1629412381, 1, 240, 384, 241, 0, 1.70%, 32, 0, 8, 310.36
1629413096, 1, 245, 384, 240, 0, 1.70%, 32, 0, 8, 322.24
1629413228, 1, 245, 385, 241, 0, 1.70%, 32, 0, 8, 407.48
1629413238, 1, 253, 385, 240, 0, 1.70%, 32, 0, 8, 431.63
1629413375, 1, 256, 385, 239, 0, 1.70%, 32, 0, 8, 435.67
1629413380, 1, 258, 385, 239, 0, 1.70%, 32, 0, 8, 335.50
1629414053, 1, 258, 386, 240, 0, 1.70%, 32, 0, 8, 354.29
1629414064, 1, 264, 386, 239, 0, 1.70%, 32, 0, 8, 307.35
1629414287, 1, 265, 386, 238, 0, 1.70%, 32, 0, 8, 329.89
1629414546, 1, 268, 386, 237, 0, 1.70%, 32, 0, 8, 379.72
1629414805, 1, 268, 387, 238, 0, 1.70%, 32, 0, 8, 372.87
1629414810, 1, 272, 387, 237, 0, 1.70%, 32, 0, 8, 414.11
1629415485, 1, 272, 389, 239, 0, 1.70%, 32, 0, 8, 291.15
1629415510, 1, 281, 389, 238, 0, 1.70%, 32, 0, 8, 372.39
1629415515, 1, 283, 389, 238, 0, 1.70%, 32, 0, 8, 308.61
1629415622, 1, 283, 390, 239, 0, 1.70%, 32, 0, 8, 238.89
1629416179, 1, 283, 391, 240, 0, 1.70%, 32, 0, 8, 345.48
1629416190, 1, 389, 391, 239, 1, 1.70%, 32, 0, 8, 325.93
1629416286, 1, 389, 392, 240, 1, 1.70%, 32, 0, 8, 286.66
1629416869, 2, 10, 392, 239, 0, 1.70%, 32, 0, 8, 340.84
1629417544, 2, 21, 392, 238, 0, 1.70%, 32, 0, 8, 319.55
1629418134, 2, 21, 393, 239, 0, 1.70%, 32, 0, 8, 374.12
1629418139, 2, 25, 393, 238, 0, 1.70%, 32, 0, 8, 289.70
1629418824, 2, 29, 393, 237, 0, 1.70%, 32, 0, 8, 325.54
1629418894, 2, 29, 394, 238, 0, 1.71%, 32, 0, 8, 420.60
1629418900, 2, 393, 394, 237, 1, 1.71%, 32, 0, 8, 337.62
1629419133, 2, 393, 395, 238, 1, 1.71%, 32, 0, 8, 214.48
1629424351, 2, 394, 395, 237, 1, 1.71%, 32, 0, 8, 240.66
1629429777, 3, 5, 395, 236, 0, 1.71%, 32, 0, 8, 308.56
1629429848, 3, 9, 395, 235, 0, 1.71%, 32, 0, 8, 429.18
1629429853, 3, 11, 395, 235, 0, 1.71%, 32, 0, 8, 276.40
1629430521, 3, 31, 395, 234, 0, 1.71%, 32, 0, 8, 358.52
1629430592, 3, 43, 398, 236, 0, 1.71%, 32, 0, 8, 374.27
1629430598, 3, 60, 398, 236, 0, 1.71%, 32, 0, 8, 406.11
1629430755, 3, 64, 398, 235, 0, 1.71%, 32, 0, 8, 341.65
1629430821, 3, 65, 398, 234, 0, 1.71%, 32, 0, 8, 386.20
1629430887, 3, 68, 398, 233, 0, 1.71%, 32, 0, 8, 394.65
1629431070, 3, 71, 398, 232, 0, 1.71%, 32, 0, 8, 337.56
1629431745, 3, 77, 399, 232, 0, 1.71%, 32, 0, 8, 346.05
1629431750, 3, 78, 399, 232, 0, 1.71%, 32, 0, 8, 238.22
1629432450, 3, 78, 400, 233, 0, 1.71%, 32, 0, 8, 308.68
1629432455, 3, 86, 400, 232, 0, 1.71%, 32, 0, 8, 327.44
1629433105, 3, 96, 400, 231, 0, 1.71%, 32, 0, 8, 311.94
1629433288, 3, 96, 400, 231, 0, 1.71%, 33, 0, 8, 292.59
1629433785, 3, 110, 400, 230, 0, 1.71%, 33, 0, 8, 336.93
1629434531, 3, 111, 400, 229, 0, 1.71%, 33, 0, 8, 298.19
1629435029, 3, 114, 400, 228, 0, 1.71%, 33, 0, 8, 385.74
1629435050, 3, 124, 400, 227, 0, 1.71%, 33, 0, 8, 416.99
1629435202, 3, 129, 400, 226, 0, 1.71%, 33, 0, 8, 291.84
1629436217, 3, 144, 400, 225, 0, 1.71%, 33, 0, 8, 311.06
1629436729, 3, 152, 400, 224, 0, 1.71%, 33, 0, 8, 383.75
1629437328, 3, 156, 401, 224, 0, 1.71%, 33, 0, 8, 391.11
1629437472, 3, 166, 401, 223, 0, 1.71%, 33, 0, 8, 410.19
1629437675, 3, 178, 401, 222, 0, 1.71%, 33, 0, 8, 388.28
1629437680, 3, 184, 401, 222, 0, 1.71%, 33, 0, 8, 316.79
1629438337, 3, 185, 401, 221, 0, 1.71%, 33, 0, 8, 324.40
1629438342, 3, 195, 403, 223, 0, 1.72%, 33, 0, 8, 401.33
1629438347, 3, 219, 403, 223, 1, 1.72%, 33, 0, 8, 348.46
1629438834, 3, 246, 403, 222, 1, 1.72%, 33, 0, 8, 353.02
1629438971, 3, 402, 403, 221, 1, 1.72%, 33, 0, 8, 309.23
