# unix_time, cycles_done, cur_path, paths_total, pending_total, pending_favs, map_size, unique_crashes, unique_hangs, max_depth, execs_per_sec
1629439927, 0, 0, 1, 1, 1, 0.81%, 0, 0, 1, 3.37
1629439932, 0, 0, 5, 5, 1, 0.84%, 0, 0, 2, 23.97
1629439952, 0, 0, 7, 7, 1, 0.84%, 0, 0, 2, 124.38
1629439988, 0, 0, 8, 8, 1, 0.84%, 0, 0, 2, 6.68
1629440004, 0, 0, 9, 9, 1, 0.85%, 0, 0, 2, 17.77
1629440056, 0, 0, 10, 10, 1, 0.85%, 0, 0, 2, 5.68
1629440123, 0, 0, 11, 11, 1, 0.85%, 0, 0, 2, 5.66
1629440149, 0, 0, 12, 12, 1, 0.85%, 0, 0, 2, 5.72
1629440191, 0, 0, 13, 13, 1, 0.85%, 0, 0, 2, 5.73
1629440243, 0, 0, 14, 14, 1, 0.85%, 0, 0, 2, 5.69
1629440284, 0, 0, 15, 15, 1, 0.85%, 0, 0, 2, 5.80
1629440614, 0, 0, 16, 16, 1, 0.85%, 0, 0, 2, 9.65
1629441117, 0, 0, 20, 20, 1, 0.88%, 0, 0, 2, 88.41
1629441122, 0, 0, 25, 25, 1, 0.89%, 0, 0, 2, 5.64
1629441158, 0, 0, 26, 26, 1, 0.89%, 0, 0, 2, 5.81
1629441887, 0, 0, 27, 27, 1, 0.89%, 0, 0, 2, 5.64
1629441892, 0, 0, 28, 28, 1, 0.89%, 0, 0, 2, 68.86
1629441943, 0, 0, 32, 32, 1, 0.89%, 0, 0, 2, 18.65
1629441949, 0, 0, 33, 33, 1, 0.90%, 0, 0, 2, 1.67
1629441968, 0, 0, 34, 34, 1, 0.90%, 0, 0, 2, 0.73
1629441979, 0, 0, 35, 35, 1, 0.90%, 0, 0, 2, 36.90
1629441990, 0, 0, 37, 37, 1, 0.95%, 0, 0, 2, 0.30
1629442015, 0, 0, 38, 38, 1, 0.95%, 0, 0, 2, 0.37
1629442029, 0, 0, 39, 39, 1, 0.98%, 0, 0, 2, 2.19
1629442180, 0, 0, 39, 39, 1, 0.98%, 1, 0, 2, 0.02
1629442843, 0, 0, 39, 39, 1, 0.98%, 2, 0, 2, 0.00
1629442850, 0, 0, 40, 40, 1, 0.98%, 2, 0, 2, 0.56
1629442867, 0, 0, 43, 43, 1, 1.28%, 2, 0, 2, 33.25
