# unix_time, cycles_done, cur_path, paths_total, pending_total, pending_favs, map_size, unique_crashes, unique_hangs, max_depth, execs_per_sec
1629446888, 0, 0, 1, 1, 1, 1.22%, 0, 0, 1, 298.51
1629446893, 0, 0, 45, 45, 1, 1.63%, 0, 0, 2, 332.73
1629446898, 0, 0, 46, 46, 1, 1.63%, 0, 0, 2, 216.39
1629446903, 0, 0, 53, 53, 1, 1.64%, 0, 0, 2, 160.18
1629446908, 0, 0, 55, 55, 1, 1.65%, 0, 0, 2, 124.37
1629446913, 0, 0, 57, 57, 1, 1.65%, 0, 0, 2, 100.19
1629446919, 0, 0, 65, 65, 1, 1.66%, 0, 0, 2, 557.96
1629446924, 0, 0, 70, 70, 1, 1.66%, 0, 0, 2, 74.93
1629446934, 0, 0, 80, 80, 1, 1.66%, 0, 0, 2, 177.18
1629446939, 0, 0, 82, 82, 1, 1.66%, 0, 0, 2, 98.57
1629446944, 0, 0, 83, 83, 1, 1.67%, 0, 0, 2, 83.60
1629446980, 0, 0, 84, 84, 1, 1.67%, 0, 0, 2, 105.42
1629446985, 0, 0, 88, 88, 1, 1.68%, 0, 0, 2, 93.61
1629446995, 0, 0, 89, 89, 1, 1.68%, 0, 0, 2, 76.51
1629447000, 0, 0, 90, 90, 1, 1.68%, 0, 0, 2, 75.90
1629447005, 0, 0, 91, 91, 1, 1.68%, 0, 0, 2, 78.17
1629447010, 0, 0, 92, 92, 1, 1.68%, 0, 0, 2, 77.92
1629447046, 0, 0, 103, 103, 1, 1.68%, 0, 0, 2, 101.70
1629447081, 0, 0, 104, 104, 1, 1.68%, 0, 0, 2, 258.82
1629447117, 0, 0, 124, 124, 1, 1.84%, 0, 0, 2, 193.82
1629447122, 0, 0, 129, 129, 1, 1.85%, 0, 0, 2, 173.37
1629447127, 0, 0, 131, 131, 1, 1.85%, 0, 0, 2, 227.69
1629447132, 0, 0, 132, 132, 1, 1.85%, 0, 0, 2, 304.41
1629447142, 0, 0, 136, 136, 1, 1.91%, 0, 0, 2, 160.27
1629447148, 0, 0, 138, 138, 1, 1.92%, 0, 0, 2, 97.67
1629447173, 0, 0, 140, 140, 1, 1.94%, 0, 0, 2, 84.19
1629447275, 0, 0, 141, 141, 1, 1.94%, 0, 0, 2, 205.04
1629447280, 0, 0, 142, 142, 1, 1.94%, 0, 0, 2, 106.86
1629447316, 0, 0, 145, 145, 1, 1.96%, 0, 0, 2, 78.08
1629447361, 0, 0, 147, 147, 1, 1.99%, 0, 0, 2, 77.53
1629447381, 0, 0, 148, 148, 1, 2.00%, 0, 0, 2, 81.06
1629447407, 0, 0, 149, 149, 1, 2.00%, 0, 0, 2, 598.28
1629447412, 0, 0, 150, 150, 1, 2.02%, 0, 0, 2, 294.13
1629447417, 0, 0, 154, 154, 1, 2.02%, 0, 0, 2, 164.29
1629447427, 0, 0, 158, 158, 1, 2.04%, 0, 0, 2, 96.50
1629447442, 0, 0, 159, 159, 1, 2.04%, 0, 0, 2, 92.05
1629447508, 0, 0, 160, 160, 1, 2.06%, 0, 0, 2, 94.40
1629447549, 0, 0, 164, 164, 1, 2.16%, 0, 0, 2, 175.11
1629447569, 0, 0, 165, 165, 1, 2.16%, 0, 0, 2, 222.61
1629447574, 0, 0, 167, 167, 1, 2.16%, 0, 0, 2, 223.44
1629447590, 0, 0, 168, 168, 1, 2.16%, 0, 0, 2, 100.63
1629447595, 0, 0, 169, 169, 1, 2.16%, 0, 0, 2, 83.95
1629447605, 0, 0, 170, 170, 1, 2.16%, 0, 0, 2, 76.04
1629447768, 0, 0, 171, 171, 1, 2.16%, 0, 0, 2, 74.39
1629448220, 0, 0, 172, 172, 1, 2.16%, 0, 0, 2, 152.15
1629448225, 0, 0, 173, 173, 1, 2.16%, 0, 0, 2, 193.95
1629448251, 0, 0, 174, 174, 1, 2.16%, 0, 0, 2, 80.07
1629448805, 0, 0, 177, 177, 1, 2.17%, 0, 0, 2, 75.19
1629448810, 0, 0, 179, 179, 1, 2.17%, 0, 0, 2, 74.88
1629448963, 0, 0, 180, 180, 1, 2.17%, 0, 0, 2, 93.39
1629448968, 0, 0, 181, 181, 1, 2.17%, 0, 0, 2, 94.92
1629448973, 0, 0, 182, 182, 1, 2.18%, 0, 0, 2, 87.11
1629448978, 0, 0, 194, 194, 1, 2.19%, 0, 0, 2, 156.52
1629448983, 0, 0, 205, 205, 1, 2.20%, 0, 0, 2, 225.61
1629448989, 0, 0, 213, 213, 1, 2.20%, 0, 0, 2, 243.61
1629448994, 0, 0, 224, 224, 1, 2.20%, 0, 0, 2, 239.78
1629448999, 0, 0, 227, 227, 1, 2.20%, 0, 0, 2, 260.11
1629449004, 0, 0, 232, 232, 1, 2.20%, 0, 0, 2, 246.22
1629449009, 0, 0, 237, 237, 1, 2.21%, 0, 0, 2, 251.83
1629449014, 0, 0, 241, 241, 1, 2.21%, 0, 0, 2, 240.96
1629449019, 0, 0, 246, 246, 1, 2.21%, 0, 0, 2, 244.54
1629449024, 0, 0, 247, 247, 1, 2.21%, 0, 0, 2, 249.37
1629449029, 0, 0, 249, 249, 1, 2.21%, 0, 0, 2, 255.97
1629449034, 0, 0, 251, 251, 1, 2.21%, 0, 0, 2, 255.65
1629449040, 0, 0, 254, 254, 1, 2.21%, 0, 0, 2, 257.42
1629449045, 0, 0, 256, 256, 1, 2.21%, 0, 0, 2, 253.80
1629449050, 0, 0, 258, 258, 1, 2.21%, 0, 0, 2, 256.71
1629449055, 0, 0, 261, 261, 1, 2.21%, 0, 0, 2, 239.75
1629449060, 0, 0, 264, 264, 1, 2.21%, 0, 0, 2, 233.93
1629449070, 0, 0, 266, 266, 1, 2.21%, 0, 0, 2, 258.07
1629449080, 0, 0, 267, 267, 1, 2.21%, 0, 0, 2, 252.18
1629449085, 0, 0, 268, 268, 1, 2.21%, 0, 0, 2, 255.66
1629449106, 0, 0, 271, 271, 1, 2.21%, 0, 0, 2, 256.73
1629449111, 0, 1, 272, 271, 71, 2.21%, 0, 0, 2, 280.10
1629449232, 0, 1, 273, 272, 71, 2.21%, 0, 0, 3, 334.79
1629449587, 0, 4, 273, 271, 70, 2.21%, 0, 0, 3, 275.10
1629450317, 0, 4, 274, 272, 70, 2.21%, 0, 0, 3, 206.30
1629450389, 0, 4, 276, 274, 70, 2.21%, 0, 0, 3, 334.40
1629450395, 0, 4, 277, 275, 70, 2.21%, 0, 0, 3, 337.12
1629450400, 0, 4, 278, 276, 70, 2.21%, 0, 0, 3, 342.22
1629450405, 0, 4, 279, 277, 70, 2.21%, 0, 0, 3, 342.18
1629450410, 0, 4, 282, 280, 70, 2.21%, 0, 0, 3, 339.47
1629450425, 0, 4, 284, 282, 70, 2.21%, 0, 0, 3, 344.12
1629450431, 0, 4, 285, 283, 70, 2.21%, 0, 0, 3, 342.94
1629450436, 0, 4, 287, 285, 70, 2.21%, 0, 0, 3, 338.28
1629450451, 0, 7, 287, 284, 69, 2.21%, 0, 0, 3, 328.93
1629450565, 0, 7, 288, 285, 69, 2.22%, 0, 0, 3, 290.49
1629450585, 0, 7, 289, 286, 69, 2.22%, 0, 0, 3, 208.47
1629450692, 0, 7, 290, 287, 69, 2.22%, 0, 0, 3, 211.24
1629450703, 0, 7, 291, 288, 69, 2.22%, 0, 0, 3, 199.33
1629451258, 0, 7, 292, 289, 69, 2.22%, 0, 0, 3, 284.80
1629451274, 0, 8, 292, 288, 70, 2.22%, 0, 0, 3, 324.11
1629451477, 0, 8, 293, 289, 70, 2.22%, 0, 0, 3, 197.11
1629451650, 0, 8, 294, 290, 70, 2.23%, 0, 0, 3, 81.05
1629451706, 0, 8, 296, 292, 70, 2.23%, 0, 0, 3, 183.59
1629451838, 0, 8, 297, 293, 70, 2.23%, 0, 0, 3, 175.88
1629452998, 0, 8, 298, 294, 70, 2.23%, 0, 0, 3, 271.52
1629453009, 0, 9, 298, 293, 71, 2.23%, 0, 0, 3, 237.38
1629453298, 0, 9, 299, 294, 71, 2.23%, 0, 0, 3, 138.65
1629453410, 0, 9, 300, 295, 71, 2.23%, 0, 0, 3, 174.59
1629454166, 0, 9, 301, 296, 71, 2.23%, 0, 0, 3, 309.28
1629454171, 0, 9, 303, 298, 71, 2.24%, 0, 0, 3, 309.04
1629454186, 0, 9, 304, 299, 71, 2.24%, 0, 0, 3, 308.53
1629454191, 0, 9, 305, 300, 71, 2.24%, 0, 0, 3, 321.04
1629454197, 0, 9, 306, 301, 71, 2.24%, 0, 0, 3, 318.31
1629454202, 0, 9, 307, 302, 71, 2.24%, 0, 0, 3, 308.94
1629454212, 0, 10, 307, 301, 73, 2.24%, 0, 0, 3, 293.31
1629455130, 0, 10, 308, 302, 73, 2.24%, 0, 0, 3, 311.92
1629455135, 0, 10, 309, 303, 73, 2.24%, 0, 0, 3, 322.41
1629455145, 0, 10, 311, 305, 73, 2.24%, 0, 0, 3, 331.85
1629455150, 0, 10, 312, 306, 73, 2.24%, 0, 0, 3, 331.14
1629455165, 0, 10, 313, 307, 73, 2.24%, 0, 0, 3, 344.84
1629455170, 0, 10, 314, 308, 73, 2.24%, 0, 0, 3, 326.99
1629455175, 0, 10, 315, 309, 73, 2.25%, 0, 0, 3, 325.26
1629455181, 0, 10, 316, 310, 73, 2.25%, 0, 0, 3, 335.56
1629455191, 0, 10, 317, 311, 73, 2.25%, 0, 0, 3, 320.27
1629455196, 0, 10, 318, 312, 73, 2.25%, 0, 0, 3, 331.85
1629455201, 0, 11, 318, 311, 75, 2.25%, 0, 0, 3, 363.11
1629455312, 0, 15, 318, 310, 74, 2.25%, 0, 0, 3, 287.28
1629456006, 0, 16, 318, 309, 73, 2.25%, 0, 0, 3, 312.28
1629456721, 0, 18, 318, 308, 72, 2.25%, 0, 0, 3, 254.62
1629457471, 0, 18, 319, 309, 72, 2.25%, 0, 0, 3, 199.85
1629457543, 0, 19, 319, 308, 71, 2.25%, 0, 0, 3, 246.26
1629458252, 0, 19, 320, 309, 71, 2.25%, 0, 0, 3, 291.39
1629458262, 0, 19, 321, 310, 71, 2.25%, 0, 0, 3, 343.66
1629458277, 0, 20, 321, 309, 69, 2.25%, 0, 0, 3, 319.23
1629458998, 0, 21, 321, 308, 68, 2.25%, 0, 0, 3, 261.20
1629459716, 0, 22, 321, 307, 67, 2.25%, 0, 0, 3, 307.00
1629459737, 0, 22, 322, 308, 67, 2.25%, 0, 0, 3, 230.83
1629460537, 0, 23, 322, 307, 66, 2.25%, 0, 0, 3, 168.66
1629460968, 0, 23, 323, 308, 66, 2.25%, 0, 0, 3, 204.52
1629462284, 0, 23, 324, 309, 66, 2.25%, 0, 0, 3, 265.06
1629462295, 0, 27, 324, 308, 66, 2.25%, 0, 0, 3, 261.68
1629463025, 0, 41, 324, 307, 65, 2.25%, 0, 0, 3, 223.87
1629463274, 0, 41, 325, 308, 65, 2.25%, 0, 0, 3, 246.53
1629465120, 0, 41, 326, 309, 65, 2.25%, 0, 0, 3, 239.96
1629465136, 0, 48, 326, 308, 64, 2.25%, 0, 0, 3, 231.59
1629465237, 0, 48, 327, 309, 64, 2.25%, 0, 0, 3, 244.94
1629465851, 0, 49, 327, 308, 64, 2.25%, 0, 0, 3, 284.26
1629466124, 0, 49, 328, 309, 64, 2.26%, 0, 0, 3, 220.62
1629466129, 0, 49, 329, 310, 64, 2.26%, 0, 0, 3, 218.51
1629466575, 0, 54, 329, 309, 63, 2.26%, 0, 0, 3, 162.01
1629468338, 0, 54, 330, 310, 63, 2.26%, 0, 0, 3, 186.96
1629468348, 0, 63, 330, 309, 62, 2.26%, 0, 0, 3, 145.96
1629468561, 0, 63, 331, 310, 62, 2.29%, 0, 0, 3, 306.01
1629470108, 0, 74, 331, 309, 62, 2.29%, 0, 0, 3, 204.07
1629470812, 0, 76, 331, 308, 61, 2.29%, 0, 0, 3, 241.84
1629471527, 0, 80, 331, 307, 60, 2.29%, 0, 0, 3, 192.77
1629471903, 0, 80, 332, 308, 60, 2.29%, 0, 0, 3, 77.53
1629472136, 0, 80, 333, 309, 60, 2.29%, 0, 0, 3, 99.31
1629473302, 0, 82, 333, 308, 60, 2.29%, 0, 0, 3, 143.99
1629473526, 0, 82, 334, 309, 60, 2.29%, 0, 0, 3, 201.40
1629473739, 0, 82, 335, 310, 60, 2.29%, 0, 0, 3, 209.35
1629475075, 0, 91, 335, 309, 60, 2.29%, 0, 0, 3, 154.35
1629475454, 0, 91, 336, 310, 60, 2.35%, 0, 0, 3, 78.10
1629476597, 0, 91, 338, 312, 60, 2.36%, 0, 0, 3, 76.02
1629476856, 0, 93, 338, 311, 62, 2.36%, 0, 0, 3, 298.98
1629476876, 0, 104, 338, 310, 61, 2.36%, 0, 0, 3, 415.11
1629477113, 0, 106, 338, 309, 61, 2.36%, 0, 0, 3, 343.64
1629477940, 0, 112, 339, 309, 60, 2.37%, 0, 0, 3, 199.11
1629478275, 0, 112, 340, 310, 60, 2.37%, 0, 0, 3, 91.63
1629478351, 0, 112, 341, 311, 60, 2.37%, 0, 0, 3, 173.83
1629479121, 0, 114, 341, 310, 61, 2.37%, 0, 0, 3, 232.31
1629479972, 0, 120, 341, 309, 60, 2.37%, 0, 0, 3, 246.77
1629480084, 0, 120, 342, 310, 60, 2.38%, 0, 0, 3, 276.07
1629480221, 0, 120, 343, 311, 60, 2.38%, 0, 0, 3, 183.97
1629480809, 0, 122, 343, 310, 60, 2.38%, 0, 0, 3, 220.39
1629481037, 0, 122, 344, 311, 60, 2.38%, 0, 0, 3, 334.01
1629481047, 0, 122, 345, 312, 60, 2.39%, 0, 0, 3, 147.21
1629481666, 0, 134, 346, 312, 60, 2.39%, 0, 0, 3, 313.58
1629481671, 0, 134, 347, 313, 60, 2.39%, 0, 0, 3, 207.76
1629481819, 0, 134, 348, 314, 60, 2.39%, 0, 0, 3, 79.40
1629482337, 0, 134, 349, 315, 60, 2.39%, 0, 0, 3, 204.28
1629482602, 0, 135, 349, 314, 60, 2.39%, 0, 0, 3, 180.26
1629482678, 0, 135, 350, 315, 60, 2.39%, 0, 0, 3, 75.94
1629482699, 0, 135, 351, 316, 60, 2.40%, 0, 0, 3, 103.16
1629482857, 0, 135, 354, 319, 60, 2.40%, 0, 0, 3, 79.86
1629482862, 0, 135, 358, 323, 60, 2.40%, 0, 0, 3, 88.19
1629482867, 0, 135, 360, 325, 60, 2.40%, 0, 0, 3, 89.65
1629482872, 0, 135, 361, 326, 60, 2.40%, 0, 0, 3, 86.08
1629482892, 0, 135, 364, 329, 60, 2.40%, 0, 0, 3, 95.81
1629482897, 0, 135, 365, 330, 60, 2.40%, 0, 0, 3, 108.13
1629483329, 0, 135, 366, 331, 60, 2.40%, 0, 0, 3, 77.03
1629483461, 0, 135, 367, 332, 60, 2.41%, 0, 0, 3, 77.33
1629483466, 0, 135, 368, 333, 60, 2.41%, 0, 0, 3, 75.50
1629483720, 0, 135, 369, 334, 60, 2.41%, 0, 0, 3, 155.06
1629484392, 0, 142, 369, 333, 65, 2.41%, 0, 0, 3, 154.87
1629484403, 0, 142, 370, 334, 65, 2.41%, 0, 0, 3, 91.78
1629484611, 0, 142, 371, 335, 65, 2.41%, 0, 0, 3, 165.53
1629484814, 0, 142, 372, 336, 65, 2.41%, 0, 0, 3, 228.14
1629486143, 0, 143, 372, 335, 66, 2.41%, 0, 0, 3, 190.82
1629486264, 0, 143, 373, 336, 66, 2.41%, 0, 0, 3, 75.85
1629486575, 0, 143, 374, 337, 66, 2.41%, 0, 0, 3, 194.49
1629487615, 0, 143, 375, 338, 66, 2.41%, 0, 0, 3, 75.24
1629487935, 0, 144, 375, 337, 66, 2.41%, 0, 0, 3, 205.93
1629488312, 0, 144, 376, 338, 66, 2.41%, 0, 0, 3, 205.28
1629488878, 0, 145, 376, 337, 66, 2.41%, 0, 0, 3, 247.08
1629488888, 0, 145, 377, 338, 66, 2.41%, 0, 0, 3, 216.84
1629488930, 0, 145, 378, 339, 66, 2.41%, 0, 0, 3, 204.42
1629488935, 0, 145, 379, 340, 66, 2.41%, 0, 0, 3, 203.64
1629489088, 0, 145, 381, 342, 66, 2.41%, 0, 0, 3, 209.25
1629489201, 0, 145, 382, 343, 66, 2.41%, 0, 0, 3, 207.80
1629489701, 0, 147, 382, 342, 67, 2.41%, 0, 0, 3, 261.24
1629491380, 0, 147, 382, 342, 67, 2.41%, 1, 0, 3, 75.46
1629491385, 0, 147, 383, 343, 67, 2.42%, 1, 0, 3, 75.72
1629491390, 0, 147, 383, 343, 67, 2.42%, 4, 0, 3, 81.05
1629491395, 0, 147, 383, 343, 67, 2.42%, 5, 0, 3, 81.57
1629491415, 0, 147, 383, 343, 67, 2.42%, 6, 0, 3, 79.44
1629491502, 0, 147, 384, 344, 67, 2.42%, 6, 0, 3, 229.38
1629491508, 0, 148, 384, 343, 68, 2.42%, 6, 0, 3, 222.22
1629492351, 0, 154, 384, 342, 67, 2.42%, 6, 0, 3, 195.07
1629492356, 0, 154, 385, 343, 67, 2.42%, 6, 0, 3, 112.08
1629492366, 0, 154, 387, 345, 67, 2.47%, 6, 0, 3, 90.20
1629492417, 0, 154, 388, 346, 67, 2.47%, 6, 0, 3, 80.96
1629492580, 0, 154, 390, 348, 67, 2.47%, 6, 0, 3, 164.47
1629492585, 0, 154, 393, 351, 67, 2.47%, 6, 0, 3, 147.55
1629492590, 0, 154, 394, 352, 67, 2.48%, 6, 0, 3, 164.82
1629492946, 0, 154, 395, 353, 67, 2.48%, 6, 0, 3, 177.40
1629494121, 0, 154, 397, 355, 67, 2.48%, 6, 0, 3, 148.06
1629494131, 0, 161, 397, 354, 70, 2.48%, 6, 0, 3, 272.85
1629494136, 0, 161, 398, 355, 70, 2.48%, 6, 0, 3, 202.11
1629495060, 0, 162, 398, 354, 69, 2.48%, 6, 0, 3, 239.45
1629495181, 0, 162, 399, 355, 69, 2.48%, 6, 0, 3, 267.98
1629496029, 0, 164, 399, 354, 68, 2.48%, 6, 0, 3, 257.36
1629496044, 0, 164, 400, 355, 68, 2.48%, 6, 0, 3, 223.74
1629496855, 0, 166, 400, 354, 67, 2.48%, 6, 0, 3, 302.86
1629496870, 0, 166, 401, 355, 67, 2.48%, 6, 0, 3, 225.20
1629496973, 0, 166, 402, 356, 67, 2.48%, 6, 0, 3, 233.60
1629497703, 0, 176, 402, 355, 66, 2.48%, 6, 0, 3, 162.95
1629497733, 0, 176, 403, 356, 66, 2.48%, 6, 0, 3, 88.43
1629498244, 0, 176, 404, 357, 66, 2.48%, 6, 0, 3, 196.77
1629498422, 0, 176, 405, 358, 66, 2.48%, 6, 0, 3, 86.17
1629499585, 0, 176, 406, 359, 66, 2.48%, 6, 0, 3, 76.27
1629499890, 0, 178, 406, 358, 66, 2.48%, 6, 0, 3, 138.89
1629500149, 0, 178, 407, 359, 66, 2.49%, 6, 0, 3, 139.12
1629502016, 0, 181, 408, 359, 66, 2.49%, 6, 0, 3, 215.59
1629502441, 0, 181, 409, 360, 66, 2.49%, 6, 0, 3, 210.64
1629502456, 0, 202, 409, 359, 66, 2.49%, 6, 0, 3, 349.30
1629502696, 0, 210, 409, 358, 65, 2.49%, 6, 0, 3, 330.50
1629504088, 0, 210, 410, 359, 65, 2.49%, 6, 0, 3, 253.80
1629504098, 0, 217, 410, 358, 64, 2.49%, 6, 0, 3, 323.24
1629504140, 0, 217, 411, 359, 64, 2.49%, 6, 0, 3, 332.46
1629504191, 0, 217, 412, 360, 64, 2.49%, 6, 0, 3, 325.67
1629504196, 0, 217, 413, 361, 64, 2.49%, 6, 0, 3, 328.16
1629504325, 0, 217, 414, 362, 64, 2.49%, 6, 0, 3, 378.42
1629504330, 0, 217, 416, 364, 64, 2.49%, 6, 0, 3, 420.83
1629504351, 0, 217, 417, 365, 64, 2.49%, 6, 0, 3, 446.64
1629504381, 0, 244, 418, 365, 64, 2.49%, 6, 0, 3, 348.20
1629504386, 0, 244, 419, 366, 64, 2.49%, 6, 0, 3, 253.63
1629504780, 0, 244, 421, 368, 64, 2.49%, 6, 0, 3, 340.77
1629504795, 0, 245, 421, 367, 63, 2.49%, 6, 0, 3, 271.81
1629505610, 0, 245, 422, 368, 63, 2.49%, 6, 0, 3, 320.74
1629505615, 0, 258, 422, 367, 62, 2.49%, 6, 0, 3, 246.93
1629505676, 0, 258, 423, 368, 62, 2.49%, 6, 0, 3, 204.13
1629506371, 0, 258, 424, 369, 62, 2.49%, 6, 0, 3, 201.50
1629506640, 0, 258, 426, 371, 62, 2.49%, 6, 0, 3, 203.14
1629506645, 0, 258, 427, 372, 62, 2.49%, 6, 0, 3, 202.07
1629506660, 0, 273, 427, 371, 62, 2.49%, 6, 0, 3, 274.28
1629506665, 0, 273, 428, 372, 62, 2.49%, 6, 0, 4, 216.29
1629506898, 0, 273, 429, 373, 62, 2.50%, 6, 0, 4, 203.61
1629507020, 0, 273, 430, 374, 62, 2.50%, 6, 0, 4, 205.50
1629507603, 0, 273, 431, 375, 62, 2.50%, 6, 0, 4, 315.75
1629507608, 0, 278, 431, 374, 63, 2.50%, 6, 0, 4, 237.52
1629508485, 0, 278, 432, 375, 63, 2.50%, 6, 0, 4, 305.00
1629508490, 0, 278, 433, 376, 63, 2.50%, 6, 0, 4, 334.29
1629508495, 0, 285, 433, 375, 63, 2.50%, 6, 0, 4, 342.27
1629508977, 0, 287, 433, 374, 62, 2.50%, 6, 0, 4, 272.94
1629509255, 0, 287, 434, 375, 62, 2.50%, 6, 0, 4, 182.58
1629509924, 0, 288, 434, 374, 61, 2.50%, 6, 0, 4, 235.09
1629510765, 0, 290, 434, 373, 60, 2.50%, 6, 0, 4, 266.53
1629510877, 0, 290, 435, 374, 60, 2.50%, 6, 0, 4, 209.45
1629511091, 0, 290, 436, 375, 60, 2.50%, 6, 0, 4, 168.77
1629511603, 0, 292, 436, 374, 60, 2.50%, 6, 0, 4, 289.33
1629511857, 0, 292, 437, 375, 60, 2.50%, 6, 0, 4, 248.67
1629511862, 0, 292, 438, 376, 60, 2.50%, 6, 0, 4, 194.21
1629512551, 0, 293, 438, 375, 60, 2.50%, 6, 0, 4, 203.22
1629514346, 0, 296, 438, 374, 59, 2.50%, 6, 0, 4, 198.65
1629514681, 0, 296, 445, 381, 59, 2.68%, 10, 0, 4, 153.03
1629514737, 0, 296, 446, 382, 59, 2.68%, 10, 0, 4, 138.78
1629515498, 0, 299, 446, 381, 65, 2.68%, 10, 0, 4, 182.46
1629515798, 0, 299, 447, 382, 65, 2.69%, 11, 0, 4, 173.92
1629515803, 0, 299, 448, 383, 65, 2.70%, 11, 0, 4, 150.72
1629516650, 0, 303, 448, 382, 66, 2.70%, 11, 0, 4, 293.97
1629516807, 0, 307, 448, 381, 65, 2.70%, 11, 0, 4, 346.17
1629517456, 0, 312, 448, 380, 64, 2.70%, 11, 0, 4, 289.87
1629518156, 0, 312, 449, 381, 64, 2.70%, 11, 0, 4, 306.05
1629518161, 0, 314, 449, 380, 64, 2.70%, 11, 0, 4, 258.08
1629518967, 0, 316, 451, 381, 63, 2.70%, 11, 0, 4, 259.88
1629518972, 0, 316, 452, 382, 63, 2.70%, 11, 0, 4, 224.57
1629519839, 0, 322, 452, 381, 62, 2.70%, 11, 0, 4, 197.59
1629519966, 0, 322, 453, 382, 62, 2.70%, 11, 0, 4, 271.32
1629519971, 0, 322, 454, 383, 62, 2.70%, 11, 0, 4, 285.70
1629520833, 0, 326, 454, 382, 62, 2.70%, 11, 0, 4, 234.64
1629521557, 0, 327, 454, 381, 61, 2.70%, 11, 0, 4, 250.44
1629522374, 0, 329, 454, 380, 60, 2.70%, 11, 0, 4, 208.95
1629522379, 0, 329, 455, 381, 60, 2.70%, 11, 0, 4, 107.42
1629524193, 0, 330, 456, 381, 60, 2.70%, 11, 0, 4, 219.63
1629525713, 0, 332, 456, 380, 59, 2.70%, 11, 0, 4, 178.22
1629526748, 0, 333, 456, 379, 58, 2.70%, 11, 0, 4, 216.18
1629528564, 0, 333, 457, 380, 58, 2.70%, 11, 0, 4, 214.25
1629528569, 0, 335, 458, 380, 57, 2.70%, 11, 0, 4, 169.97
1629528580, 0, 335, 461, 383, 57, 2.70%, 11, 0, 4, 81.44
1629528585, 0, 335, 464, 386, 57, 2.71%, 11, 0, 4, 95.15
1629528595, 0, 335, 467, 389, 57, 2.73%, 11, 0, 4, 90.77
1629528697, 0, 335, 468, 390, 57, 2.73%, 11, 0, 4, 75.96
1629528702, 0, 335, 469, 391, 57, 2.73%, 11, 0, 4, 74.77
1629528717, 0, 335, 471, 393, 57, 2.73%, 11, 0, 4, 405.86
1629528972, 0, 335, 479, 401, 57, 2.75%, 11, 0, 4, 85.51
1629528977, 0, 335, 481, 403, 57, 2.75%, 11, 0, 4, 84.80
1629528982, 0, 335, 484, 406, 57, 2.76%, 11, 0, 4, 273.53
1629529124, 0, 335, 485, 407, 57, 2.76%, 11, 0, 4, 175.12
1629530053, 0, 335, 486, 408, 57, 2.76%, 11, 0, 4, 76.99
1629530058, 0, 335, 489, 411, 57, 2.76%, 11, 0, 4, 76.61
1629530063, 0, 335, 491, 413, 57, 2.76%, 11, 0, 4, 77.30
1629530073, 0, 335, 492, 414, 57, 2.76%, 11, 0, 4, 75.46
1629530128, 0, 335, 500, 422, 57, 2.78%, 11, 0, 4, 74.35
1629530134, 0, 335, 503, 425, 57, 2.78%, 11, 0, 4, 74.65
1629530159, 0, 335, 506, 428, 57, 2.78%, 11, 0, 4, 75.29
1629530179, 0, 335, 507, 429, 57, 2.78%, 11, 0, 4, 77.59
1629530184, 0, 335, 508, 430, 57, 2.78%, 11, 0, 4, 76.79
1629530189, 0, 335, 509, 431, 57, 2.78%, 11, 0, 4, 77.41
1629530209, 0, 335, 510, 432, 57, 2.78%, 11, 0, 4, 78.16
1629530219, 0, 335, 511, 433, 57, 2.78%, 11, 0, 4, 75.96
1629530331, 0, 336, 511, 432, 68, 2.78%, 11, 0, 4, 146.06
1629531878, 0, 336, 512, 433, 68, 2.78%, 11, 0, 4, 77.23
1629532157, 0, 336, 513, 434, 68, 2.79%, 11, 0, 4, 224.86
1629532162, 0, 336, 514, 435, 68, 2.79%, 11, 0, 4, 266.09
1629532172, 0, 337, 514, 434, 69, 2.79%, 11, 0, 4, 183.82
1629533992, 0, 337, 515, 435, 69, 2.79%, 11, 0, 4, 244.86
1629533998, 0, 338, 515, 434, 69, 2.79%, 11, 0, 4, 174.22
1629535802, 0, 339, 515, 433, 68, 2.79%, 11, 0, 4, 197.09
1629536698, 0, 340, 515, 432, 67, 2.79%, 11, 0, 4, 248.60
1629537002, 0, 340, 517, 434, 67, 2.81%, 12, 0, 4, 155.09
1629537760, 0, 343, 517, 433, 68, 2.81%, 12, 0, 4, 246.77
1629538614, 0, 344, 517, 432, 67, 2.81%, 12, 0, 4, 237.95
1629539450, 0, 344, 518, 433, 67, 2.81%, 12, 0, 4, 258.79
1629539455, 0, 346, 518, 432, 66, 2.81%, 12, 0, 4, 297.90
1629540406, 0, 350, 520, 433, 65, 2.82%, 12, 0, 4, 219.39
1629540446, 0, 350, 522, 435, 65, 2.82%, 12, 0, 4, 200.72
1629540543, 0, 350, 523, 436, 65, 2.82%, 12, 0, 4, 204.54
1629540574, 0, 350, 524, 437, 65, 2.82%, 12, 0, 4, 202.51
1629540827, 0, 350, 525, 438, 65, 2.82%, 12, 0, 4, 198.34
1629541208, 0, 350, 526, 439, 65, 2.82%, 12, 0, 4, 318.23
1629541213, 0, 359, 526, 438, 66, 2.82%, 12, 0, 4, 253.88
1629541250, 0, 359, 527, 439, 66, 2.82%, 12, 0, 4, 207.73
1629541353, 0, 359, 528, 440, 66, 2.82%, 12, 0, 4, 203.75
1629541577, 0, 359, 529, 441, 66, 2.82%, 12, 0, 4, 199.64
1629541993, 0, 361, 529, 440, 65, 2.82%, 12, 0, 4, 301.16
1629543772, 0, 361, 530, 441, 65, 2.82%, 12, 0, 4, 135.17
1629543813, 0, 362, 530, 440, 65, 2.82%, 12, 0, 4, 208.26
1629544593, 0, 367, 530, 439, 65, 2.82%, 12, 0, 4, 210.84
1629544675, 0, 367, 531, 440, 65, 2.82%, 12, 0, 4, 75.91
1629546456, 0, 369, 531, 439, 65, 2.82%, 12, 0, 4, 221.57
1629547286, 0, 370, 532, 439, 64, 2.82%, 12, 0, 4, 277.54
1629547652, 0, 370, 533, 440, 64, 2.82%, 12, 0, 4, 79.62
1629547723, 0, 370, 534, 441, 64, 2.82%, 12, 0, 4, 119.39
1629548023, 0, 370, 535, 442, 64, 2.82%, 12, 0, 4, 76.09
1629549064, 0, 371, 535, 441, 65, 2.82%, 12, 0, 4, 194.17
1629549314, 0, 371, 536, 442, 65, 2.84%, 12, 0, 4, 354.35
1629550034, 0, 374, 536, 441, 65, 2.84%, 12, 0, 4, 166.05
1629551828, 0, 375, 536, 440, 65, 2.84%, 12, 0, 4, 234.01
1629552054, 0, 375, 537, 441, 65, 2.84%, 12, 0, 4, 203.52
1629552466, 0, 375, 538, 442, 65, 2.84%, 12, 0, 4, 203.42
1629552732, 0, 376, 538, 441, 65, 2.84%, 12, 0, 4, 292.79
1629553410, 0, 376, 539, 442, 65, 2.85%, 12, 0, 4, 200.59
1629553568, 0, 378, 539, 441, 65, 2.85%, 12, 0, 4, 255.93
1629553619, 0, 378, 540, 442, 65, 2.85%, 12, 0, 4, 205.41
1629554379, 0, 382, 540, 441, 64, 2.85%, 12, 0, 4, 256.60
1629556413, 0, 383, 540, 440, 63, 2.85%, 12, 0, 4, 192.75
1629557455, 0, 383, 541, 441, 63, 2.85%, 12, 0, 4, 171.43
1629557527, 0, 385, 541, 440, 63, 2.85%, 12, 0, 4, 204.44
1629558477, 0, 386, 541, 439, 62, 2.85%, 12, 0, 4, 163.96
1629558583, 0, 386, 542, 440, 62, 2.85%, 12, 0, 4, 79.67
1629558711, 0, 386, 543, 441, 62, 2.85%, 12, 0, 4, 185.32
1629559055, 0, 386, 544, 442, 62, 2.85%, 12, 0, 4, 98.84
1629559060, 0, 386, 547, 445, 62, 2.85%, 12, 0, 4, 85.05
1629559120, 0, 386, 548, 446, 62, 2.85%, 12, 0, 4, 78.93
1629559125, 0, 386, 549, 447, 62, 2.86%, 12, 0, 4, 80.97
1629560165, 0, 386, 550, 448, 62, 2.86%, 12, 0, 4, 254.93
1629560170, 0, 387, 550, 447, 64, 2.86%, 12, 0, 4, 162.89
1629560236, 0, 387, 551, 448, 64, 2.86%, 12, 0, 4, 81.42
1629560403, 0, 387, 552, 449, 64, 2.86%, 12, 0, 4, 162.78
1629561950, 0, 390, 552, 448, 64, 2.86%, 12, 0, 4, 162.19
1629563659, 0, 393, 552, 447, 63, 2.86%, 12, 0, 4, 154.65
1629563898, 0, 393, 553, 448, 63, 2.86%, 12, 0, 4, 183.16
1629565424, 0, 395, 553, 447, 62, 2.86%, 12, 0, 4, 216.41
1629565429, 0, 395, 554, 448, 62, 2.86%, 12, 0, 4, 215.60
1629566259, 0, 395, 555, 449, 62, 2.86%, 12, 0, 4, 307.12
1629566264, 0, 398, 555, 448, 61, 2.86%, 12, 0, 4, 322.62
1629566396, 0, 398, 556, 449, 61, 2.86%, 12, 0, 4, 247.38
1629567236, 0, 403, 556, 448, 60, 2.86%, 12, 0, 4, 214.32
1629567451, 0, 403, 557, 449, 60, 2.86%, 12, 0, 4, 164.31
1629567476, 0, 403, 558, 450, 60, 2.86%, 12, 0, 4, 167.14
1629568386, 0, 406, 558, 449, 59, 2.86%, 12, 0, 4, 229.77
1629570323, 0, 407, 558, 448, 58, 2.86%, 12, 0, 4, 220.00
1629570639, 0, 409, 558, 447, 57, 2.86%, 12, 0, 4, 243.18
1629570700, 0, 409, 559, 448, 57, 2.86%, 12, 0, 4, 122.52
1629570730, 0, 409, 560, 449, 57, 2.86%, 12, 0, 4, 131.07
1629572125, 0, 409, 563, 452, 57, 2.86%, 12, 0, 4, 195.96
1629572130, 0, 409, 566, 455, 57, 2.86%, 12, 0, 4, 271.15
1629572135, 0, 409, 567, 456, 57, 2.86%, 12, 0, 4, 284.22
1629572166, 0, 409, 568, 457, 57, 2.86%, 12, 0, 4, 292.03
1629572197, 0, 409, 569, 458, 57, 2.86%, 12, 0, 4, 299.37
1629572207, 0, 410, 570, 458, 56, 2.86%, 12, 0, 4, 289.21
1629572213, 0, 410, 571, 459, 56, 2.86%, 12, 0, 4, 241.28
1629572516, 0, 411, 571, 458, 55, 2.86%, 12, 0, 4, 333.99
1629572849, 0, 413, 571, 457, 54, 2.86%, 12, 0, 4, 350.39
1629573070, 0, 417, 574, 459, 53, 2.86%, 12, 0, 4, 355.37
1629573302, 0, 417, 575, 460, 53, 2.86%, 12, 0, 4, 373.94
1629573307, 0, 420, 576, 460, 53, 2.86%, 12, 0, 4, 281.60
1629573364, 0, 420, 577, 461, 53, 2.86%, 12, 0, 4, 409.14
1629573430, 0, 420, 578, 462, 53, 2.86%, 12, 0, 4, 188.55
1629573564, 0, 427, 578, 461, 52, 2.86%, 12, 0, 4, 242.86
1629574517, 0, 427, 580, 463, 52, 2.86%, 12, 0, 5, 322.13
1629574522, 0, 427, 581, 464, 52, 2.86%, 12, 0, 5, 332.94
1629574589, 0, 428, 582, 464, 51, 2.86%, 12, 0, 5, 233.07
1629575534, 0, 428, 584, 466, 51, 2.86%, 12, 0, 5, 290.55
1629575539, 0, 428, 585, 467, 51, 2.86%, 12, 0, 5, 330.46
1629575590, 0, 428, 586, 468, 51, 2.86%, 12, 0, 5, 338.14
1629575595, 0, 428, 588, 470, 51, 2.86%, 12, 0, 5, 334.73
1629575605, 0, 433, 588, 469, 50, 2.86%, 12, 0, 5, 278.58
1629575630, 0, 433, 589, 470, 50, 2.86%, 12, 0, 5, 192.18
1629575635, 0, 433, 590, 471, 50, 2.86%, 12, 0, 5, 173.31
1629576587, 0, 434, 590, 470, 49, 2.86%, 12, 0, 5, 230.90
1629576705, 0, 434, 591, 471, 49, 2.86%, 12, 0, 5, 193.99
1629576911, 0, 434, 592, 472, 49, 2.86%, 12, 0, 5, 164.62
1629577430, 0, 436, 592, 471, 49, 2.86%, 12, 0, 5, 233.10
1629577662, 0, 436, 595, 474, 49, 2.90%, 12, 0, 5, 193.63
1629578227, 0, 438, 595, 473, 51, 2.90%, 12, 0, 5, 222.96
1629578510, 0, 438, 596, 474, 51, 2.90%, 12, 0, 5, 158.53
1629579175, 0, 440, 596, 473, 51, 2.90%, 12, 0, 5, 182.62
1629580480, 0, 441, 596, 472, 50, 2.90%, 12, 0, 5, 176.00
1629581739, 0, 442, 596, 471, 49, 2.90%, 12, 0, 5, 256.43
1629581754, 0, 442, 597, 472, 49, 2.90%, 12, 0, 5, 208.10
1629581861, 0, 442, 597, 472, 49, 2.90%, 13, 0, 5, 183.30
1629581867, 0, 442, 597, 472, 49, 2.90%, 14, 0, 5, 223.20
1629582045, 0, 442, 597, 472, 49, 2.90%, 15, 0, 5, 167.42
1629582581, 0, 442, 597, 472, 49, 2.90%, 17, 0, 5, 305.02
1629582586, 0, 443, 597, 471, 49, 2.90%, 19, 0, 5, 241.50
1629582591, 0, 443, 597, 471, 49, 2.90%, 20, 0, 5, 200.24
1629582601, 0, 443, 597, 471, 49, 2.90%, 21, 0, 5, 193.52
1629583448, 0, 443, 597, 471, 49, 2.90%, 22, 0, 5, 319.15
1629583453, 0, 445, 597, 470, 48, 2.90%, 22, 0, 5, 237.74
1629584973, 0, 446, 597, 469, 47, 2.90%, 22, 0, 5, 246.31
1629586181, 0, 447, 597, 468, 46, 2.90%, 22, 0, 5, 225.62
1629586323, 0, 447, 597, 468, 46, 2.90%, 23, 0, 5, 216.23
1629586506, 0, 447, 597, 468, 46, 2.90%, 24, 0, 5, 178.41
1629587217, 0, 447, 597, 468, 46, 2.90%, 25, 0, 5, 254.71
1629587222, 0, 448, 597, 467, 45, 2.90%, 25, 0, 5, 276.99
1629587417, 0, 448, 598, 468, 45, 2.90%, 25, 0, 5, 240.32
1629587911, 0, 448, 599, 469, 45, 2.90%, 25, 0, 5, 256.11
1629587916, 0, 448, 600, 470, 45, 2.90%, 25, 0, 5, 331.80
1629587937, 0, 452, 600, 469, 45, 2.90%, 25, 0, 5, 246.06
1629587967, 0, 452, 601, 470, 45, 2.90%, 25, 0, 5, 199.54
1629588915, 0, 457, 601, 469, 44, 2.90%, 25, 0, 5, 186.08
1629589939, 0, 457, 602, 470, 44, 2.90%, 25, 0, 5, 121.82
1629590070, 0, 457, 603, 471, 44, 2.90%, 25, 0, 5, 285.53
1629590086, 0, 461, 603, 470, 44, 2.90%, 25, 0, 5, 244.61
1629591841, 0, 464, 603, 469, 44, 2.90%, 25, 0, 5, 200.50
1629593604, 0, 465, 603, 468, 43, 2.90%, 25, 0, 5, 152.00
1629593731, 0, 465, 604, 469, 43, 2.90%, 25, 0, 5, 75.66
1629595360, 0, 465, 605, 470, 43, 2.90%, 25, 0, 5, 239.97
1629595375, 0, 473, 605, 469, 43, 2.90%, 25, 0, 5, 158.88
1629595385, 0, 473, 606, 470, 43, 2.90%, 25, 0, 5, 94.46
1629596943, 0, 473, 607, 471, 43, 2.91%, 25, 0, 5, 74.93
1629596948, 0, 473, 608, 472, 43, 2.91%, 25, 0, 5, 76.25
1629596984, 0, 473, 609, 473, 43, 2.91%, 25, 0, 5, 76.36
1629597019, 0, 473, 610, 474, 43, 2.91%, 25, 0, 5, 77.60
1629597141, 0, 476, 610, 473, 46, 2.91%, 25, 0, 5, 139.12
1629598635, 0, 476, 611, 474, 46, 2.91%, 25, 0, 5, 76.48
1629598701, 0, 476, 612, 475, 46, 2.91%, 25, 0, 5, 75.46
1629598900, 0, 479, 613, 475, 46, 2.91%, 25, 0, 5, 183.43
1629600460, 0, 479, 614, 476, 46, 2.91%, 25, 0, 5, 75.64
1629600525, 0, 479, 615, 477, 46, 2.91%, 25, 0, 5, 75.69
1629600658, 0, 480, 615, 476, 48, 2.91%, 25, 0, 5, 191.82
1629602422, 0, 481, 615, 475, 47, 2.91%, 25, 0, 5, 152.59
1629604178, 0, 486, 615, 474, 46, 2.91%, 25, 0, 5, 172.33
1629605948, 0, 496, 615, 473, 45, 2.91%, 25, 0, 5, 201.28
1629605963, 0, 496, 616, 474, 45, 2.92%, 25, 0, 5, 105.07
1629606070, 0, 496, 617, 475, 45, 2.92%, 25, 0, 5, 77.63
1629606147, 0, 496, 618, 476, 45, 2.93%, 25, 0, 5, 218.58
1629606350, 0, 496, 619, 477, 45, 2.93%, 25, 0, 5, 83.86
1629606360, 0, 496, 620, 478, 45, 2.93%, 25, 0, 5, 90.50
1629607496, 0, 496, 621, 479, 45, 2.93%, 25, 0, 5, 76.21
1629607725, 0, 511, 621, 478, 47, 2.93%, 25, 0, 5, 242.80
1629608152, 0, 511, 623, 480, 47, 2.94%, 25, 0, 5, 82.51
1629609306, 0, 511, 624, 481, 47, 2.95%, 25, 0, 5, 75.30
1629609585, 0, 512, 624, 480, 49, 2.95%, 25, 0, 5, 203.33
1629610660, 0, 514, 624, 479, 48, 2.95%, 25, 0, 5, 240.93
