# unix_time, cycles_done, cur_path, paths_total, pending_total, pending_favs, map_size, unique_crashes, unique_hangs, max_depth, execs_per_sec
1630397057, 0, 0, 1, 1, 1, 2.10%, 0, 0, 1, 109.89
1630397063, 0, 0, 52, 52, 1, 2.42%, 10, 0, 2, 165.90
1630397068, 0, 0, 61, 61, 1, 2.42%, 10, 0, 2, 142.23
1630397073, 0, 0, 72, 72, 1, 2.45%, 10, 0, 2, 138.50
1630397078, 0, 0, 84, 84, 1, 2.50%, 10, 0, 2, 152.44
1630397083, 0, 0, 93, 93, 1, 2.51%, 10, 0, 2, 142.87
1630397088, 0, 0, 96, 96, 1, 2.51%, 10, 0, 2, 138.72
1630397093, 0, 0, 98, 98, 1, 2.52%, 10, 0, 2, 139.56
1630397098, 0, 0, 103, 103, 1, 2.52%, 10, 0, 2, 145.80
1630397113, 0, 0, 106, 106, 1, 2.52%, 11, 0, 2, 144.88
1630397118, 0, 0, 109, 109, 1, 2.55%, 12, 0, 2, 216.41
1630397123, 0, 0, 113, 113, 1, 2.56%, 12, 0, 2, 181.26
1630397129, 0, 0, 117, 117, 1, 2.61%, 12, 0, 2, 155.37
1630397164, 0, 0, 119, 119, 1, 2.64%, 12, 0, 2, 139.07
1630397199, 0, 0, 122, 122, 1, 2.64%, 12, 0, 2, 137.86
1630397209, 0, 0, 124, 124, 1, 2.64%, 12, 0, 2, 142.68
1630397225, 0, 0, 126, 126, 1, 2.64%, 12, 0, 2, 155.60
1630397235, 0, 0, 128, 128, 1, 2.65%, 14, 0, 2, 160.67
1630397240, 0, 0, 129, 129, 1, 2.65%, 14, 0, 2, 171.12
1630397291, 0, 0, 130, 130, 1, 2.65%, 14, 0, 2, 194.15
1630397357, 0, 0, 130, 130, 1, 2.65%, 16, 0, 2, 253.78
1630397367, 0, 0, 134, 134, 1, 2.65%, 16, 0, 2, 218.70
1630397372, 0, 0, 143, 143, 1, 2.66%, 16, 0, 2, 184.18
1630397377, 0, 0, 153, 153, 1, 2.67%, 16, 0, 2, 165.12
1630397382, 0, 0, 155, 155, 1, 2.67%, 16, 0, 2, 161.64
1630397393, 0, 0, 157, 157, 1, 2.67%, 16, 0, 2, 172.70
1630397433, 0, 0, 158, 158, 1, 2.67%, 16, 0, 2, 129.84
1630397469, 0, 0, 159, 159, 1, 2.67%, 16, 0, 2, 129.36
1630397509, 0, 0, 161, 161, 1, 2.67%, 16, 0, 2, 133.55
1630397519, 0, 0, 164, 164, 1, 2.68%, 16, 0, 2, 159.11
1630397545, 0, 0, 165, 165, 1, 2.68%, 16, 0, 2, 133.16
1630397560, 0, 0, 166, 166, 1, 2.68%, 16, 0, 2, 146.34
1630397565, 0, 0, 168, 168, 1, 2.68%, 16, 0, 2, 156.62
1630397605, 0, 0, 170, 170, 1, 2.76%, 16, 0, 2, 150.28
1630397621, 0, 0, 173, 173, 1, 2.76%, 16, 0, 2, 140.05
1630397626, 0, 0, 175, 175, 1, 2.76%, 16, 0, 2, 132.92
1630397641, 0, 0, 176, 176, 1, 2.76%, 16, 0, 2, 145.10
1630397676, 0, 0, 177, 177, 1, 2.76%, 16, 0, 2, 160.82
1630397702, 0, 0, 182, 182, 1, 2.78%, 16, 0, 2, 150.47
1630397712, 0, 0, 182, 182, 1, 2.78%, 17, 0, 2, 324.66
1630397717, 0, 0, 207, 207, 1, 3.19%, 17, 0, 2, 187.11
1630397722, 0, 0, 217, 217, 1, 3.20%, 17, 0, 2, 163.91
1630397763, 0, 0, 219, 219, 1, 3.21%, 17, 0, 2, 225.13
1630397768, 0, 0, 221, 221, 1, 3.21%, 17, 0, 2, 186.48
1630397803, 0, 0, 222, 222, 1, 3.21%, 17, 0, 2, 163.35
1630397854, 0, 0, 239, 239, 1, 3.21%, 17, 0, 2, 146.35
1630397859, 0, 0, 246, 246, 1, 3.21%, 17, 0, 2, 146.76
1630398939, 0, 0, 247, 247, 1, 3.21%, 17, 0, 2, 146.31
1630398944, 0, 0, 248, 248, 1, 3.21%, 17, 0, 2, 132.99
1630398949, 0, 0, 251, 251, 1, 3.21%, 17, 0, 2, 130.28
1630399380, 0, 0, 252, 252, 1, 3.21%, 17, 0, 2, 161.81
1630399516, 0, 0, 259, 259, 1, 3.22%, 18, 0, 2, 162.04
1630399521, 0, 0, 271, 271, 1, 3.22%, 20, 0, 2, 212.34
1630399526, 0, 0, 275, 275, 1, 3.23%, 20, 0, 2, 226.81
1630399531, 0, 0, 278, 278, 1, 3.23%, 20, 0, 2, 230.58
1630399536, 0, 0, 280, 280, 1, 3.23%, 20, 0, 2, 232.41
1630399542, 0, 0, 283, 283, 1, 3.23%, 20, 0, 2, 226.23
1630399547, 0, 0, 285, 285, 1, 3.23%, 20, 0, 2, 235.64
1630399557, 0, 0, 288, 288, 1, 3.23%, 21, 0, 2, 229.26
1630399562, 0, 0, 289, 289, 1, 3.23%, 21, 0, 2, 228.36
1630399567, 0, 0, 290, 290, 1, 3.23%, 21, 0, 2, 230.00
1630399572, 0, 0, 293, 293, 1, 3.23%, 21, 0, 2, 227.50
1630399577, 0, 0, 294, 294, 1, 3.23%, 21, 0, 2, 228.37
1630399582, 0, 0, 294, 294, 1, 3.23%, 22, 0, 2, 234.91
1630399587, 0, 0, 295, 295, 1, 3.23%, 22, 0, 2, 236.25
1630399598, 0, 0, 297, 297, 1, 3.23%, 22, 0, 2, 231.91
1630399603, 0, 0, 299, 299, 1, 3.23%, 22, 0, 2, 239.40
1630399613, 0, 0, 301, 301, 1, 3.23%, 22, 0, 2, 235.32
1630399618, 0, 0, 302, 302, 1, 3.23%, 22, 0, 2, 228.15
1630399633, 0, 0, 303, 303, 1, 3.23%, 22, 0, 2, 232.58
1630399638, 0, 0, 304, 304, 1, 3.23%, 22, 0, 2, 231.85
1630399653, 0, 0, 305, 305, 1, 3.23%, 22, 0, 2, 233.52
1630399658, 0, 2, 305, 304, 66, 3.23%, 22, 0, 2, 226.47
1630399679, 0, 2, 306, 305, 66, 3.23%, 22, 0, 3, 147.08
1630399714, 0, 2, 307, 306, 66, 3.23%, 22, 0, 3, 199.95
1630399901, 0, 2, 308, 307, 66, 3.23%, 22, 0, 3, 168.00
1630399927, 0, 2, 309, 308, 66, 3.23%, 22, 0, 3, 135.15
1630399988, 0, 2, 310, 309, 66, 3.23%, 22, 0, 3, 139.34
1630400064, 0, 2, 311, 310, 66, 3.23%, 22, 0, 3, 137.86
1630400069, 0, 2, 312, 311, 66, 3.23%, 22, 0, 3, 138.54
1630400115, 0, 2, 313, 312, 66, 3.23%, 22, 0, 3, 153.99
1630400151, 0, 2, 315, 314, 66, 3.24%, 22, 0, 3, 223.39
1630401904, 0, 2, 316, 315, 66, 3.24%, 22, 0, 3, 210.56
1630401909, 0, 2, 318, 317, 66, 3.24%, 22, 0, 3, 224.85
1630401914, 0, 2, 320, 319, 66, 3.24%, 22, 0, 3, 236.06
1630401919, 0, 2, 322, 321, 66, 3.24%, 22, 0, 3, 233.32
1630401939, 0, 2, 323, 322, 66, 3.24%, 22, 0, 3, 243.24
1630401944, 0, 2, 325, 324, 66, 3.24%, 22, 0, 3, 234.94
1630401985, 0, 2, 327, 326, 66, 3.24%, 22, 0, 3, 237.18
1630402000, 0, 2, 328, 327, 66, 3.24%, 22, 0, 3, 239.01
1630402010, 0, 2, 329, 328, 66, 3.24%, 22, 0, 3, 228.72
1630402015, 0, 2, 330, 329, 66, 3.24%, 22, 0, 3, 231.56
1630402020, 0, 2, 331, 330, 66, 3.24%, 22, 0, 3, 229.99
1630402030, 0, 2, 332, 331, 66, 3.24%, 22, 0, 3, 234.20
1630402041, 0, 3, 332, 330, 67, 3.24%, 22, 0, 3, 214.44
1630402548, 0, 3, 334, 332, 67, 3.25%, 22, 0, 3, 175.31
1630404337, 0, 4, 334, 331, 67, 3.25%, 22, 0, 3, 205.02
1630404342, 0, 4, 335, 332, 67, 3.26%, 23, 0, 3, 154.70
1630404352, 0, 4, 336, 333, 67, 3.26%, 23, 0, 3, 136.76
1630404444, 0, 4, 337, 334, 67, 3.26%, 23, 0, 3, 138.24
1630404839, 0, 4, 339, 336, 67, 3.27%, 23, 0, 3, 205.96
1630406637, 0, 9, 339, 335, 68, 3.27%, 23, 0, 3, 198.64
1630406718, 0, 9, 340, 336, 68, 3.27%, 23, 0, 3, 236.18
1630406829, 0, 9, 340, 336, 68, 3.27%, 24, 0, 3, 228.40
1630407492, 0, 10, 340, 335, 68, 3.27%, 24, 0, 3, 238.57
1630407827, 0, 10, 341, 336, 68, 3.28%, 24, 0, 3, 178.90
1630407852, 0, 10, 341, 336, 68, 3.28%, 25, 0, 3, 220.89
1630409152, 0, 15, 341, 335, 68, 3.28%, 25, 0, 3, 231.77
1630409354, 0, 15, 341, 335, 68, 3.28%, 26, 0, 3, 248.49
1630410018, 0, 32, 342, 335, 67, 3.28%, 26, 0, 3, 237.44
1630410378, 0, 32, 342, 335, 67, 3.28%, 27, 0, 3, 228.61
1630410490, 0, 32, 343, 336, 67, 3.28%, 27, 0, 3, 160.44
1630410495, 0, 32, 344, 337, 67, 3.28%, 27, 0, 3, 162.19
1630411689, 0, 33, 344, 336, 66, 3.28%, 27, 0, 3, 208.44
1630412049, 0, 33, 344, 336, 66, 3.28%, 28, 0, 3, 233.40
1630412161, 0, 33, 345, 337, 66, 3.28%, 28, 0, 3, 164.83
1630413358, 0, 34, 345, 336, 65, 3.28%, 28, 0, 3, 202.90
1630413418, 0, 34, 346, 337, 65, 3.28%, 28, 0, 3, 163.39
1630413947, 0, 34, 353, 344, 65, 3.28%, 28, 0, 3, 146.01
1630413993, 0, 34, 354, 345, 65, 3.28%, 28, 0, 3, 147.50
1630413998, 0, 34, 355, 346, 65, 3.28%, 28, 0, 3, 145.73
1630414014, 0, 34, 356, 347, 65, 3.28%, 28, 0, 3, 160.60
1630415673, 0, 36, 356, 346, 64, 3.28%, 28, 0, 3, 187.02
1630417987, 0, 39, 356, 345, 63, 3.28%, 28, 0, 3, 215.70
1630417998, 0, 39, 357, 346, 63, 3.28%, 28, 0, 3, 199.13
1630418170, 0, 39, 357, 346, 63, 3.28%, 29, 0, 3, 243.32
1630418835, 0, 39, 358, 347, 63, 3.28%, 29, 0, 3, 275.12
1630418840, 0, 39, 359, 348, 63, 3.28%, 29, 0, 3, 282.81
1630418850, 0, 42, 359, 347, 63, 3.28%, 29, 0, 3, 265.18
1630419053, 0, 42, 360, 348, 63, 3.28%, 29, 0, 3, 269.61
1630419058, 0, 42, 360, 348, 63, 3.28%, 30, 0, 3, 226.77
1630419737, 0, 43, 360, 347, 62, 3.28%, 30, 0, 3, 174.37
1630420286, 0, 43, 361, 348, 62, 3.28%, 30, 0, 3, 206.57
1630422049, 0, 61, 361, 347, 61, 3.28%, 30, 0, 3, 211.82
1630422232, 0, 61, 362, 348, 61, 3.28%, 30, 0, 3, 244.48
1630422921, 0, 62, 362, 347, 61, 3.28%, 30, 0, 3, 240.34
1630423028, 0, 62, 363, 348, 61, 3.28%, 30, 0, 3, 200.95
1630423126, 0, 62, 363, 348, 61, 3.28%, 31, 0, 3, 220.12
1630423833, 0, 81, 363, 347, 61, 3.28%, 31, 0, 3, 225.22
1630424273, 0, 81, 363, 347, 61, 3.28%, 32, 0, 3, 202.85
1630425757, 0, 95, 363, 346, 60, 3.28%, 32, 0, 3, 162.30
1630427421, 0, 95, 364, 347, 60, 3.28%, 32, 0, 3, 152.75
1630428065, 0, 100, 364, 346, 60, 3.28%, 32, 0, 3, 205.17
1630428111, 0, 100, 365, 347, 60, 3.29%, 32, 0, 3, 183.21
1630428425, 0, 100, 365, 347, 60, 3.29%, 33, 0, 3, 246.46
1630429740, 0, 107, 365, 346, 60, 3.29%, 33, 0, 3, 206.85
1630430227, 0, 107, 366, 347, 60, 3.29%, 33, 0, 3, 209.92
1630430232, 0, 107, 373, 354, 60, 3.29%, 33, 0, 3, 172.00
1630431946, 0, 110, 373, 353, 60, 3.29%, 33, 0, 3, 207.17
1630431962, 0, 110, 374, 354, 60, 3.29%, 33, 0, 3, 169.63
1630431992, 0, 110, 375, 355, 60, 3.30%, 33, 0, 3, 178.91
1630432114, 0, 110, 376, 356, 60, 3.31%, 33, 0, 3, 209.30
1630432124, 0, 110, 378, 358, 60, 3.31%, 33, 0, 3, 171.36
1630432301, 0, 110, 378, 358, 60, 3.31%, 34, 0, 3, 230.72
1630433611, 0, 112, 378, 357, 60, 3.31%, 34, 0, 3, 220.04
1630433991, 0, 112, 378, 357, 60, 3.31%, 35, 0, 3, 223.53
1630435319, 0, 113, 378, 356, 59, 3.31%, 35, 0, 3, 220.20
1630435700, 0, 113, 378, 356, 59, 3.31%, 36, 0, 3, 208.31
1630437014, 0, 114, 378, 355, 58, 3.31%, 36, 0, 3, 226.69
1630437379, 0, 114, 378, 355, 58, 3.31%, 37, 0, 3, 202.79
1630438688, 0, 115, 378, 354, 57, 3.31%, 37, 0, 3, 205.89
1630439069, 0, 115, 378, 354, 57, 3.31%, 38, 0, 3, 226.92
1630440393, 0, 115, 379, 355, 57, 3.32%, 38, 0, 3, 215.56
1630440398, 0, 115, 380, 356, 57, 3.32%, 38, 0, 3, 238.20
1630440408, 0, 116, 380, 355, 57, 3.32%, 38, 0, 3, 220.11
1630440454, 0, 116, 381, 356, 57, 3.32%, 38, 0, 3, 179.40
1630440591, 0, 116, 382, 357, 57, 3.33%, 38, 0, 3, 189.06
1630440616, 0, 116, 383, 358, 57, 3.33%, 38, 0, 3, 164.26
1630440788, 0, 116, 383, 358, 57, 3.33%, 39, 0, 3, 237.86
1630440839, 0, 116, 384, 359, 57, 3.33%, 39, 0, 3, 185.43
1630442142, 0, 126, 384, 358, 58, 3.33%, 39, 0, 3, 217.38
1630442345, 0, 126, 384, 358, 58, 3.33%, 40, 0, 3, 235.38
1630443010, 0, 127, 384, 357, 57, 3.33%, 40, 0, 3, 235.36
1630443370, 0, 127, 384, 357, 57, 3.33%, 41, 0, 3, 212.13
1630444669, 0, 127, 385, 358, 57, 3.33%, 41, 0, 3, 220.53
1630444674, 0, 127, 386, 359, 57, 3.33%, 41, 0, 3, 247.84
1630444684, 0, 127, 387, 360, 57, 3.33%, 41, 0, 3, 251.44
1630444699, 0, 128, 387, 359, 56, 3.33%, 41, 0, 3, 243.24
1630444892, 0, 128, 389, 361, 56, 3.34%, 42, 0, 3, 221.93
1630445552, 0, 131, 389, 360, 57, 3.34%, 42, 0, 3, 195.54
1630445592, 0, 131, 391, 362, 57, 3.34%, 42, 0, 3, 204.02
1630445597, 0, 131, 392, 363, 57, 3.34%, 42, 0, 3, 180.87
1630445932, 0, 131, 392, 363, 57, 3.34%, 43, 0, 3, 215.03
1630447257, 0, 139, 392, 362, 56, 3.34%, 43, 0, 3, 208.83
1630447628, 0, 139, 392, 362, 56, 3.34%, 44, 0, 3, 225.07
1630447709, 0, 139, 393, 363, 56, 3.34%, 44, 0, 3, 164.61
1630448947, 0, 140, 393, 362, 55, 3.34%, 44, 0, 3, 198.87
1630449515, 0, 140, 394, 363, 55, 3.34%, 44, 0, 3, 165.91
1630451259, 0, 152, 394, 362, 54, 3.34%, 44, 0, 3, 196.55
1630453587, 0, 166, 394, 361, 53, 3.34%, 44, 0, 3, 189.01
1630453617, 0, 166, 395, 362, 53, 3.34%, 44, 0, 3, 135.07
1630454089, 0, 166, 396, 363, 53, 3.34%, 44, 0, 3, 263.89
1630454140, 0, 166, 397, 364, 53, 3.34%, 44, 0, 3, 194.97
1630455905, 0, 167, 397, 363, 52, 3.34%, 44, 0, 3, 163.06
1630456331, 0, 167, 398, 364, 52, 3.34%, 44, 0, 3, 139.94
1630456407, 0, 167, 399, 365, 52, 3.34%, 44, 0, 3, 245.39
1630456564, 0, 167, 400, 366, 52, 3.34%, 44, 0, 3, 155.90
1630457411, 0, 167, 401, 367, 52, 3.34%, 44, 0, 3, 144.95
1630457446, 0, 167, 402, 368, 52, 3.36%, 44, 0, 3, 148.57
1630458216, 0, 169, 402, 367, 53, 3.36%, 44, 0, 3, 172.76
1630458627, 0, 169, 408, 373, 53, 3.40%, 44, 0, 3, 133.73
1630458632, 0, 169, 413, 378, 53, 3.41%, 44, 0, 3, 122.39
1630458642, 0, 169, 415, 380, 53, 3.41%, 44, 0, 3, 117.70
1630458723, 0, 169, 416, 381, 53, 3.41%, 44, 0, 3, 226.05
1630460571, 0, 173, 416, 380, 60, 3.41%, 44, 0, 3, 154.41
1630460581, 0, 173, 417, 381, 60, 3.41%, 44, 0, 3, 129.61
1630460586, 0, 173, 419, 383, 60, 3.41%, 44, 0, 3, 146.58
1630460667, 0, 173, 420, 384, 60, 3.41%, 44, 0, 3, 134.23
1630460814, 0, 173, 421, 385, 60, 3.41%, 44, 0, 3, 165.43
1630461012, 0, 173, 422, 386, 60, 3.41%, 44, 0, 3, 127.75
1630461027, 0, 173, 423, 387, 60, 3.41%, 44, 0, 3, 128.41
1630461047, 0, 173, 424, 388, 60, 3.41%, 44, 0, 3, 133.33
1630461073, 0, 173, 425, 389, 60, 3.41%, 44, 0, 3, 264.05
1630461078, 0, 173, 426, 390, 60, 3.41%, 44, 0, 3, 191.94
1630461083, 0, 173, 427, 391, 60, 3.41%, 44, 0, 3, 183.30
1630462332, 0, 173, 428, 392, 60, 3.41%, 44, 0, 3, 127.71
1630462399, 0, 173, 430, 394, 60, 3.42%, 44, 0, 3, 125.81
1630462409, 0, 173, 431, 395, 60, 3.42%, 44, 0, 3, 127.85
1630462942, 0, 176, 431, 394, 64, 3.42%, 44, 0, 3, 191.11
1630463195, 0, 176, 432, 395, 64, 3.42%, 44, 0, 3, 171.35
1630463449, 0, 176, 433, 396, 64, 3.42%, 44, 0, 3, 199.68
1630465260, 0, 180, 433, 395, 63, 3.42%, 44, 0, 3, 190.71
1630465387, 0, 180, 434, 396, 63, 3.42%, 44, 0, 3, 133.47
1630467464, 0, 180, 440, 402, 63, 3.44%, 44, 0, 3, 145.43
1630467596, 0, 181, 440, 401, 65, 3.44%, 44, 0, 3, 161.81
1630469901, 0, 181, 440, 401, 65, 3.44%, 45, 0, 3, 211.16
1630469906, 0, 189, 440, 400, 64, 3.44%, 45, 0, 3, 163.24
1630470393, 0, 189, 443, 403, 64, 3.44%, 45, 0, 3, 179.56
1630470403, 0, 189, 444, 404, 64, 3.44%, 45, 0, 3, 173.93
1630470408, 0, 189, 445, 405, 64, 3.44%, 45, 0, 3, 178.40
1630470413, 0, 189, 446, 406, 64, 3.44%, 45, 0, 3, 172.75
1630470418, 0, 189, 447, 407, 64, 3.44%, 45, 0, 3, 168.68
1630470423, 0, 189, 448, 408, 64, 3.44%, 45, 0, 3, 165.97
1630472153, 0, 193, 448, 407, 63, 3.44%, 46, 0, 3, 192.15
1630472198, 0, 193, 449, 408, 63, 3.44%, 46, 0, 3, 198.01
1630472609, 0, 193, 450, 409, 63, 3.44%, 46, 0, 3, 164.02
1630472619, 0, 193, 450, 409, 63, 3.44%, 47, 0, 3, 164.24
1630472624, 0, 193, 451, 410, 63, 3.44%, 47, 0, 3, 179.25
1630474065, 0, 193, 452, 411, 63, 3.44%, 47, 0, 3, 224.27
1630474070, 0, 195, 452, 410, 63, 3.44%, 47, 0, 3, 228.53
1630474075, 0, 195, 452, 410, 63, 3.44%, 48, 0, 3, 181.44
1630474552, 0, 195, 452, 410, 63, 3.44%, 49, 0, 3, 178.37
1630475997, 0, 197, 452, 409, 62, 3.44%, 49, 0, 3, 213.79
1630478414, 0, 204, 452, 408, 62, 3.44%, 50, 0, 3, 187.30
1630478434, 0, 204, 452, 408, 62, 3.44%, 51, 0, 3, 145.42
1630478474, 0, 204, 452, 408, 62, 3.44%, 54, 0, 3, 202.32
1630478479, 0, 204, 452, 408, 62, 3.44%, 55, 0, 3, 196.31
1630478661, 0, 204, 452, 408, 62, 3.44%, 58, 0, 3, 223.03
1630478667, 0, 204, 452, 408, 62, 3.44%, 59, 0, 3, 193.92
1630478682, 0, 204, 453, 409, 62, 3.44%, 59, 0, 3, 207.88
1630478818, 0, 204, 453, 409, 62, 3.44%, 60, 0, 3, 154.26
1630478828, 0, 204, 453, 409, 62, 3.44%, 61, 0, 3, 134.49
1630478909, 0, 204, 455, 411, 62, 3.45%, 61, 0, 3, 196.96
1630478960, 0, 204, 456, 412, 62, 3.45%, 61, 0, 3, 168.45
1630479001, 0, 204, 457, 413, 62, 3.45%, 62, 0, 3, 160.23
1630479006, 0, 204, 458, 414, 62, 3.45%, 62, 0, 3, 215.73
1630479041, 0, 204, 458, 414, 62, 3.45%, 65, 0, 3, 229.91
1630479046, 0, 204, 458, 414, 62, 3.45%, 69, 0, 3, 212.80
1630479117, 0, 204, 458, 414, 62, 3.45%, 70, 0, 3, 168.86
1630480568, 0, 204, 458, 414, 62, 3.45%, 71, 0, 3, 189.44
1630480710, 0, 205, 458, 413, 62, 3.45%, 73, 0, 3, 207.59
1630480715, 0, 205, 459, 414, 62, 3.45%, 73, 0, 3, 160.89
1630480730, 0, 205, 460, 415, 62, 3.45%, 73, 0, 3, 154.13
1630481233, 0, 205, 461, 416, 62, 3.45%, 73, 0, 3, 178.77
1630483046, 0, 214, 461, 415, 61, 3.45%, 73, 0, 3, 173.87
1630483538, 0, 214, 462, 416, 61, 3.45%, 73, 0, 3, 204.91
1630485235, 0, 214, 463, 417, 61, 3.45%, 73, 0, 3, 208.59
1630485240, 0, 215, 463, 416, 61, 3.45%, 73, 0, 3, 209.88
