# unix_time, cycles_done, cur_path, paths_total, pending_total, pending_favs, map_size, unique_crashes, unique_hangs, max_depth, execs_per_sec
1636270513, 0, 0, 1, 1, 1, 0.30%, 0, 0, 1, 784.31
1636270518, 0, 0, 38, 38, 1, 0.63%, 0, 0, 2, 1245.78
1636270523, 0, 0, 57, 57, 1, 0.69%, 0, 0, 2, 1350.31
1636270528, 0, 0, 62, 62, 1, 0.69%, 0, 0, 2, 1372.73
1636270533, 0, 0, 66, 66, 1, 0.70%, 0, 0, 2, 1358.27
1636270538, 0, 0, 71, 71, 1, 0.70%, 0, 0, 2, 1363.89
1636270548, 0, 0, 87, 87, 1, 0.70%, 0, 0, 2, 1409.75
1636270553, 0, 0, 93, 93, 1, 0.71%, 0, 0, 2, 1367.55
1636270569, 0, 0, 94, 94, 1, 0.71%, 0, 0, 2, 1323.11
1636270574, 0, 0, 96, 96, 1, 0.72%, 0, 0, 2, 1322.54
1636270579, 0, 0, 101, 101, 1, 0.73%, 0, 0, 2, 1313.77
1636270584, 0, 0, 102, 102, 1, 0.73%, 0, 0, 2, 1314.69
1636270589, 0, 0, 133, 133, 1, 0.87%, 0, 0, 2, 1519.30
1636270594, 0, 0, 134, 134, 1, 0.87%, 0, 0, 2, 1309.75
1636270828, 0, 0, 157, 157, 1, 0.87%, 0, 0, 2, 1412.66
1636270833, 0, 0, 174, 174, 1, 0.87%, 0, 0, 2, 1530.94
1636270838, 0, 0, 180, 180, 1, 0.87%, 1, 0, 2, 1532.76
1636270843, 0, 0, 185, 185, 1, 0.87%, 1, 0, 2, 1543.77
1636270848, 0, 0, 189, 189, 1, 0.87%, 1, 0, 2, 1566.66
1636270854, 0, 4, 189, 188, 45, 0.87%, 1, 0, 2, 1720.74
1636270869, 0, 5, 193, 191, 44, 0.89%, 2, 0, 3, 1857.41
1636270874, 0, 5, 196, 194, 44, 0.90%, 2, 0, 3, 1547.40
1636270879, 0, 5, 197, 195, 44, 0.90%, 2, 0, 3, 1475.45
1636270884, 0, 6, 199, 196, 43, 0.90%, 2, 0, 3, 1794.28
1636270894, 0, 7, 200, 196, 42, 0.90%, 2, 0, 3, 1805.43
1636270909, 0, 8, 200, 195, 41, 0.90%, 2, 0, 3, 1570.33
1636270914, 0, 8, 202, 197, 41, 0.90%, 2, 0, 3, 1570.98
1636270925, 0, 9, 202, 196, 40, 0.90%, 2, 0, 3, 1556.16
1636270940, 0, 14, 202, 195, 39, 0.90%, 2, 0, 3, 1451.56
1636271225, 0, 22, 203, 195, 38, 0.91%, 2, 0, 3, 1474.56
1636271230, 0, 22, 205, 197, 38, 0.91%, 2, 0, 3, 1499.81
1636271240, 0, 35, 205, 196, 39, 0.91%, 2, 0, 3, 1405.94
1636271246, 0, 35, 206, 197, 39, 0.91%, 2, 0, 3, 1362.19
1636271526, 0, 35, 208, 199, 39, 0.91%, 2, 0, 3, 1458.45
1636271532, 0, 44, 209, 199, 37, 0.91%, 2, 0, 3, 1733.85
1636271547, 0, 45, 209, 198, 37, 0.91%, 2, 0, 3, 1916.54
1636271552, 0, 45, 211, 200, 37, 0.91%, 2, 0, 3, 1414.40
1636271562, 0, 52, 211, 199, 35, 0.91%, 2, 0, 3, 1825.59
1636271577, 0, 54, 211, 198, 34, 0.91%, 2, 0, 3, 1427.30
1636271582, 0, 54, 212, 199, 34, 0.91%, 2, 0, 3, 1363.85
1636271648, 0, 54, 213, 200, 34, 0.91%, 2, 0, 3, 1320.26
1636271863, 0, 59, 215, 201, 34, 0.91%, 2, 0, 3, 1397.98
1636272148, 0, 62, 215, 200, 33, 0.91%, 2, 0, 3, 1344.91
1636272163, 0, 62, 216, 201, 33, 0.91%, 2, 0, 3, 1351.53
1636272434, 0, 65, 217, 201, 32, 0.91%, 2, 0, 3, 1755.05
1636272444, 0, 71, 217, 200, 31, 0.91%, 2, 0, 3, 1533.45
1636272449, 0, 71, 218, 201, 31, 0.91%, 2, 0, 3, 1785.16
1636272480, 0, 77, 218, 200, 30, 0.91%, 2, 0, 3, 1723.62
1636272495, 0, 80, 219, 200, 29, 0.91%, 2, 0, 3, 1462.99
1636272535, 0, 82, 220, 200, 28, 0.91%, 2, 0, 3, 1438.83
1636272556, 0, 82, 221, 201, 28, 0.91%, 2, 0, 3, 1312.46
1636272591, 0, 88, 222, 201, 27, 0.91%, 2, 0, 3, 1479.60
1636272616, 0, 88, 223, 202, 27, 0.91%, 2, 0, 3, 1353.56
1636272871, 0, 93, 224, 202, 27, 0.91%, 2, 0, 3, 1350.47
1636272911, 0, 93, 225, 203, 27, 0.92%, 2, 0, 3, 1344.49
1636273152, 0, 103, 225, 202, 27, 0.92%, 2, 0, 3, 1409.52
1636273157, 0, 103, 227, 204, 27, 0.93%, 2, 0, 3, 2045.59
1636273177, 0, 110, 230, 206, 29, 0.93%, 2, 0, 3, 1433.78
1636273182, 0, 110, 231, 207, 29, 0.93%, 2, 0, 3, 1861.32
1636273187, 0, 110, 232, 208, 29, 0.93%, 2, 0, 3, 1408.52
1636273192, 0, 110, 237, 213, 29, 0.99%, 2, 0, 3, 1290.55
1636273207, 0, 131, 239, 214, 32, 1.00%, 2, 0, 3, 1387.96
1636273212, 0, 131, 240, 215, 32, 1.00%, 2, 0, 3, 1345.72
1636273217, 0, 131, 243, 218, 32, 1.00%, 2, 0, 3, 1277.53
1636273233, 0, 131, 244, 219, 32, 1.00%, 2, 0, 3, 1350.17
1636273283, 0, 131, 245, 220, 32, 1.00%, 2, 0, 3, 1282.24
1636273528, 0, 132, 247, 221, 34, 1.00%, 2, 0, 3, 1368.26
1636273589, 0, 132, 248, 222, 34, 1.13%, 2, 0, 3, 1549.72
1636273855, 0, 136, 248, 221, 32, 1.13%, 2, 0, 3, 1357.08
1636274022, 0, 140, 248, 220, 31, 1.13%, 2, 0, 3, 1342.27
1636274165, 0, 145, 248, 219, 30, 1.13%, 2, 0, 3, 1944.09
1636274257, 0, 164, 249, 219, 29, 1.13%, 2, 0, 3, 1463.69
1636274298, 0, 164, 254, 224, 29, 1.16%, 2, 0, 3, 1374.02
1636274369, 0, 164, 255, 225, 29, 1.16%, 2, 0, 3, 1390.63
1636274410, 0, 173, 256, 225, 32, 1.16%, 2, 0, 3, 1552.37
1636274420, 0, 173, 257, 226, 32, 1.17%, 2, 0, 3, 1507.01
1636274450, 0, 176, 257, 225, 32, 1.17%, 2, 0, 3, 1479.42
1636274476, 0, 176, 258, 226, 32, 1.17%, 2, 0, 3, 1416.40
1636274609, 0, 189, 264, 231, 31, 1.18%, 2, 0, 4, 1430.14
1636274619, 0, 189, 265, 232, 31, 1.18%, 2, 0, 4, 1308.29
1636274624, 0, 190, 267, 233, 31, 1.18%, 3, 0, 4, 1482.03
1636274629, 0, 190, 268, 234, 31, 1.18%, 3, 0, 4, 1723.51
1636274634, 0, 190, 270, 236, 31, 1.18%, 3, 0, 4, 1522.79
1636274639, 0, 193, 270, 235, 32, 1.18%, 3, 0, 4, 1603.58
1636274654, 0, 193, 273, 238, 32, 1.21%, 3, 0, 4, 1385.32
1636274665, 0, 198, 274, 238, 34, 1.21%, 3, 0, 4, 1652.73
1636274670, 0, 198, 275, 239, 34, 1.21%, 3, 0, 4, 1650.89
1636274675, 0, 200, 275, 238, 33, 1.21%, 3, 0, 4, 1671.80
1636274680, 0, 200, 275, 238, 33, 1.21%, 4, 0, 4, 1736.61
1636274690, 0, 201, 275, 237, 32, 1.21%, 4, 0, 4, 1551.57
1636274721, 0, 202, 276, 237, 31, 1.21%, 4, 0, 4, 1607.99
1636274736, 0, 203, 276, 236, 30, 1.21%, 4, 0, 4, 1559.91
1636274751, 0, 207, 276, 235, 29, 1.21%, 4, 0, 4, 1517.50
1636274756, 0, 207, 278, 237, 29, 1.21%, 4, 0, 4, 1413.95
1636274787, 0, 207, 279, 238, 29, 1.21%, 4, 0, 4, 1363.89
1636274950, 0, 207, 282, 241, 29, 1.21%, 4, 0, 4, 1536.93
1636274955, 0, 207, 285, 244, 29, 1.21%, 4, 0, 4, 1657.54
1636274960, 0, 207, 286, 245, 29, 1.21%, 4, 0, 4, 1692.07
1636274965, 0, 207, 287, 246, 29, 1.21%, 4, 0, 4, 1664.74
1636274970, 0, 208, 288, 246, 29, 1.21%, 4, 0, 4, 1954.73
1636274985, 0, 209, 291, 248, 28, 1.21%, 4, 0, 4, 1580.29
1636274990, 0, 209, 293, 250, 28, 1.21%, 4, 0, 4, 1517.63
1636274995, 0, 209, 294, 251, 28, 1.21%, 4, 0, 4, 1302.41
1636275006, 0, 210, 294, 250, 28, 1.21%, 4, 0, 4, 1411.17
1636275016, 0, 210, 297, 253, 28, 1.21%, 4, 0, 4, 1437.36
1636275021, 0, 210, 298, 254, 28, 1.21%, 4, 0, 4, 1292.42
1636275041, 0, 212, 298, 253, 27, 1.21%, 4, 0, 4, 1340.08
1636275046, 0, 212, 299, 254, 27, 1.21%, 4, 0, 4, 1317.99
1636275358, 0, 222, 299, 253, 26, 1.21%, 4, 0, 4, 1332.12
1636275394, 0, 222, 300, 254, 26, 1.21%, 4, 0, 4, 1317.83
1636275644, 0, 224, 300, 253, 25, 1.21%, 4, 0, 4, 1350.93
1636275705, 0, 224, 301, 254, 25, 1.21%, 4, 0, 4, 1307.35
1636275928, 0, 225, 301, 253, 24, 1.21%, 5, 0, 4, 2153.08
1636275948, 0, 226, 301, 252, 23, 1.21%, 5, 0, 4, 1498.25
1636275974, 0, 230, 301, 251, 22, 1.21%, 5, 0, 4, 1502.96
1636275999, 0, 232, 301, 250, 21, 1.21%, 5, 0, 4, 1478.86
1636276035, 0, 233, 301, 249, 20, 1.21%, 5, 0, 4, 1488.61
1636276070, 0, 234, 307, 254, 19, 1.21%, 5, 0, 4, 1444.65
1636276075, 0, 234, 309, 256, 19, 1.21%, 5, 0, 4, 1856.01
1636276101, 0, 234, 314, 261, 19, 1.22%, 5, 0, 4, 1272.19
1636276116, 0, 240, 314, 260, 20, 1.22%, 5, 0, 4, 1440.49
1636276162, 0, 244, 314, 259, 19, 1.22%, 5, 0, 4, 1325.59
1636276656, 0, 247, 314, 258, 19, 1.22%, 5, 0, 4, 962.90
1636276666, 0, 247, 315, 259, 19, 1.24%, 5, 0, 4, 895.69
1636276763, 0, 247, 316, 260, 19, 1.24%, 5, 0, 4, 1267.62
1636277194, 0, 249, 317, 260, 19, 1.24%, 5, 0, 4, 1288.91
1636277306, 0, 249, 318, 261, 19, 1.24%, 5, 0, 4, 1392.26
1636277341, 0, 251, 318, 260, 19, 1.24%, 5, 0, 4, 1446.56
1636277347, 0, 251, 319, 261, 19, 1.25%, 5, 0, 4, 1408.19
1636277458, 0, 251, 320, 262, 19, 1.25%, 5, 0, 4, 1436.05
1636277493, 0, 252, 320, 261, 19, 1.25%, 5, 0, 4, 1407.55
1636277611, 0, 252, 321, 262, 19, 1.25%, 5, 0, 4, 1362.88
1636277647, 0, 253, 321, 261, 19, 1.25%, 5, 0, 4, 1428.78
1636277780, 0, 253, 322, 262, 19, 1.25%, 5, 0, 4, 1407.75
1636277800, 0, 254, 322, 261, 19, 1.25%, 5, 0, 4, 1403.76
1636277805, 0, 254, 328, 267, 19, 1.25%, 5, 0, 4, 1376.12
1636277831, 0, 254, 329, 268, 19, 1.26%, 5, 0, 4, 1360.28
1636277846, 0, 254, 330, 269, 19, 1.26%, 5, 0, 4, 1354.14
1636277922, 0, 254, 332, 271, 19, 1.26%, 5, 0, 4, 1371.29
1636277958, 0, 256, 332, 270, 22, 1.26%, 5, 0, 4, 1469.68
1636278003, 0, 258, 332, 269, 21, 1.26%, 5, 0, 4, 2009.66
1636278019, 0, 262, 332, 268, 20, 1.26%, 5, 0, 4, 1540.44
1636278034, 0, 265, 332, 267, 19, 1.26%, 5, 0, 4, 1576.73
1636278049, 0, 265, 333, 268, 19, 1.26%, 5, 0, 5, 1796.88
1636278054, 0, 266, 334, 268, 18, 1.26%, 5, 0, 5, 1915.09
1636278064, 0, 266, 335, 269, 18, 1.26%, 5, 0, 5, 1594.55
1636278070, 0, 269, 336, 269, 17, 1.26%, 6, 0, 5, 1738.75
1636278095, 0, 269, 338, 271, 17, 1.26%, 7, 0, 5, 1983.93
1636278100, 0, 271, 340, 272, 16, 1.27%, 7, 0, 5, 1449.21
1636278135, 0, 271, 341, 273, 16, 1.27%, 7, 0, 5, 993.70
1636278151, 0, 284, 341, 272, 16, 1.27%, 7, 0, 5, 1316.24
1636278299, 0, 284, 342, 273, 16, 1.27%, 7, 0, 5, 1546.09
1636278304, 0, 290, 342, 272, 15, 1.27%, 7, 0, 5, 1905.68
1636278309, 0, 290, 343, 273, 15, 1.27%, 7, 0, 5, 1440.39
1636278324, 0, 301, 343, 272, 14, 1.27%, 7, 0, 5, 1464.82
1636278375, 0, 304, 343, 271, 13, 1.27%, 7, 0, 5, 1547.71
1636278410, 0, 308, 343, 270, 12, 1.27%, 7, 0, 5, 1537.35
1636278451, 0, 310, 343, 269, 11, 1.27%, 7, 0, 5, 1503.58
1636278512, 0, 310, 345, 271, 11, 1.27%, 7, 0, 5, 1824.88
1636278517, 0, 314, 350, 275, 11, 1.29%, 7, 0, 5, 1441.51
1636278568, 0, 316, 350, 274, 15, 1.29%, 7, 0, 5, 1286.39
1636278691, 0, 316, 351, 275, 15, 1.29%, 7, 0, 5, 1253.84
1636278732, 0, 318, 351, 274, 15, 1.29%, 7, 0, 5, 1417.11
1636278901, 0, 320, 351, 273, 14, 1.29%, 7, 0, 5, 1396.09
1636279053, 0, 321, 352, 273, 13, 1.29%, 7, 0, 5, 1505.92
1636279206, 0, 321, 353, 274, 13, 1.29%, 7, 0, 5, 1475.03
1636279211, 0, 322, 353, 273, 12, 1.29%, 7, 0, 5, 1427.83
1636279359, 0, 326, 354, 273, 11, 1.29%, 7, 0, 5, 1556.68
1636279512, 0, 328, 354, 272, 10, 1.29%, 7, 0, 5, 1509.65
1636279517, 0, 328, 355, 273, 10, 1.29%, 7, 0, 5, 1449.32
1636279522, 0, 328, 356, 274, 10, 1.30%, 7, 0, 5, 1407.96
1636279542, 0, 328, 358, 276, 10, 1.30%, 7, 0, 5, 1392.13
1636279634, 0, 328, 360, 278, 10, 1.30%, 7, 0, 5, 1358.00
1636279670, 0, 328, 362, 280, 10, 1.30%, 7, 0, 5, 1487.52
1636279675, 0, 330, 363, 280, 11, 1.30%, 7, 0, 5, 1443.78
1636279833, 0, 330, 364, 281, 11, 1.30%, 7, 0, 5, 1473.14
1636279838, 0, 337, 365, 281, 11, 1.30%, 7, 0, 5, 1585.14
1636279848, 0, 337, 366, 282, 11, 1.30%, 7, 0, 6, 1470.79
1636279853, 0, 337, 367, 283, 11, 1.30%, 7, 0, 6, 1556.75
1636279899, 0, 338, 368, 283, 11, 1.31%, 7, 0, 6, 1572.29
1636279949, 0, 343, 368, 282, 11, 1.31%, 7, 0, 6, 1483.83
1636279995, 0, 343, 369, 283, 11, 1.31%, 7, 0, 6, 1698.20
1636280000, 0, 345, 369, 282, 10, 1.31%, 7, 0, 6, 1365.98
1636280051, 0, 346, 369, 281, 9, 1.31%, 7, 0, 6, 1278.33
1636280056, 0, 346, 371, 283, 9, 1.31%, 7, 0, 6, 1337.50
1636280092, 0, 346, 372, 284, 9, 1.31%, 7, 0, 6, 958.75
1636280107, 0, 347, 373, 284, 9, 1.31%, 7, 0, 6, 1480.46
1636280163, 0, 348, 373, 283, 8, 1.31%, 7, 0, 6, 1269.86
1636280214, 0, 349, 373, 282, 7, 1.31%, 7, 0, 6, 1280.26
1636280270, 0, 350, 373, 281, 6, 1.31%, 7, 0, 6, 1287.12
1636280438, 0, 358, 373, 280, 5, 1.31%, 7, 0, 6, 1387.56
1636280448, 0, 358, 374, 281, 5, 1.31%, 7, 0, 6, 1386.21
1636280469, 0, 358, 375, 282, 5, 1.31%, 7, 0, 6, 1376.44
1636280596, 0, 358, 376, 283, 5, 1.31%, 7, 0, 6, 1405.76
1636280601, 0, 360, 379, 285, 6, 1.32%, 7, 0, 6, 1452.62
1636280606, 0, 360, 380, 286, 6, 1.32%, 7, 0, 6, 1401.07
1636280719, 0, 360, 381, 287, 6, 1.32%, 7, 0, 6, 1361.41
1636280754, 0, 360, 382, 288, 6, 1.32%, 7, 0, 6, 1399.06
1636280760, 0, 360, 384, 290, 6, 1.32%, 7, 0, 6, 1625.97
1636280765, 0, 360, 385, 291, 6, 1.32%, 7, 0, 6, 1688.23
1636280775, 0, 362, 387, 292, 8, 1.32%, 7, 0, 6, 1583.12
1636280933, 0, 367, 388, 292, 7, 1.32%, 7, 0, 6, 1510.56
1636280984, 0, 371, 389, 292, 6, 1.32%, 7, 0, 7, 1308.68
1636281040, 0, 374, 389, 291, 6, 1.32%, 7, 0, 7, 1395.35
1636281198, 0, 375, 389, 290, 6, 1.32%, 7, 0, 7, 1449.83
1636281234, 0, 375, 390, 291, 6, 1.32%, 7, 0, 7, 1382.44
1636281295, 0, 375, 391, 292, 6, 1.32%, 7, 0, 7, 1509.17
1636281300, 0, 377, 391, 291, 6, 1.32%, 7, 0, 7, 1439.18
1636281458, 0, 378, 391, 290, 5, 1.32%, 7, 0, 7, 1412.18
1636281611, 0, 383, 392, 290, 5, 1.32%, 7, 0, 7, 1485.16
1636281616, 0, 383, 393, 291, 5, 1.32%, 7, 0, 7, 1452.64
1636281708, 0, 385, 397, 294, 4, 1.32%, 7, 0, 7, 1497.92
1636281866, 0, 385, 401, 298, 4, 1.32%, 7, 0, 7, 1541.41
1636281871, 0, 385, 402, 299, 4, 1.32%, 7, 0, 7, 1664.83
1636281886, 0, 388, 403, 299, 4, 1.32%, 7, 0, 8, 1385.34
1636281937, 0, 389, 403, 298, 4, 1.32%, 7, 0, 8, 1314.96
1636282044, 0, 389, 404, 299, 4, 1.32%, 7, 0, 8, 1369.12
1636282049, 0, 391, 405, 299, 4, 1.32%, 7, 0, 8, 1647.71
1636282130, 0, 391, 406, 300, 4, 1.32%, 7, 0, 8, 1423.50
1636282136, 0, 397, 406, 299, 3, 1.32%, 7, 0, 8, 1455.89
1636282294, 0, 402, 408, 300, 2, 1.32%, 7, 0, 9, 1324.98
1636282345, 0, 402, 409, 301, 2, 1.32%, 7, 0, 9, 1631.84
1636282350, 0, 404, 412, 303, 2, 1.32%, 7, 0, 9, 1481.26
1636282447, 0, 404, 413, 304, 2, 1.32%, 7, 0, 9, 1631.11
1636282452, 0, 407, 414, 304, 3, 1.32%, 7, 0, 10, 1324.18
1636282503, 0, 409, 415, 304, 3, 1.32%, 7, 0, 10, 1448.05
1636282604, 0, 413, 415, 303, 2, 1.32%, 7, 0, 10, 1496.10
1636282609, 0, 413, 416, 304, 2, 1.32%, 7, 0, 11, 1417.62
1636282660, 0, 414, 417, 304, 2, 1.32%, 8, 0, 11, 1617.31
1636282756, 0, 415, 419, 305, 1, 1.32%, 8, 0, 12, 1343.17
1636282802, 0, 415, 420, 306, 1, 1.32%, 8, 0, 12, 884.67
1636282812, 1, 3, 420, 305, 0, 1.32%, 8, 0, 12, 1918.25
1636282827, 1, 24, 421, 305, 0, 1.32%, 8, 0, 12, 1722.90
1636282843, 1, 144, 422, 305, 1, 1.32%, 8, 0, 12, 1555.79
1636283164, 1, 195, 423, 305, 1, 1.32%, 8, 0, 12, 1336.12
1636283327, 1, 297, 423, 304, 1, 1.32%, 8, 0, 12, 1454.67
1636283362, 1, 334, 424, 304, 1, 1.32%, 8, 0, 12, 1523.01
1636283388, 1, 334, 427, 307, 1, 1.32%, 8, 0, 12, 1893.41
1636283393, 1, 334, 428, 308, 1, 1.32%, 8, 0, 12, 2296.57
1636283403, 1, 421, 428, 307, 1, 1.32%, 8, 0, 12, 1656.42
1636283571, 1, 427, 430, 308, 0, 1.32%, 8, 0, 12, 1524.10
1636283631, 1, 427, 432, 310, 0, 1.32%, 8, 0, 12, 1484.21
1636283636, 1, 427, 435, 313, 0, 1.32%, 8, 0, 12, 2114.34
1636283641, 1, 427, 438, 316, 0, 1.32%, 8, 0, 12, 2165.21
1636283647, 1, 430, 439, 316, 0, 1.32%, 8, 0, 12, 1936.76
1636283677, 1, 430, 443, 320, 0, 1.32%, 8, 0, 12, 1373.59
1636283769, 1, 434, 443, 319, 0, 1.32%, 8, 0, 12, 1428.12
1636283972, 1, 434, 444, 320, 0, 1.32%, 8, 0, 12, 1484.93
1636283977, 1, 434, 446, 322, 0, 1.32%, 8, 0, 12, 1674.55
1636283982, 1, 434, 447, 323, 0, 1.32%, 8, 0, 12, 1718.03
1636283993, 1, 435, 448, 323, 0, 1.32%, 8, 0, 12, 1456.23
1636284242, 1, 435, 452, 327, 0, 1.32%, 8, 0, 12, 1509.54
1636284247, 1, 435, 454, 329, 0, 1.32%, 8, 0, 12, 1616.82
1636284262, 1, 446, 455, 329, 0, 1.32%, 8, 0, 12, 1278.68
1636284745, 1, 448, 455, 328, 0, 1.32%, 8, 0, 12, 1200.38
1636285138, 1, 449, 455, 327, 0, 1.32%, 8, 0, 12, 1210.23
1636285602, 1, 451, 455, 326, 0, 1.32%, 8, 0, 12, 1338.32
1636285882, 1, 454, 455, 325, 0, 1.32%, 8, 0, 12, 1434.14
1636286359, 1, 454, 456, 326, 0, 1.32%, 8, 0, 12, 1343.65
1636286364, 2, 6, 456, 325, 0, 1.32%, 8, 0, 12, 1495.92
1636286369, 2, 12, 456, 325, 0, 1.32%, 8, 0, 12, 1381.65
1636286651, 2, 12, 462, 331, 0, 1.32%, 8, 0, 12, 1521.59
1636286656, 2, 12, 463, 332, 0, 1.32%, 8, 0, 12, 1695.70
1636286661, 2, 12, 466, 335, 0, 1.32%, 8, 0, 12, 1726.72
1636286666, 2, 12, 470, 339, 0, 1.32%, 8, 0, 12, 1716.45
1636286671, 2, 211, 470, 338, 1, 1.32%, 8, 0, 12, 1488.15
1636286956, 2, 275, 472, 339, 1, 1.32%, 9, 0, 12, 1557.09
1636286987, 2, 463, 472, 338, 1, 1.32%, 9, 0, 12, 1331.53
1636286997, 2, 463, 473, 339, 1, 1.33%, 9, 0, 12, 937.03
1636288484, 2, 472, 473, 338, 1, 1.33%, 9, 0, 12, 873.34
1636288519, 2, 472, 473, 338, 1, 1.33%, 10, 0, 12, 1493.55
1636288524, 2, 472, 474, 339, 1, 1.33%, 10, 0, 12, 1046.34
1636289846, 2, 473, 474, 338, 1, 1.33%, 10, 0, 12, 921.86
1636291140, 3, 2, 474, 337, 0, 1.33%, 10, 0, 12, 1742.73
1636291155, 3, 11, 474, 336, 0, 1.33%, 10, 0, 12, 1455.54
1636291450, 3, 13, 474, 335, 0, 1.33%, 10, 0, 12, 1381.03
1636291736, 3, 15, 474, 334, 0, 1.33%, 10, 0, 12, 1393.61
1636292027, 3, 19, 474, 333, 0, 1.33%, 10, 0, 12, 1392.15
1636292333, 3, 26, 474, 332, 0, 1.33%, 10, 0, 12, 1362.74
1636292633, 3, 26, 475, 333, 0, 1.33%, 10, 0, 12, 1392.05
1636292639, 3, 30, 475, 332, 0, 1.33%, 10, 0, 12, 1735.01
1636292654, 3, 32, 475, 331, 0, 1.33%, 11, 0, 12, 1867.83
1636292669, 3, 34, 475, 330, 0, 1.33%, 12, 0, 12, 1391.95
1636292950, 3, 36, 475, 329, 0, 1.33%, 12, 0, 12, 1379.29
1636293123, 3, 46, 475, 328, 0, 1.33%, 12, 0, 12, 1529.50
1636293143, 3, 61, 476, 328, 0, 1.33%, 12, 0, 12, 1436.25
1636293290, 3, 70, 476, 327, 0, 1.33%, 12, 0, 12, 1579.43
1636293305, 3, 75, 476, 326, 0, 1.33%, 12, 0, 12, 1518.13
1636293360, 3, 76, 476, 325, 0, 1.33%, 12, 0, 12, 1446.97
1636293416, 3, 84, 476, 324, 0, 1.33%, 12, 0, 12, 1920.54
1636293431, 3, 85, 476, 323, 0, 1.33%, 12, 0, 12, 1640.33
1636293467, 3, 91, 476, 322, 0, 1.33%, 12, 0, 12, 1404.20
1636293752, 3, 92, 476, 321, 0, 1.33%, 12, 0, 12, 1337.90
1636294033, 3, 106, 476, 320, 0, 1.33%, 12, 0, 12, 1433.80
1636294058, 3, 122, 476, 319, 0, 1.33%, 12, 0, 12, 1373.24
1636294385, 3, 127, 476, 318, 0, 1.33%, 12, 0, 12, 1390.09
1636294415, 3, 129, 476, 317, 0, 1.33%, 12, 0, 12, 1383.94
1636294727, 3, 146, 478, 318, 0, 1.33%, 12, 0, 12, 1435.25
1636294885, 3, 147, 478, 317, 0, 1.33%, 12, 0, 12, 1450.05
1636295205, 3, 150, 478, 316, 0, 1.33%, 12, 0, 12, 1361.94
1636295480, 3, 151, 478, 315, 0, 1.33%, 12, 0, 12, 1375.51
1636295776, 3, 153, 478, 314, 0, 1.33%, 12, 0, 12, 1446.44
1636295807, 3, 158, 478, 313, 0, 1.33%, 12, 0, 12, 1464.98
1636295848, 3, 172, 478, 312, 0, 1.33%, 12, 0, 12, 1522.93
1636295924, 3, 177, 478, 311, 0, 1.33%, 12, 0, 12, 1397.95
1636296250, 3, 178, 478, 310, 0, 1.33%, 12, 0, 12, 1806.85
1636296265, 3, 181, 478, 309, 0, 1.33%, 12, 0, 12, 1385.18
1636296403, 3, 194, 478, 308, 0, 1.33%, 12, 0, 12, 1404.19
1636296566, 3, 214, 478, 307, 0, 1.33%, 12, 0, 12, 1524.68
1636296846, 3, 220, 478, 306, 0, 1.33%, 12, 0, 12, 1433.31
1636296912, 3, 223, 480, 307, 0, 1.33%, 12, 0, 12, 1399.78
1636297253, 3, 223, 483, 310, 0, 1.33%, 12, 0, 12, 1404.76
1636297258, 3, 227, 484, 310, 0, 1.33%, 12, 0, 12, 1583.11
1636297288, 3, 229, 484, 309, 0, 1.33%, 12, 0, 12, 1588.80
1636297314, 3, 234, 484, 308, 0, 1.33%, 12, 0, 12, 1589.49
1636297319, 3, 236, 484, 308, 0, 1.33%, 12, 0, 12, 1495.36
1636297364, 3, 237, 484, 307, 0, 1.33%, 12, 0, 12, 1317.76
1636297710, 3, 237, 486, 309, 0, 1.33%, 12, 0, 12, 1459.82
1636297715, 3, 243, 486, 308, 0, 1.33%, 12, 0, 12, 1462.25
1636297862, 3, 268, 488, 309, 0, 1.33%, 13, 0, 12, 1747.83
1636297882, 3, 270, 488, 308, 0, 1.33%, 13, 0, 12, 1729.06
1636297927, 3, 279, 488, 307, 0, 1.33%, 13, 0, 12, 1507.25
1636298126, 3, 283, 489, 307, 0, 1.33%, 13, 0, 12, 1572.55
1636298156, 3, 286, 489, 306, 0, 1.33%, 13, 0, 12, 1556.11
1636298207, 3, 287, 489, 305, 0, 1.33%, 13, 0, 12, 1867.22
1636298222, 3, 292, 489, 304, 0, 1.33%, 13, 0, 12, 1593.51
1636298252, 3, 296, 490, 304, 0, 1.33%, 13, 0, 12, 1541.58
1636298324, 3, 298, 490, 303, 0, 1.33%, 13, 0, 12, 1357.08
1636298644, 3, 300, 490, 302, 0, 1.33%, 13, 0, 12, 1381.07
1636298944, 3, 300, 492, 304, 0, 1.33%, 13, 0, 12, 1568.69
1636298949, 3, 305, 492, 303, 0, 1.33%, 13, 0, 12, 1640.70
1636298990, 3, 307, 492, 302, 0, 1.33%, 13, 0, 12, 1603.68
1636299036, 3, 312, 492, 301, 0, 1.33%, 13, 0, 12, 1400.73
1636299103, 3, 317, 492, 300, 0, 1.33%, 13, 0, 12, 1489.26
1636299256, 3, 325, 494, 301, 0, 1.33%, 13, 0, 12, 1576.12
1636299408, 3, 325, 495, 302, 0, 1.33%, 13, 0, 12, 1599.12
1636299413, 3, 331, 495, 301, 0, 1.33%, 13, 0, 12, 1410.15
1636299715, 3, 335, 495, 300, 0, 1.33%, 13, 0, 12, 1918.72
1636299741, 3, 354, 496, 300, 0, 1.33%, 13, 0, 12, 1762.14
1636299893, 3, 354, 497, 301, 0, 1.33%, 13, 0, 12, 1475.65
1636299898, 3, 355, 497, 300, 0, 1.33%, 13, 0, 12, 1463.66
1636300056, 3, 355, 499, 302, 0, 1.33%, 13, 0, 12, 1760.05
1636300061, 3, 356, 499, 301, 0, 1.33%, 13, 0, 12, 1483.47
1636300219, 3, 359, 499, 300, 0, 1.33%, 13, 0, 12, 1426.05
1636300377, 3, 362, 500, 300, 0, 1.33%, 13, 0, 12, 1514.78
1636300382, 3, 366, 500, 300, 0, 1.33%, 13, 0, 12, 1484.52
1636300473, 3, 369, 500, 299, 0, 1.33%, 13, 0, 12, 1550.34
1636300478, 3, 369, 501, 300, 0, 1.33%, 13, 0, 12, 1376.84
1636300529, 3, 370, 501, 299, 0, 1.33%, 13, 0, 12, 1336.24
1636300585, 3, 380, 502, 299, 0, 1.33%, 13, 0, 12, 1404.70
1636300748, 3, 384, 502, 298, 0, 1.33%, 13, 0, 12, 1469.63
1636300921, 3, 391, 502, 297, 0, 1.33%, 13, 0, 12, 1505.78
1636300926, 3, 399, 502, 297, 0, 1.33%, 13, 0, 12, 1451.85
1636301018, 3, 399, 503, 298, 0, 1.33%, 13, 0, 12, 1557.08
1636301023, 3, 403, 504, 298, 0, 1.33%, 13, 0, 12, 1716.80
1636301156, 3, 403, 507, 301, 0, 1.33%, 13, 0, 12, 1820.64
1636301161, 3, 403, 509, 303, 0, 1.33%, 13, 0, 12, 1876.31
1636301166, 3, 411, 510, 303, 0, 1.33%, 13, 0, 12, 1698.61
1636301262, 3, 416, 511, 303, 0, 1.33%, 13, 0, 12, 1519.68
1636301268, 3, 416, 512, 304, 0, 1.33%, 13, 0, 12, 1199.27
1636301339, 3, 416, 516, 308, 0, 1.33%, 13, 0, 12, 1946.68
1636301344, 3, 416, 518, 310, 0, 1.33%, 13, 0, 12, 2094.36
1636301349, 3, 420, 518, 309, 0, 1.33%, 13, 0, 12, 1622.04
1636301506, 3, 423, 518, 308, 0, 1.33%, 13, 0, 12, 1483.11
1636301536, 3, 428, 518, 307, 0, 1.33%, 13, 0, 12, 1299.66
1636302387, 3, 428, 519, 308, 0, 1.33%, 13, 0, 12, 1270.93
1636302392, 3, 429, 519, 307, 0, 1.33%, 13, 0, 12, 1401.89
1636302453, 3, 444, 519, 306, 0, 1.33%, 13, 0, 12, 1362.91
1636302836, 3, 447, 519, 305, 0, 1.33%, 13, 0, 12, 1390.99
1636302998, 3, 452, 519, 304, 0, 1.33%, 13, 0, 12, 1375.87
1636303226, 3, 452, 522, 307, 0, 1.33%, 13, 0, 12, 1658.86
1636303236, 3, 453, 522, 306, 0, 1.33%, 13, 0, 12, 1593.78
1636303477, 3, 453, 523, 307, 0, 1.33%, 13, 0, 12, 1689.64
1636303482, 3, 455, 523, 306, 0, 1.33%, 13, 0, 12, 1209.58
1636304239, 3, 455, 524, 307, 0, 1.33%, 13, 0, 12, 1225.89
1636304249, 3, 457, 524, 306, 0, 1.33%, 13, 0, 12, 1320.93
1636304756, 3, 467, 524, 305, 0, 1.33%, 13, 0, 12, 1169.99
1636306728, 3, 467, 525, 306, 0, 1.33%, 13, 0, 12, 1154.75
1636306733, 3, 469, 525, 305, 0, 1.33%, 13, 0, 12, 835.47
1636307551, 3, 469, 526, 306, 0, 1.33%, 13, 0, 12, 1167.71
1636312219, 3, 469, 529, 309, 0, 1.33%, 13, 0, 12, 825.26
1636312224, 3, 469, 530, 310, 0, 1.33%, 13, 0, 12, 855.25
1636312239, 3, 469, 531, 311, 0, 1.33%, 13, 0, 12, 881.93
1636312244, 3, 471, 531, 310, 0, 1.33%, 13, 0, 12, 904.58
1636312519, 3, 472, 532, 310, 0, 1.33%, 13, 0, 12, 1614.28
1636312524, 3, 476, 532, 310, 0, 1.33%, 14, 0, 12, 1268.34
1636313066, 3, 476, 537, 315, 0, 1.34%, 14, 0, 12, 1473.28
1636313071, 3, 476, 538, 316, 0, 1.34%, 14, 0, 12, 1550.14
1636313076, 3, 476, 539, 317, 0, 1.34%, 14, 0, 12, 1547.10
1636313086, 3, 537, 540, 317, 1, 1.34%, 14, 0, 12, 1020.16
1636315888, 3, 537, 542, 319, 1, 1.34%, 15, 0, 12, 1035.03
1636315893, 3, 537, 543, 320, 1, 1.34%, 15, 0, 12, 1063.01
1636315898, 3, 537, 544, 321, 1, 1.34%, 15, 0, 12, 1057.53
1636315903, 3, 539, 544, 320, 1, 1.34%, 15, 0, 12, 905.88
1636318769, 3, 540, 544, 319, 0, 1.34%, 15, 0, 12, 663.32
1636326815, 3, 541, 544, 318, 0, 1.34%, 15, 0, 12, 485.16
1636340875, 3, 541, 545, 319, 0, 1.34%, 15, 0, 12, 510.06
1636340880, 3, 541, 546, 320, 0, 1.34%, 15, 0, 12, 532.61
1636340896, 3, 542, 546, 319, 0, 1.34%, 15, 0, 12, 536.55
1636351878, 3, 545, 546, 318, 0, 1.34%, 15, 0, 12, 619.13
1636358036, 3, 545, 547, 319, 0, 1.34%, 15, 0, 12, 764.29
1636358042, 3, 546, 547, 318, 0, 1.34%, 15, 0, 12, 775.82
