# unix_time, cycles_done, cur_path, paths_total, pending_total, pending_favs, map_size, unique_crashes, unique_hangs, max_depth, execs_per_sec
1629439955, 0, 0, 1, 1, 1, 0.81%, 0, 0, 1, 1.33
1629439966, 0, 0, 4, 4, 1, 0.84%, 0, 0, 2, 6.36
1629439971, 0, 0, 5, 5, 1, 0.84%, 0, 0, 2, 6.34
1629440012, 0, 0, 6, 6, 1, 0.84%, 0, 0, 2, 5.80
1629440018, 0, 0, 7, 7, 1, 0.84%, 0, 0, 2, 5.84
1629440059, 0, 0, 8, 8, 1, 0.84%, 0, 0, 2, 5.79
1629440074, 0, 0, 9, 9, 1, 0.85%, 0, 0, 2, 52.61
1629440131, 0, 0, 10, 10, 1, 0.85%, 0, 0, 2, 6.93
1629440193, 0, 0, 11, 11, 1, 0.85%, 0, 0, 2, 5.76
1629440224, 0, 0, 12, 12, 1, 0.85%, 0, 0, 2, 5.72
1629440265, 0, 0, 13, 13, 1, 0.85%, 0, 0, 2, 5.82
1629440312, 0, 0, 14, 14, 1, 0.85%, 0, 0, 2, 5.84
1629440353, 0, 0, 15, 15, 1, 0.85%, 0, 0, 2, 5.84
1629440683, 0, 0, 16, 16, 1, 0.85%, 0, 0, 2, 5.48
1629441179, 0, 0, 17, 17, 1, 0.86%, 0, 0, 2, 137.26
1629441184, 0, 0, 25, 25, 1, 0.89%, 0, 0, 2, 82.39
1629441189, 0, 0, 27, 27, 1, 0.89%, 0, 0, 2, 7.87
1629441371, 0, 0, 28, 28, 1, 0.90%, 0, 0, 2, 6.46
1629441756, 0, 0, 29, 29, 1, 0.91%, 0, 0, 2, 7.26
1629441956, 0, 0, 32, 32, 1, 0.91%, 0, 0, 2, 107.34
1629442774, 0, 0, 32, 32, 1, 0.91%, 1, 0, 2, 66.17
1629442799, 0, 0, 34, 34, 1, 0.91%, 1, 0, 2, 65.81
1629442805, 0, 0, 37, 37, 1, 0.92%, 1, 0, 2, 1.73
1629442828, 0, 0, 39, 39, 1, 0.92%, 1, 0, 2, 4.36
1629442854, 0, 0, 40, 40, 1, 0.92%, 1, 0, 2, 38.23
1629442860, 0, 0, 42, 42, 1, 0.96%, 1, 0, 2, 0.56
1629442885, 0, 0, 43, 43, 1, 0.96%, 1, 0, 2, 0.32
1629442911, 0, 0, 44, 44, 1, 0.99%, 1, 0, 2, 0.32
1629443052, 0, 0, 44, 44, 1, 0.99%, 2, 0, 2, 0.03
1629443171, 0, 0, 44, 44, 1, 0.99%, 3, 0, 2, 0.03
1629443182, 0, 0, 45, 45, 1, 0.99%, 3, 0, 2, 0.39
1629443214, 0, 0, 48, 48, 1, 1.29%, 3, 0, 2, 0.07
