# unix_time, cycles_done, cur_path, paths_total, pending_total, pending_favs, map_size, unique_crashes, unique_hangs, max_depth, execs_per_sec
1630397061, 0, 0, 1, 1, 1, 2.10%, 0, 0, 1, 94.12
1630397067, 0, 0, 48, 48, 1, 2.42%, 10, 0, 2, 144.14
1630397072, 0, 0, 56, 56, 1, 2.42%, 10, 0, 2, 139.70
1630397077, 0, 0, 69, 69, 1, 2.43%, 10, 0, 2, 136.68
1630397082, 0, 0, 82, 82, 1, 2.45%, 10, 0, 2, 140.15
1630397087, 0, 0, 93, 93, 1, 2.51%, 10, 0, 2, 146.36
1630397092, 0, 0, 96, 96, 1, 2.51%, 10, 0, 2, 140.94
1630397097, 0, 0, 97, 97, 1, 2.52%, 10, 0, 2, 140.16
1630397102, 0, 0, 103, 103, 1, 2.52%, 10, 0, 2, 151.13
1630397117, 0, 0, 104, 104, 1, 2.52%, 10, 0, 2, 141.32
1630397122, 0, 0, 108, 108, 1, 2.55%, 12, 0, 2, 206.28
1630397127, 0, 0, 112, 112, 1, 2.56%, 12, 0, 2, 187.24
1630397132, 0, 0, 117, 117, 1, 2.61%, 12, 0, 2, 155.64
1630397168, 0, 0, 119, 119, 1, 2.64%, 12, 0, 2, 141.36
1630397203, 0, 0, 122, 122, 1, 2.64%, 12, 0, 2, 138.38
1630397213, 0, 0, 124, 124, 1, 2.64%, 12, 0, 2, 147.83
1630397228, 0, 0, 126, 126, 1, 2.64%, 12, 0, 2, 134.07
1630397238, 0, 0, 128, 128, 1, 2.65%, 14, 0, 2, 159.53
1630397248, 0, 0, 129, 129, 1, 2.65%, 14, 0, 2, 192.98
1630397294, 0, 0, 130, 130, 1, 2.65%, 14, 0, 2, 199.44
1630397360, 0, 0, 130, 130, 1, 2.65%, 15, 0, 2, 252.79
1630397365, 0, 0, 130, 130, 1, 2.65%, 16, 0, 2, 250.53
1630397370, 0, 0, 132, 132, 1, 2.65%, 16, 0, 2, 238.10
1630397375, 0, 0, 140, 140, 1, 2.66%, 16, 0, 2, 195.38
1630397380, 0, 0, 152, 152, 1, 2.66%, 16, 0, 2, 167.47
1630397385, 0, 0, 157, 157, 1, 2.66%, 16, 0, 2, 164.77
1630397390, 0, 0, 159, 159, 1, 2.66%, 16, 0, 2, 165.25
1630397395, 0, 0, 160, 160, 1, 2.67%, 16, 0, 2, 176.33
1630397400, 0, 0, 162, 162, 1, 2.67%, 16, 0, 2, 180.32
1630397431, 0, 0, 163, 163, 1, 2.67%, 16, 0, 2, 129.88
1630397466, 0, 0, 164, 164, 1, 2.67%, 16, 0, 2, 129.98
1630397502, 0, 0, 165, 165, 1, 2.67%, 16, 0, 2, 131.91
1630397522, 0, 0, 167, 167, 1, 2.67%, 16, 0, 2, 156.61
1630397548, 0, 0, 168, 168, 1, 2.67%, 16, 0, 2, 136.79
1630397563, 0, 0, 169, 169, 1, 2.73%, 16, 0, 2, 137.60
1630397568, 0, 0, 170, 170, 1, 2.74%, 16, 0, 2, 153.95
1630397624, 0, 0, 174, 174, 1, 2.74%, 16, 0, 2, 143.21
1630397629, 0, 0, 176, 176, 1, 2.74%, 16, 0, 2, 136.79
1630397634, 0, 0, 177, 177, 1, 2.74%, 16, 0, 2, 134.07
1630397644, 0, 0, 178, 178, 1, 2.74%, 16, 0, 2, 144.16
1630397705, 0, 0, 182, 182, 1, 2.76%, 16, 0, 2, 156.25
1630397715, 0, 0, 182, 182, 1, 2.76%, 17, 0, 2, 361.70
1630397720, 0, 0, 200, 200, 1, 3.15%, 17, 0, 2, 203.25
1630397725, 0, 0, 216, 216, 1, 3.18%, 17, 0, 2, 172.72
1630397771, 0, 0, 222, 222, 1, 3.19%, 17, 0, 2, 190.65
1630397796, 0, 0, 223, 223, 1, 3.20%, 17, 0, 2, 166.72
1630397807, 0, 0, 224, 224, 1, 3.20%, 17, 0, 2, 163.94
1630397857, 0, 0, 235, 235, 1, 3.20%, 17, 0, 2, 151.37
1630397862, 0, 0, 247, 247, 1, 3.20%, 17, 0, 2, 146.21
1630398947, 0, 0, 249, 249, 1, 3.20%, 17, 0, 2, 135.04
1630398952, 0, 0, 252, 252, 1, 3.20%, 17, 0, 2, 130.09
1630399039, 0, 0, 253, 253, 1, 3.20%, 17, 0, 2, 148.34
1630399383, 0, 0, 254, 254, 1, 3.20%, 17, 0, 2, 162.68
1630399520, 0, 0, 255, 255, 1, 3.20%, 18, 0, 2, 143.63
1630399525, 0, 0, 270, 270, 1, 3.21%, 19, 0, 2, 211.21
1630399530, 0, 0, 274, 274, 1, 3.21%, 19, 0, 2, 225.24
1630399535, 0, 0, 278, 278, 1, 3.21%, 19, 0, 2, 226.02
1630399540, 0, 0, 280, 280, 1, 3.22%, 19, 0, 2, 230.74
1630399546, 0, 0, 282, 282, 1, 3.22%, 19, 0, 2, 228.03
1630399551, 0, 0, 283, 283, 1, 3.22%, 19, 0, 2, 233.94
1630399556, 0, 0, 285, 285, 1, 3.22%, 19, 0, 2, 231.68
1630399566, 0, 0, 287, 287, 1, 3.22%, 20, 0, 2, 239.45
1630399581, 0, 0, 288, 288, 1, 3.22%, 20, 0, 2, 228.02
1630399586, 0, 0, 289, 289, 1, 3.22%, 21, 0, 2, 232.45
1630399591, 0, 0, 290, 290, 1, 3.23%, 21, 0, 2, 232.25
1630399596, 0, 0, 291, 291, 1, 3.23%, 21, 0, 2, 228.10
1630399601, 0, 0, 292, 292, 1, 3.23%, 21, 0, 2, 231.69
1630399616, 0, 0, 293, 293, 1, 3.23%, 21, 0, 2, 232.49
1630399621, 0, 0, 295, 295, 1, 3.23%, 21, 0, 2, 226.34
1630399631, 0, 0, 297, 297, 1, 3.23%, 21, 0, 2, 233.93
1630399641, 0, 0, 299, 299, 1, 3.23%, 21, 0, 2, 227.07
1630399647, 0, 0, 300, 300, 1, 3.23%, 21, 0, 2, 231.98
1630399667, 0, 2, 300, 299, 70, 3.23%, 21, 0, 2, 175.65
1630399682, 0, 2, 301, 300, 70, 3.23%, 21, 0, 3, 153.75
1630399717, 0, 2, 302, 301, 70, 3.23%, 21, 0, 3, 215.96
1630399900, 0, 2, 303, 302, 70, 3.23%, 21, 0, 3, 171.17
1630399931, 0, 2, 304, 303, 70, 3.23%, 21, 0, 3, 137.76
1630399991, 0, 2, 305, 304, 70, 3.23%, 21, 0, 3, 138.42
1630400067, 0, 2, 306, 305, 70, 3.23%, 21, 0, 3, 142.15
1630400072, 0, 2, 307, 306, 70, 3.23%, 21, 0, 3, 136.25
1630400083, 0, 2, 308, 307, 70, 3.23%, 21, 0, 3, 150.39
1630400159, 0, 2, 310, 309, 70, 3.23%, 21, 0, 3, 209.38
1630400164, 0, 2, 311, 310, 70, 3.23%, 21, 0, 3, 174.67
1630401908, 0, 2, 312, 311, 70, 3.23%, 21, 0, 3, 209.87
1630401914, 0, 3, 312, 310, 71, 3.23%, 21, 0, 3, 211.73
1630402421, 0, 3, 314, 312, 71, 3.24%, 21, 0, 3, 186.50
1630404212, 0, 3, 315, 313, 71, 3.24%, 21, 0, 3, 223.31
1630404217, 0, 4, 316, 313, 72, 3.25%, 22, 0, 3, 178.41
1630404227, 0, 4, 317, 314, 72, 3.25%, 22, 0, 3, 138.88
1630404714, 0, 4, 319, 316, 72, 3.25%, 22, 0, 3, 198.88
1630406502, 0, 4, 320, 317, 72, 3.25%, 22, 0, 3, 171.31
1630406507, 0, 4, 321, 318, 72, 3.26%, 22, 0, 3, 218.37
1630406512, 0, 4, 323, 320, 72, 3.26%, 22, 0, 3, 230.05
1630406517, 0, 4, 324, 321, 72, 3.26%, 22, 0, 3, 228.28
1630406542, 0, 4, 325, 322, 72, 3.26%, 22, 0, 3, 235.42
1630406548, 0, 4, 326, 323, 72, 3.26%, 22, 0, 3, 230.81
1630406558, 0, 4, 329, 326, 72, 3.26%, 22, 0, 3, 227.05
1630406568, 0, 4, 331, 328, 72, 3.26%, 22, 0, 3, 231.01
1630406608, 0, 4, 332, 329, 72, 3.26%, 22, 0, 3, 234.30
1630406644, 0, 13, 332, 328, 72, 3.26%, 23, 0, 3, 221.71
1630406730, 0, 13, 333, 329, 72, 3.26%, 23, 0, 3, 215.50
1630406837, 0, 13, 333, 329, 72, 3.26%, 24, 0, 3, 248.22
1630407500, 0, 15, 333, 328, 72, 3.26%, 24, 0, 3, 256.55
1630407703, 0, 15, 333, 328, 72, 3.26%, 25, 0, 3, 239.94
1630408363, 0, 30, 333, 327, 71, 3.26%, 25, 0, 3, 244.95
1630408368, 0, 30, 334, 328, 71, 3.26%, 25, 0, 3, 184.95
1630408545, 0, 30, 335, 329, 71, 3.26%, 25, 0, 3, 170.19
1630408723, 0, 30, 335, 329, 71, 3.26%, 26, 0, 3, 238.82
1630408835, 0, 30, 336, 330, 71, 3.26%, 26, 0, 3, 163.32
1630408840, 0, 30, 337, 331, 71, 3.26%, 26, 0, 3, 165.08
1630410032, 0, 39, 337, 330, 70, 3.26%, 26, 0, 3, 217.26
1630410037, 0, 39, 338, 331, 70, 3.26%, 26, 0, 3, 203.72
1630410118, 0, 39, 339, 332, 70, 3.26%, 26, 0, 3, 178.60
1630410215, 0, 39, 339, 332, 70, 3.26%, 27, 0, 3, 226.52
1630410876, 0, 55, 339, 331, 69, 3.26%, 27, 0, 3, 229.07
1630411056, 0, 55, 340, 332, 69, 3.26%, 28, 0, 3, 247.69
1630411745, 0, 62, 340, 331, 68, 3.26%, 28, 0, 3, 234.92
1630411953, 0, 62, 340, 331, 68, 3.26%, 29, 0, 3, 216.80
1630412657, 0, 83, 340, 330, 67, 3.26%, 29, 0, 3, 230.75
1630412673, 0, 83, 341, 331, 67, 3.26%, 29, 0, 3, 140.41
1630414906, 0, 83, 342, 332, 67, 3.26%, 29, 0, 3, 215.58
1630414911, 0, 83, 343, 333, 67, 3.26%, 29, 0, 3, 228.74
1630414921, 0, 92, 344, 333, 67, 3.26%, 29, 0, 3, 198.88
1630414982, 0, 92, 345, 334, 67, 3.26%, 29, 0, 3, 156.51
1630415317, 0, 92, 346, 335, 67, 3.28%, 29, 0, 3, 153.28
1630415504, 0, 92, 351, 340, 67, 3.28%, 29, 0, 3, 147.78
1630415509, 0, 92, 353, 342, 67, 3.28%, 29, 0, 3, 148.00
1630417231, 0, 96, 353, 341, 66, 3.28%, 29, 0, 3, 198.51
1630417246, 0, 96, 354, 342, 66, 3.28%, 29, 0, 3, 136.50
1630417292, 0, 96, 355, 343, 66, 3.28%, 29, 0, 3, 176.82
1630417348, 0, 96, 356, 344, 66, 3.28%, 29, 0, 3, 137.44
1630417535, 0, 96, 357, 345, 66, 3.28%, 29, 0, 3, 143.38
1630417642, 0, 96, 358, 346, 66, 3.28%, 29, 0, 3, 135.59
1630417647, 0, 96, 359, 347, 66, 3.28%, 29, 0, 3, 129.87
1630418964, 0, 96, 362, 350, 66, 3.30%, 29, 0, 3, 144.71
1630418974, 0, 96, 363, 351, 66, 3.30%, 29, 0, 3, 129.65
1630418979, 0, 96, 364, 352, 66, 3.30%, 29, 0, 3, 127.62
1630419547, 0, 97, 364, 351, 67, 3.30%, 29, 0, 3, 187.59
1630421865, 0, 98, 364, 350, 66, 3.30%, 29, 0, 3, 210.53
1630422073, 0, 98, 364, 350, 66, 3.30%, 30, 0, 3, 247.16
1630422738, 0, 100, 364, 349, 65, 3.30%, 30, 0, 3, 241.82
1630422783, 0, 100, 365, 350, 65, 3.30%, 30, 0, 3, 184.34
1630423099, 0, 100, 365, 350, 65, 3.30%, 31, 0, 3, 202.51
1630424404, 0, 107, 365, 349, 65, 3.30%, 31, 0, 3, 225.61
1630424893, 0, 107, 366, 350, 65, 3.30%, 31, 0, 3, 199.20
1630424898, 0, 107, 373, 357, 65, 3.30%, 31, 0, 3, 175.04
1630426613, 0, 107, 374, 358, 65, 3.30%, 31, 0, 3, 216.44
1630426618, 0, 111, 374, 357, 65, 3.30%, 31, 0, 3, 219.33
1630426633, 0, 111, 375, 358, 65, 3.30%, 31, 0, 3, 174.24
1630426663, 0, 111, 376, 359, 65, 3.31%, 31, 0, 3, 187.04
1630426800, 0, 111, 378, 361, 65, 3.31%, 31, 0, 3, 172.22
1630426977, 0, 111, 378, 361, 65, 3.31%, 32, 0, 3, 220.17
1630428285, 0, 112, 378, 360, 64, 3.31%, 32, 0, 3, 188.00
1630428660, 0, 112, 378, 360, 64, 3.31%, 33, 0, 3, 232.80
1630429984, 0, 112, 379, 361, 64, 3.31%, 33, 0, 3, 229.85
1630429989, 0, 113, 379, 360, 63, 3.31%, 33, 0, 3, 227.61
1630430370, 0, 113, 379, 360, 63, 3.31%, 34, 0, 3, 200.89
1630430492, 0, 113, 380, 361, 63, 3.31%, 34, 0, 3, 148.84
1630431683, 0, 114, 380, 360, 62, 3.31%, 34, 0, 3, 209.89
1630432043, 0, 114, 380, 360, 62, 3.31%, 35, 0, 3, 232.10
1630433352, 0, 114, 381, 361, 62, 3.31%, 35, 0, 3, 224.57
1630433357, 0, 115, 381, 360, 61, 3.31%, 35, 0, 3, 233.02
1630433737, 0, 115, 381, 360, 61, 3.31%, 36, 0, 3, 219.51
1630435066, 0, 126, 381, 359, 60, 3.31%, 36, 0, 3, 212.22
1630435269, 0, 126, 381, 359, 60, 3.31%, 37, 0, 3, 248.46
1630435938, 0, 128, 381, 358, 59, 3.31%, 37, 0, 3, 213.90
1630436125, 0, 128, 382, 359, 59, 3.32%, 37, 0, 3, 231.86
1630436130, 0, 128, 383, 360, 59, 3.33%, 37, 0, 3, 236.46
1630436789, 0, 131, 384, 360, 60, 3.33%, 37, 0, 3, 195.35
1630436976, 0, 131, 385, 361, 60, 3.33%, 37, 0, 3, 180.77
1630437143, 0, 131, 385, 361, 60, 3.33%, 38, 0, 3, 228.36
1630438425, 0, 135, 385, 360, 59, 3.33%, 38, 0, 3, 217.07
1630438466, 0, 135, 387, 362, 59, 3.33%, 38, 0, 3, 203.68
1630438471, 0, 135, 389, 364, 59, 3.33%, 38, 0, 3, 176.97
1630438506, 0, 135, 390, 365, 59, 3.33%, 38, 0, 3, 166.47
1630438796, 0, 135, 390, 365, 59, 3.33%, 39, 0, 3, 210.66
1630439714, 0, 135, 391, 366, 59, 3.33%, 39, 0, 3, 165.86
1630440079, 0, 138, 391, 365, 58, 3.33%, 39, 0, 3, 221.61
1630440450, 0, 138, 391, 365, 58, 3.33%, 40, 0, 3, 241.22
1630440597, 0, 138, 392, 366, 58, 3.33%, 40, 0, 3, 177.66
1630441777, 0, 141, 392, 365, 57, 3.33%, 40, 0, 3, 219.05
1630442153, 0, 141, 392, 365, 57, 3.33%, 41, 0, 3, 210.20
1630442234, 0, 141, 393, 366, 57, 3.33%, 41, 0, 3, 162.15
1630442269, 0, 141, 394, 367, 57, 3.33%, 41, 0, 3, 161.90
1630443468, 0, 143, 394, 366, 56, 3.33%, 41, 0, 3, 184.65
1630443818, 0, 143, 394, 366, 56, 3.33%, 42, 0, 3, 243.26
1630445131, 0, 148, 394, 365, 55, 3.33%, 42, 0, 3, 178.30
1630447449, 0, 158, 394, 364, 55, 3.33%, 42, 0, 3, 188.76
1630447809, 0, 158, 394, 364, 55, 3.33%, 43, 0, 3, 205.56
1630449122, 0, 159, 394, 363, 54, 3.33%, 43, 0, 3, 202.82
1630449239, 0, 159, 395, 364, 54, 3.33%, 43, 0, 3, 184.72
1630449305, 0, 159, 395, 364, 54, 3.33%, 44, 0, 3, 222.50
1630449993, 0, 166, 395, 363, 54, 3.33%, 44, 0, 3, 178.14
1630450302, 0, 166, 396, 364, 54, 3.34%, 44, 0, 3, 161.21
1630450342, 0, 166, 397, 365, 54, 3.34%, 44, 0, 3, 150.18
1630450347, 0, 166, 398, 366, 54, 3.34%, 44, 0, 3, 155.18
1630450495, 0, 166, 399, 367, 54, 3.34%, 44, 0, 3, 204.84
1630451732, 0, 166, 400, 368, 54, 3.34%, 44, 0, 3, 128.63
1630452304, 0, 169, 400, 367, 54, 3.34%, 44, 0, 3, 201.03
1630452807, 0, 169, 401, 368, 54, 3.34%, 44, 0, 3, 254.65
1630452858, 0, 169, 402, 369, 54, 3.34%, 44, 0, 3, 194.58
1630452959, 0, 169, 403, 370, 54, 3.34%, 44, 0, 3, 162.46
1630453810, 0, 169, 404, 371, 54, 3.34%, 44, 0, 3, 145.69
1630453846, 0, 169, 405, 372, 54, 3.36%, 44, 0, 3, 146.45
1630454616, 0, 180, 405, 371, 55, 3.36%, 45, 0, 3, 192.28
1630454737, 0, 180, 406, 372, 55, 3.36%, 45, 0, 3, 142.37
1630455093, 0, 180, 407, 373, 55, 3.36%, 45, 0, 3, 153.98
1630456808, 0, 180, 408, 374, 55, 3.36%, 45, 0, 3, 159.47
1630456818, 0, 180, 414, 380, 55, 3.38%, 45, 0, 3, 147.64
1630456950, 0, 181, 414, 379, 59, 3.38%, 45, 0, 3, 157.98
1630459248, 0, 189, 414, 378, 58, 3.38%, 45, 0, 3, 185.48
1630459298, 0, 189, 414, 378, 58, 3.38%, 46, 0, 3, 170.49
1630459734, 0, 189, 415, 379, 58, 3.38%, 46, 0, 3, 213.31
1630459739, 0, 189, 417, 381, 58, 3.38%, 46, 0, 3, 174.07
1630459749, 0, 189, 418, 382, 58, 3.38%, 46, 0, 3, 166.61
1630459754, 0, 189, 419, 383, 58, 3.38%, 46, 0, 3, 165.35
1630459760, 0, 189, 420, 384, 58, 3.38%, 46, 0, 3, 167.50
1630459765, 0, 189, 421, 385, 58, 3.38%, 46, 0, 3, 167.91
1630459770, 0, 189, 422, 386, 58, 3.38%, 46, 0, 3, 198.90
1630461492, 0, 193, 422, 385, 58, 3.38%, 47, 0, 3, 202.05
1630461538, 0, 193, 423, 386, 58, 3.38%, 47, 0, 3, 181.43
1630461953, 0, 193, 424, 387, 58, 3.38%, 47, 0, 3, 171.73
1630461964, 0, 193, 425, 388, 58, 3.38%, 48, 0, 3, 178.93
1630462010, 0, 193, 426, 389, 58, 3.38%, 48, 0, 3, 190.94
1630463404, 0, 193, 428, 391, 58, 3.38%, 48, 0, 3, 234.36
1630463420, 0, 195, 428, 390, 58, 3.38%, 49, 0, 3, 193.83
1630463897, 0, 195, 428, 390, 58, 3.38%, 50, 0, 3, 181.48
1630465339, 0, 203, 428, 389, 57, 3.38%, 50, 0, 3, 206.98
1630465344, 0, 203, 428, 389, 57, 3.38%, 51, 0, 3, 157.42
1630465349, 0, 203, 428, 389, 57, 3.38%, 52, 0, 3, 144.24
1630465359, 0, 203, 428, 389, 57, 3.38%, 53, 0, 3, 153.93
1630465405, 0, 203, 428, 389, 57, 3.38%, 56, 0, 3, 195.92
1630465410, 0, 203, 428, 389, 57, 3.38%, 58, 0, 3, 160.71
1630465588, 0, 203, 428, 389, 57, 3.38%, 59, 0, 3, 225.57
1630465593, 0, 203, 428, 389, 57, 3.38%, 60, 0, 3, 198.65
1630465608, 0, 203, 429, 390, 57, 3.38%, 60, 0, 3, 207.82
1630465745, 0, 203, 429, 390, 57, 3.38%, 61, 0, 3, 153.29
1630465750, 0, 203, 429, 390, 57, 3.38%, 62, 0, 3, 137.74
1630465836, 0, 203, 431, 392, 57, 3.39%, 62, 0, 3, 201.95
1630465887, 0, 203, 432, 393, 57, 3.39%, 62, 0, 3, 164.90
1630465923, 0, 203, 433, 394, 57, 3.39%, 63, 0, 3, 171.99
1630465928, 0, 203, 434, 395, 57, 3.39%, 63, 0, 3, 167.49
1630465969, 0, 203, 434, 395, 57, 3.39%, 69, 0, 3, 224.93
1630467485, 0, 203, 434, 395, 57, 3.39%, 70, 0, 3, 191.82
1630467627, 0, 206, 436, 396, 58, 3.39%, 72, 0, 3, 184.38
1630468119, 0, 206, 438, 398, 58, 3.39%, 72, 0, 3, 203.91
1630468124, 0, 206, 441, 401, 58, 3.39%, 72, 0, 3, 171.28
1630468139, 0, 206, 442, 402, 58, 3.39%, 72, 0, 3, 161.18
1630468144, 0, 206, 443, 403, 58, 3.39%, 72, 0, 3, 161.06
1630468155, 0, 206, 444, 404, 58, 3.39%, 72, 0, 3, 165.28
1630469933, 0, 213, 444, 403, 57, 3.39%, 72, 0, 3, 171.31
1630470416, 0, 213, 445, 404, 57, 3.39%, 72, 0, 3, 282.89
1630472109, 0, 215, 445, 403, 57, 3.39%, 72, 0, 3, 184.97
1630472114, 0, 215, 447, 405, 57, 3.39%, 72, 0, 3, 116.71
1630472119, 0, 215, 448, 406, 57, 3.39%, 72, 0, 3, 104.13
1630472124, 0, 215, 449, 407, 57, 3.39%, 72, 0, 3, 99.95
1630472130, 0, 215, 451, 409, 57, 3.39%, 72, 0, 3, 113.27
1630472150, 0, 215, 452, 410, 57, 3.39%, 72, 0, 3, 128.48
1630472175, 0, 215, 456, 414, 57, 3.39%, 72, 0, 3, 150.58
1630472190, 0, 215, 457, 415, 57, 3.40%, 72, 0, 3, 121.90
1630472201, 0, 215, 458, 416, 57, 3.40%, 72, 0, 3, 105.17
1630472409, 0, 215, 459, 417, 57, 3.40%, 72, 0, 3, 165.06
1630472430, 0, 215, 460, 418, 57, 3.40%, 72, 0, 3, 92.92
1630472435, 0, 215, 461, 419, 57, 3.40%, 72, 0, 3, 95.75
1630472481, 0, 215, 462, 420, 57, 3.40%, 72, 0, 3, 135.79
1630472491, 0, 215, 463, 421, 57, 3.40%, 72, 0, 3, 146.62
1630472496, 0, 215, 464, 422, 57, 3.40%, 72, 0, 3, 152.73
1630472633, 0, 215, 465, 423, 57, 3.40%, 72, 0, 3, 116.10
1630472699, 0, 215, 466, 424, 57, 3.40%, 72, 0, 3, 218.76
1630472892, 0, 215, 467, 425, 57, 3.40%, 72, 0, 3, 127.89
1630474997, 0, 217, 467, 424, 59, 3.40%, 72, 0, 3, 173.92
1630475348, 0, 217, 468, 425, 59, 3.40%, 72, 0, 3, 168.34
1630476901, 0, 217, 469, 426, 59, 3.40%, 72, 0, 3, 232.79
1630476906, 0, 218, 469, 425, 59, 3.40%, 72, 0, 3, 201.37
1630477276, 0, 218, 470, 426, 59, 3.40%, 72, 0, 3, 168.89
1630478803, 0, 220, 470, 425, 58, 3.40%, 72, 0, 3, 183.37
1630479006, 0, 220, 471, 426, 58, 3.40%, 72, 0, 3, 209.98
1630479457, 0, 220, 472, 427, 58, 3.40%, 72, 0, 3, 171.15
1630480756, 0, 221, 472, 426, 58, 3.40%, 72, 0, 3, 204.56
1630481454, 0, 221, 473, 427, 58, 3.40%, 72, 0, 3, 176.61
1630482760, 0, 255, 473, 426, 57, 3.40%, 72, 0, 3, 240.69
1630483317, 0, 261, 473, 425, 56, 3.40%, 72, 0, 3, 206.82
1630484943, 0, 262, 473, 424, 55, 3.40%, 72, 0, 3, 237.64
