# unix_time, cycles_done, cur_path, paths_total, pending_total, pending_favs, map_size, unique_crashes, unique_hangs, max_depth, execs_per_sec
1630397050, 0, 0, 1, 1, 1, 2.10%, 0, 0, 1, 373.83
1630397055, 0, 0, 62, 62, 1, 2.42%, 10, 0, 2, 319.02
1630397060, 0, 0, 79, 79, 1, 2.45%, 10, 0, 2, 214.73
1630397065, 0, 0, 90, 90, 1, 2.50%, 10, 0, 2, 172.39
1630397070, 0, 0, 93, 93, 1, 2.51%, 10, 0, 2, 150.37
1630397075, 0, 0, 94, 94, 1, 2.51%, 10, 0, 2, 147.90
1630397080, 0, 0, 99, 99, 1, 2.52%, 10, 0, 2, 160.65
1630397096, 0, 0, 101, 101, 1, 2.52%, 10, 0, 2, 144.64
1630397101, 0, 0, 104, 104, 1, 2.55%, 12, 0, 2, 210.11
1630397106, 0, 0, 109, 109, 1, 2.56%, 12, 0, 2, 187.79
1630397111, 0, 0, 114, 114, 1, 2.61%, 12, 0, 2, 164.88
1630397141, 0, 0, 115, 115, 1, 2.61%, 12, 0, 2, 150.62
1630397146, 0, 0, 116, 116, 1, 2.64%, 12, 0, 2, 143.20
1630397177, 0, 0, 119, 119, 1, 2.64%, 12, 0, 2, 142.97
1630397202, 0, 0, 120, 120, 1, 2.64%, 12, 0, 2, 142.71
1630397207, 0, 0, 121, 121, 1, 2.64%, 12, 0, 2, 165.56
1630397212, 0, 0, 122, 122, 1, 2.64%, 14, 0, 2, 168.75
1630397217, 0, 0, 123, 123, 1, 2.64%, 14, 0, 2, 166.70
1630397222, 0, 0, 124, 124, 1, 2.64%, 14, 0, 2, 198.82
1630397268, 0, 0, 125, 125, 1, 2.64%, 14, 0, 2, 199.15
1630397334, 0, 0, 125, 125, 1, 2.64%, 16, 0, 2, 255.09
1630397344, 0, 0, 134, 134, 1, 2.65%, 16, 0, 2, 206.56
1630397349, 0, 0, 148, 148, 1, 2.67%, 16, 0, 2, 175.67
1630397354, 0, 0, 156, 156, 1, 2.67%, 16, 0, 2, 166.99
1630397359, 0, 0, 157, 157, 1, 2.67%, 16, 0, 2, 169.45
1630397364, 0, 0, 158, 158, 1, 2.67%, 16, 0, 2, 174.83
1630397405, 0, 0, 159, 159, 1, 2.67%, 16, 0, 2, 136.82
1630397435, 0, 0, 160, 160, 1, 2.67%, 16, 0, 2, 137.16
1630397481, 0, 0, 161, 161, 1, 2.67%, 16, 0, 2, 137.33
1630397486, 0, 0, 163, 163, 1, 2.67%, 16, 0, 2, 154.68
1630397491, 0, 0, 164, 164, 1, 2.67%, 16, 0, 2, 167.55
1630397516, 0, 0, 165, 165, 1, 2.67%, 16, 0, 2, 138.05
1630397531, 0, 0, 168, 168, 1, 2.73%, 16, 0, 2, 159.86
1630397587, 0, 0, 173, 173, 1, 2.74%, 16, 0, 2, 143.57
1630397592, 0, 0, 174, 174, 1, 2.74%, 16, 0, 2, 139.01
1630397602, 0, 0, 176, 176, 1, 2.74%, 16, 0, 2, 149.90
1630397643, 0, 0, 177, 177, 1, 2.74%, 16, 0, 2, 167.38
1630397663, 0, 0, 180, 180, 1, 2.74%, 16, 0, 2, 166.28
1630397668, 0, 0, 181, 181, 1, 2.75%, 16, 0, 2, 302.88
1630397673, 0, 0, 181, 181, 1, 2.75%, 17, 0, 2, 379.38
1630397678, 0, 0, 198, 198, 1, 3.14%, 17, 0, 2, 223.01
1630397684, 0, 0, 213, 213, 1, 3.18%, 17, 0, 2, 180.88
1630397689, 0, 0, 214, 214, 1, 3.18%, 17, 0, 2, 209.63
1630397729, 0, 0, 219, 219, 1, 3.18%, 17, 0, 2, 195.23
1630397765, 0, 0, 220, 220, 1, 3.18%, 17, 0, 2, 170.10
1630397810, 0, 0, 225, 225, 1, 3.18%, 17, 0, 2, 158.59
1630397815, 0, 0, 241, 241, 1, 3.18%, 17, 0, 2, 150.35
1630397820, 0, 0, 243, 243, 1, 3.19%, 17, 0, 2, 149.31
1630397825, 0, 0, 244, 244, 1, 3.19%, 17, 0, 2, 176.79
1630398856, 0, 0, 245, 245, 1, 3.19%, 17, 0, 2, 139.79
1630398861, 0, 0, 247, 247, 1, 3.19%, 17, 0, 2, 138.77
1630398942, 0, 0, 248, 248, 1, 3.19%, 17, 0, 2, 158.44
1630399277, 0, 0, 249, 249, 1, 3.19%, 17, 0, 2, 168.60
1630399287, 0, 0, 250, 250, 1, 3.19%, 17, 0, 2, 142.93
1630399404, 0, 0, 256, 256, 1, 3.19%, 18, 0, 2, 167.46
1630399409, 0, 0, 269, 269, 1, 3.19%, 19, 0, 2, 216.45
1630399414, 0, 0, 272, 272, 1, 3.20%, 19, 0, 2, 227.50
1630399419, 0, 0, 276, 276, 1, 3.20%, 19, 0, 2, 233.59
1630399424, 0, 0, 279, 279, 1, 3.20%, 19, 0, 2, 234.27
1630399429, 0, 0, 284, 284, 1, 3.22%, 19, 0, 2, 234.72
1630399434, 0, 0, 285, 285, 1, 3.22%, 19, 0, 2, 231.93
1630399439, 0, 0, 288, 288, 1, 3.22%, 19, 0, 2, 231.42
1630399444, 0, 0, 291, 291, 1, 3.22%, 20, 0, 2, 248.18
1630399460, 0, 0, 292, 292, 1, 3.22%, 20, 0, 2, 239.03
1630399465, 0, 0, 294, 294, 1, 3.22%, 20, 0, 2, 231.80
1630399470, 0, 0, 295, 295, 1, 3.22%, 20, 0, 2, 236.35
1630399475, 0, 0, 296, 296, 1, 3.22%, 20, 0, 2, 236.25
1630399490, 0, 0, 298, 298, 1, 3.22%, 20, 0, 2, 231.09
1630399495, 0, 0, 300, 300, 1, 3.22%, 20, 0, 2, 232.46
1630399500, 0, 0, 301, 301, 1, 3.22%, 20, 0, 2, 231.73
1630399505, 0, 0, 302, 302, 1, 3.22%, 20, 0, 2, 233.37
1630399510, 0, 0, 302, 302, 1, 3.22%, 21, 0, 2, 238.13
1630399515, 0, 0, 302, 302, 1, 3.22%, 22, 0, 2, 231.56
1630399525, 0, 0, 302, 302, 1, 3.22%, 23, 0, 2, 238.89
1630399540, 0, 0, 303, 303, 1, 3.22%, 23, 0, 2, 234.67
1630399546, 0, 2, 303, 302, 64, 3.22%, 23, 0, 2, 218.10
1630399561, 0, 2, 304, 303, 64, 3.22%, 23, 0, 3, 161.56
1630399819, 0, 2, 305, 304, 64, 3.22%, 23, 0, 3, 169.62
1630399844, 0, 2, 307, 306, 64, 3.22%, 23, 0, 3, 174.38
1630399901, 0, 2, 308, 307, 64, 3.22%, 23, 0, 3, 144.15
1630399998, 0, 2, 309, 308, 64, 3.22%, 23, 0, 3, 146.22
1630400059, 0, 2, 310, 309, 64, 3.24%, 23, 0, 3, 156.80
1630400074, 0, 2, 311, 310, 64, 3.24%, 23, 0, 3, 150.66
1630400079, 0, 2, 312, 311, 64, 3.24%, 23, 0, 3, 146.38
1630400130, 0, 2, 313, 312, 64, 3.24%, 23, 0, 3, 166.78
1630400165, 0, 2, 315, 314, 64, 3.24%, 23, 0, 3, 218.91
1630401313, 0, 2, 316, 315, 64, 3.25%, 23, 0, 3, 148.54
1630401856, 0, 2, 317, 316, 64, 3.25%, 23, 0, 3, 196.86
1630401861, 0, 2, 318, 317, 64, 3.25%, 23, 0, 3, 227.27
1630401871, 0, 2, 319, 318, 64, 3.25%, 23, 0, 3, 239.03
1630401887, 0, 2, 320, 319, 64, 3.25%, 23, 0, 3, 235.99
1630401912, 0, 2, 321, 320, 64, 3.25%, 23, 0, 3, 235.92
1630401917, 0, 2, 322, 321, 64, 3.25%, 23, 0, 3, 235.87
1630401922, 0, 2, 324, 323, 64, 3.25%, 23, 0, 3, 236.00
1630401937, 0, 2, 325, 324, 64, 3.25%, 23, 0, 3, 246.41
1630401947, 0, 2, 329, 328, 64, 3.25%, 23, 0, 3, 232.86
1630401952, 0, 2, 330, 329, 64, 3.25%, 23, 0, 3, 240.25
1630401957, 0, 2, 331, 330, 64, 3.25%, 23, 0, 3, 239.21
1630401962, 0, 2, 332, 331, 64, 3.25%, 23, 0, 3, 236.21
1630401978, 0, 2, 333, 332, 64, 3.25%, 23, 0, 3, 240.04
1630401988, 0, 2, 334, 333, 64, 3.25%, 23, 0, 3, 234.48
1630401993, 0, 3, 334, 332, 66, 3.25%, 23, 0, 3, 212.37
1630402628, 0, 3, 335, 333, 66, 3.25%, 23, 0, 3, 181.24
1630402633, 0, 3, 336, 334, 66, 3.26%, 23, 0, 3, 224.95
1630404356, 0, 4, 336, 333, 66, 3.26%, 23, 0, 3, 208.43
1630404361, 0, 4, 337, 334, 66, 3.26%, 23, 0, 3, 156.76
1630404371, 0, 4, 338, 335, 66, 3.27%, 23, 0, 3, 143.26
1630404488, 0, 4, 339, 336, 66, 3.27%, 23, 0, 3, 145.00
1630404675, 0, 4, 340, 337, 66, 3.27%, 23, 0, 3, 176.30
1630404980, 0, 4, 341, 338, 66, 3.28%, 23, 0, 3, 253.47
1630404985, 0, 4, 342, 339, 66, 3.28%, 23, 0, 3, 189.60
1630406709, 0, 4, 343, 340, 66, 3.28%, 23, 0, 3, 215.41
1630406715, 0, 6, 343, 339, 67, 3.28%, 23, 0, 3, 224.60
1630406943, 0, 6, 343, 339, 67, 3.28%, 24, 0, 3, 230.37
1630407598, 0, 8, 343, 338, 66, 3.28%, 24, 0, 3, 264.41
1630407948, 0, 8, 344, 339, 66, 3.28%, 24, 0, 3, 179.46
1630408081, 0, 8, 344, 339, 66, 3.28%, 25, 0, 3, 227.54
1630408127, 0, 8, 345, 340, 66, 3.28%, 25, 0, 3, 195.89
1630409358, 0, 8, 347, 342, 66, 3.28%, 25, 0, 3, 242.11
1630409363, 0, 8, 348, 343, 66, 3.28%, 25, 0, 3, 252.82
1630409368, 0, 8, 350, 345, 66, 3.28%, 25, 0, 3, 248.05
1630409409, 0, 8, 351, 346, 66, 3.28%, 25, 0, 3, 257.96
1630409449, 0, 15, 351, 345, 67, 3.28%, 25, 0, 3, 240.02
1630410347, 0, 23, 351, 344, 66, 3.28%, 25, 0, 3, 203.80
1630410579, 0, 23, 352, 345, 66, 3.28%, 25, 0, 3, 183.16
1630410824, 0, 23, 352, 345, 66, 3.28%, 26, 0, 3, 212.37
1630410916, 0, 23, 354, 347, 66, 3.28%, 26, 0, 3, 167.10
1630412094, 0, 27, 354, 346, 66, 3.28%, 26, 0, 3, 231.84
1630412100, 0, 27, 355, 347, 66, 3.28%, 26, 0, 3, 183.60
1630412556, 0, 27, 355, 347, 66, 3.28%, 27, 0, 3, 232.99
1630412688, 0, 27, 356, 348, 66, 3.28%, 27, 0, 3, 165.97
1630412693, 0, 27, 357, 349, 66, 3.28%, 27, 0, 3, 166.38
1630413848, 0, 34, 357, 348, 65, 3.28%, 27, 0, 3, 176.38
1630413904, 0, 34, 358, 349, 65, 3.29%, 27, 0, 3, 170.57
1630414558, 0, 34, 360, 351, 65, 3.29%, 27, 0, 3, 157.57
1630414563, 0, 34, 365, 356, 65, 3.29%, 27, 0, 3, 149.71
1630414608, 0, 34, 366, 357, 65, 3.29%, 27, 0, 3, 150.21
1630414613, 0, 34, 367, 358, 65, 3.29%, 27, 0, 3, 152.22
1630414628, 0, 34, 368, 359, 65, 3.29%, 27, 0, 3, 181.25
1630416220, 0, 35, 368, 358, 65, 3.29%, 27, 0, 3, 202.76
1630416672, 0, 35, 368, 358, 65, 3.29%, 28, 0, 3, 230.77
1630417955, 0, 35, 369, 359, 65, 3.29%, 28, 0, 3, 250.30
1630417960, 0, 36, 369, 358, 64, 3.29%, 28, 0, 3, 232.42
1630420332, 0, 36, 370, 359, 64, 3.29%, 28, 0, 3, 200.46
1630420342, 0, 39, 370, 358, 64, 3.29%, 28, 0, 3, 234.07
1630420352, 0, 39, 371, 359, 64, 3.29%, 28, 0, 3, 201.50
1630420368, 0, 39, 372, 360, 64, 3.29%, 28, 0, 3, 208.46
1630420542, 0, 39, 372, 360, 64, 3.29%, 29, 0, 3, 264.17
1630421202, 0, 40, 372, 359, 63, 3.29%, 29, 0, 3, 212.32
1630421430, 0, 40, 372, 359, 63, 3.29%, 30, 0, 3, 234.97
1630422073, 0, 43, 372, 358, 62, 3.29%, 30, 0, 3, 244.32
1630424434, 0, 43, 374, 360, 62, 3.29%, 30, 0, 3, 223.55
1630424455, 0, 60, 374, 359, 61, 3.29%, 30, 0, 3, 222.51
1630424721, 0, 60, 375, 360, 61, 3.29%, 31, 0, 3, 246.43
1630425425, 0, 103, 375, 359, 60, 3.29%, 31, 0, 3, 195.75
1630425471, 0, 103, 376, 360, 60, 3.29%, 31, 0, 3, 163.17
1630426034, 0, 103, 377, 361, 60, 3.29%, 31, 0, 3, 263.61
1630426039, 0, 103, 380, 364, 60, 3.29%, 31, 0, 3, 192.89
1630426045, 0, 103, 384, 368, 60, 3.29%, 31, 0, 3, 197.48
1630427702, 0, 104, 384, 367, 60, 3.29%, 31, 0, 3, 214.57
1630427722, 0, 104, 385, 368, 60, 3.29%, 31, 0, 3, 174.68
1630427753, 0, 104, 386, 369, 60, 3.29%, 31, 0, 3, 177.23
1630428144, 0, 104, 387, 370, 60, 3.30%, 31, 0, 3, 175.92
1630428179, 0, 104, 387, 370, 60, 3.30%, 32, 0, 3, 212.15
1630428225, 0, 104, 391, 374, 60, 3.32%, 32, 0, 3, 190.44
1630429431, 0, 104, 392, 375, 60, 3.32%, 32, 0, 3, 225.29
1630429436, 0, 105, 392, 374, 65, 3.32%, 32, 0, 3, 245.71
1630429679, 0, 105, 392, 374, 65, 3.32%, 33, 0, 3, 224.37
1630430337, 0, 107, 392, 373, 64, 3.32%, 33, 0, 3, 193.12
1630430377, 0, 107, 393, 374, 64, 3.33%, 33, 0, 3, 196.14
1630430834, 0, 107, 393, 374, 64, 3.33%, 34, 0, 3, 230.72
1630432137, 0, 107, 394, 375, 64, 3.33%, 34, 0, 3, 186.01
1630432162, 0, 108, 394, 374, 64, 3.33%, 34, 0, 3, 220.35
1630432178, 0, 108, 395, 375, 64, 3.33%, 34, 0, 3, 175.59
1630433932, 0, 109, 395, 374, 63, 3.33%, 34, 0, 3, 218.96
1630434424, 0, 109, 395, 374, 63, 3.33%, 35, 0, 3, 245.34
1630435722, 0, 110, 395, 373, 62, 3.33%, 35, 0, 3, 226.36
1630435747, 0, 110, 396, 374, 62, 3.33%, 35, 0, 3, 179.26
1630436184, 0, 110, 396, 374, 62, 3.33%, 36, 0, 3, 246.07
1630437475, 0, 111, 396, 373, 62, 3.33%, 36, 0, 3, 207.80
1630437967, 0, 111, 396, 373, 62, 3.33%, 37, 0, 3, 232.54
1630439276, 0, 112, 396, 372, 61, 3.33%, 37, 0, 3, 207.09
1630439772, 0, 112, 396, 372, 61, 3.33%, 38, 0, 3, 227.54
1630441090, 0, 112, 397, 373, 61, 3.33%, 38, 0, 3, 225.61
1630441100, 0, 122, 397, 372, 62, 3.33%, 38, 0, 3, 169.42
1630441161, 0, 122, 398, 373, 62, 3.33%, 38, 0, 3, 148.00
1630441206, 0, 122, 399, 374, 62, 3.33%, 38, 0, 3, 142.58
1630441216, 0, 122, 400, 375, 62, 3.33%, 38, 0, 3, 144.05
1630441636, 0, 122, 401, 376, 62, 3.33%, 38, 0, 3, 164.60
1630441738, 0, 122, 402, 377, 62, 3.33%, 38, 0, 3, 221.83
1630442859, 0, 122, 403, 378, 62, 3.33%, 38, 0, 3, 151.45
1630443499, 0, 123, 403, 377, 62, 3.33%, 38, 0, 3, 215.80
1630443727, 0, 123, 405, 379, 62, 3.35%, 39, 0, 3, 226.45
1630444376, 0, 126, 405, 378, 63, 3.35%, 39, 0, 3, 218.97
1630444609, 0, 126, 405, 378, 63, 3.35%, 40, 0, 3, 239.18
1630445268, 0, 133, 405, 377, 62, 3.35%, 40, 0, 3, 238.89
1630445314, 0, 133, 406, 378, 62, 3.35%, 40, 0, 3, 190.36
1630445380, 0, 133, 407, 379, 62, 3.35%, 40, 0, 3, 191.91
1630445633, 0, 133, 408, 380, 62, 3.35%, 40, 0, 3, 180.46
1630445724, 0, 133, 408, 380, 62, 3.35%, 41, 0, 3, 230.96
1630446992, 0, 134, 408, 379, 62, 3.35%, 41, 0, 3, 190.74
1630447469, 0, 134, 408, 379, 62, 3.35%, 42, 0, 3, 210.11
1630448741, 0, 140, 408, 378, 61, 3.35%, 42, 0, 3, 173.09
1630449451, 0, 140, 409, 379, 61, 3.35%, 42, 0, 3, 153.17
1630451125, 0, 146, 409, 378, 60, 3.35%, 42, 0, 3, 191.92
1630451617, 0, 146, 409, 378, 60, 3.35%, 43, 0, 3, 228.79
1630451704, 0, 146, 410, 379, 60, 3.35%, 43, 0, 3, 167.16
1630452932, 0, 146, 412, 381, 60, 3.35%, 43, 0, 3, 244.03
1630452942, 0, 162, 412, 380, 59, 3.35%, 43, 0, 3, 171.49
1630453570, 0, 162, 413, 381, 59, 3.35%, 43, 0, 3, 251.12
1630453620, 0, 162, 414, 382, 59, 3.35%, 43, 0, 3, 193.82
1630455320, 0, 166, 414, 381, 59, 3.35%, 43, 0, 3, 178.17
1630455757, 0, 166, 415, 382, 59, 3.35%, 43, 0, 3, 149.41
1630457696, 0, 175, 415, 381, 58, 3.35%, 43, 0, 3, 194.78
1630458325, 0, 175, 416, 382, 58, 3.35%, 43, 0, 3, 222.67
1630458477, 0, 175, 417, 383, 58, 3.35%, 43, 0, 3, 161.45
1630459669, 0, 175, 418, 384, 58, 3.36%, 43, 0, 3, 149.02
1630460064, 0, 187, 418, 383, 59, 3.36%, 43, 0, 3, 194.98
1630460693, 0, 187, 421, 386, 59, 3.36%, 43, 0, 3, 181.02
1630460703, 0, 187, 422, 387, 59, 3.36%, 43, 0, 3, 169.44
1630460708, 0, 187, 423, 388, 59, 3.36%, 43, 0, 3, 168.04
1630460713, 0, 187, 424, 389, 59, 3.36%, 43, 0, 3, 168.27
1630460718, 0, 187, 425, 390, 59, 3.36%, 43, 0, 3, 170.11
1630462361, 0, 187, 426, 391, 59, 3.36%, 43, 0, 3, 177.71
1630462397, 0, 191, 426, 390, 60, 3.36%, 43, 0, 3, 210.39
1630462402, 0, 191, 426, 390, 60, 3.36%, 44, 0, 3, 182.17
1630462443, 0, 191, 427, 391, 60, 3.36%, 44, 0, 3, 188.58
1630462946, 0, 191, 428, 392, 60, 3.36%, 44, 0, 3, 207.75
1630462971, 0, 191, 429, 393, 60, 3.36%, 44, 0, 3, 176.03
1630462981, 0, 191, 429, 393, 60, 3.36%, 45, 0, 3, 176.40
1630462987, 0, 191, 430, 394, 60, 3.36%, 45, 0, 3, 193.10
1630464400, 0, 193, 430, 393, 60, 3.36%, 46, 0, 3, 185.32
1630464989, 0, 193, 430, 393, 60, 3.36%, 47, 0, 3, 181.49
1630466404, 0, 195, 430, 392, 59, 3.36%, 47, 0, 3, 210.67
1630468870, 0, 197, 430, 391, 58, 3.36%, 47, 0, 3, 188.50
1630468885, 0, 197, 431, 392, 58, 3.36%, 47, 0, 3, 130.15
1630469214, 0, 197, 432, 393, 58, 3.36%, 47, 0, 3, 165.01
1630469402, 0, 197, 433, 394, 58, 3.36%, 47, 0, 3, 154.29
1630469559, 0, 197, 434, 395, 58, 3.37%, 47, 0, 3, 215.15
1630469605, 0, 197, 435, 396, 58, 3.37%, 47, 0, 3, 167.96
1630469610, 0, 197, 436, 397, 58, 3.37%, 47, 0, 3, 167.44
1630469615, 0, 197, 437, 398, 58, 3.37%, 47, 0, 3, 165.47
1630469620, 0, 197, 439, 400, 58, 3.37%, 47, 0, 3, 161.28
1630470893, 0, 197, 440, 401, 58, 3.37%, 47, 0, 3, 124.36
1630471507, 0, 200, 440, 400, 58, 3.37%, 50, 0, 3, 197.51
1630471512, 0, 200, 440, 400, 58, 3.37%, 51, 0, 3, 154.25
1630471527, 0, 200, 440, 400, 58, 3.37%, 52, 0, 3, 149.76
1630471542, 0, 200, 440, 400, 58, 3.37%, 53, 0, 3, 154.46
1630471568, 0, 200, 440, 400, 58, 3.37%, 55, 0, 3, 200.01
1630471573, 0, 200, 440, 400, 58, 3.37%, 57, 0, 3, 177.26
1630471806, 0, 200, 440, 400, 58, 3.37%, 58, 0, 3, 239.75
1630471811, 0, 200, 440, 400, 58, 3.37%, 59, 0, 3, 214.21
1630471822, 0, 200, 440, 400, 58, 3.37%, 60, 0, 3, 194.62
1630471827, 0, 200, 440, 400, 58, 3.37%, 61, 0, 3, 204.52
1630472029, 0, 200, 440, 400, 58, 3.37%, 62, 0, 3, 151.94
1630472039, 0, 200, 440, 400, 58, 3.37%, 63, 0, 3, 141.75
1630472121, 0, 200, 441, 401, 58, 3.37%, 63, 0, 3, 188.86
1630472167, 0, 200, 442, 402, 58, 3.37%, 63, 0, 3, 176.54
1630472207, 0, 200, 442, 402, 58, 3.37%, 64, 0, 3, 170.16
1630472248, 0, 200, 442, 402, 58, 3.37%, 70, 0, 3, 224.53
1630473711, 0, 200, 442, 402, 58, 3.37%, 71, 0, 3, 192.50
1630473858, 0, 200, 442, 402, 58, 3.37%, 74, 0, 3, 207.43
1630473863, 0, 201, 443, 402, 57, 3.37%, 74, 0, 3, 186.13
1630473878, 0, 201, 444, 403, 57, 3.37%, 74, 0, 3, 164.15
1630474497, 0, 201, 445, 404, 57, 3.37%, 74, 0, 3, 216.72
1630476257, 0, 209, 445, 403, 57, 3.37%, 74, 0, 3, 208.78
1630478520, 0, 210, 445, 402, 56, 3.37%, 74, 0, 3, 207.94
1630480947, 0, 215, 445, 401, 55, 3.37%, 74, 0, 3, 186.39
1630481661, 0, 215, 446, 402, 55, 3.37%, 74, 0, 3, 176.45
1630482939, 0, 218, 446, 401, 54, 3.37%, 74, 0, 3, 188.11
1630483344, 0, 218, 447, 402, 54, 3.37%, 74, 0, 3, 176.99
1630483740, 0, 218, 448, 403, 54, 3.37%, 74, 0, 3, 177.34
1630485020, 0, 222, 448, 402, 53, 3.37%, 74, 0, 3, 208.84
