# unix_time, cycles_done, cur_path, paths_total, pending_total, pending_favs, map_size, unique_crashes, unique_hangs, max_depth, execs_per_sec
1619265793, 0, 0, 1, 1, 1, 0.08%, 0, 0, 1, 0.17
1619265798, 0, 0, 6, 6, 1, 0.10%, 0, 0, 2, 138.47
1619265803, 0, 0, 10, 10, 1, 0.10%, 0, 0, 2, 17.41
1619265808, 0, 0, 11, 11, 1, 0.10%, 0, 0, 2, 13.81
1619265813, 0, 0, 29, 29, 1, 0.11%, 0, 0, 2, 52.23
1619265818, 0, 0, 36, 36, 1, 0.11%, 0, 0, 2, 29.38
1619265829, 0, 0, 38, 38, 1, 0.11%, 0, 0, 2, 13.32
1619265834, 0, 0, 40, 40, 1, 0.11%, 0, 0, 2, 13.58
1619265854, 0, 0, 41, 41, 1, 0.11%, 0, 0, 2, 12.33
1619265860, 0, 0, 42, 42, 1, 0.11%, 0, 0, 2, 11.85
1619265865, 0, 0, 46, 46, 1, 0.11%, 0, 0, 2, 10.96
1619265870, 0, 0, 47, 47, 1, 0.11%, 0, 0, 2, 11.29
1619265875, 0, 0, 49, 49, 1, 0.11%, 0, 0, 2, 11.35
1619265885, 0, 0, 50, 50, 1, 0.11%, 0, 0, 2, 11.29
1619265890, 0, 0, 53, 53, 1, 0.11%, 0, 0, 2, 12.32
1619265900, 0, 0, 56, 56, 1, 0.11%, 0, 0, 2, 11.69
1619265911, 0, 0, 59, 59, 1, 0.11%, 0, 0, 2, 20.18
1619265916, 0, 0, 60, 60, 1, 0.11%, 0, 0, 2, 16.66
1619265921, 0, 0, 61, 61, 1, 0.11%, 0, 0, 2, 12.55
1619265926, 0, 0, 63, 63, 1, 0.11%, 0, 0, 2, 26.70
1619265993, 0, 0, 64, 64, 1, 0.11%, 0, 0, 2, 7.16
1619266055, 0, 0, 65, 65, 1, 0.11%, 0, 0, 2, 6.80
1619266071, 0, 0, 71, 71, 1, 0.11%, 0, 0, 2, 26.89
1619266138, 0, 0, 72, 72, 1, 0.11%, 0, 0, 2, 9.53
1619266143, 0, 0, 73, 73, 1, 0.11%, 0, 0, 2, 9.87
1619266168, 0, 0, 74, 74, 1, 0.11%, 0, 0, 2, 10.03
1619266173, 0, 0, 75, 75, 1, 0.11%, 0, 0, 2, 9.99
1619266179, 0, 0, 76, 76, 1, 0.11%, 0, 0, 2, 9.97
1619266184, 0, 0, 78, 78, 1, 0.11%, 0, 0, 2, 13.78
1619266199, 0, 0, 81, 81, 1, 0.11%, 0, 0, 2, 13.68
1619266214, 0, 0, 84, 84, 1, 0.11%, 0, 0, 2, 12.77
1619266225, 0, 0, 85, 85, 1, 0.11%, 0, 0, 2, 10.36
1619266230, 0, 0, 90, 90, 1, 0.11%, 0, 0, 2, 11.28
1619266240, 0, 0, 91, 91, 1, 0.11%, 0, 0, 2, 11.12
1619266250, 0, 0, 92, 92, 1, 0.11%, 0, 0, 2, 11.01
1619266271, 0, 0, 93, 93, 1, 0.11%, 0, 0, 2, 11.19
1619266291, 0, 0, 94, 94, 1, 0.11%, 0, 0, 2, 10.90
1619266302, 0, 0, 97, 97, 1, 0.11%, 0, 0, 2, 27.45
1619266307, 0, 0, 99, 99, 1, 0.11%, 0, 0, 2, 51.79
1619266312, 0, 0, 104, 104, 1, 0.11%, 0, 0, 2, 58.65
1619266317, 0, 0, 109, 109, 1, 0.11%, 0, 0, 2, 8.81
1619266322, 0, 0, 111, 111, 1, 0.11%, 0, 0, 2, 9.56
1619266358, 0, 0, 112, 112, 1, 0.11%, 0, 0, 2, 9.97
1619266363, 0, 0, 114, 114, 1, 0.11%, 0, 0, 2, 10.09
1619266414, 0, 0, 115, 115, 1, 0.11%, 0, 0, 2, 10.02
1619266471, 0, 0, 116, 116, 1, 0.11%, 0, 0, 2, 10.06
1619266644, 0, 0, 117, 117, 1, 0.11%, 0, 0, 2, 10.94
1619266654, 0, 0, 118, 118, 1, 0.11%, 0, 0, 2, 12.21
1619266675, 0, 0, 119, 119, 1, 0.11%, 0, 0, 2, 10.00
1619266680, 0, 0, 120, 120, 1, 0.11%, 0, 0, 2, 10.00
1619266727, 0, 0, 121, 121, 1, 0.11%, 0, 0, 2, 10.30
1619266737, 0, 0, 122, 122, 1, 0.11%, 0, 0, 2, 10.18
1619266747, 0, 0, 123, 123, 1, 0.11%, 0, 0, 2, 9.96
1619266834, 0, 0, 124, 124, 1, 0.11%, 0, 0, 2, 10.20
1619266895, 0, 0, 125, 125, 1, 0.11%, 0, 0, 2, 10.05
1619266957, 0, 0, 126, 126, 1, 0.11%, 0, 0, 2, 10.20
1619266962, 0, 0, 127, 127, 1, 0.11%, 0, 0, 2, 135.20
1619266998, 0, 0, 130, 130, 1, 0.11%, 0, 0, 2, 12.61
1619267003, 0, 0, 135, 135, 1, 0.11%, 0, 0, 2, 17.95
1619267008, 0, 0, 139, 139, 1, 0.11%, 0, 0, 2, 25.98
1619267064, 0, 0, 140, 140, 1, 0.11%, 0, 0, 2, 25.31
1619267187, 0, 0, 141, 141, 1, 0.11%, 0, 0, 2, 79.60
1619267202, 0, 0, 142, 142, 1, 0.11%, 0, 0, 2, 61.72
1619267351, 0, 0, 147, 147, 1, 0.11%, 0, 0, 2, 113.63
1619267356, 0, 0, 156, 156, 1, 0.11%, 0, 0, 2, 71.15
1619267361, 0, 0, 158, 158, 1, 0.11%, 0, 0, 2, 13.62
1619267366, 0, 0, 160, 160, 1, 0.11%, 0, 0, 2, 32.24
1619267371, 0, 0, 161, 161, 1, 0.11%, 0, 0, 2, 20.85
1619267376, 0, 0, 163, 163, 1, 0.11%, 0, 0, 2, 25.23
1619267381, 0, 0, 165, 165, 1, 0.11%, 0, 0, 2, 44.06
1619267391, 0, 0, 166, 166, 1, 0.11%, 0, 0, 2, 30.36
1619267397, 0, 0, 169, 169, 1, 0.11%, 0, 0, 2, 39.39
1619267402, 0, 0, 170, 170, 1, 0.11%, 0, 0, 2, 44.53
1619267407, 0, 0, 172, 172, 1, 0.11%, 0, 0, 2, 41.62
1619267417, 0, 0, 173, 173, 1, 0.11%, 0, 0, 2, 10.14
1619267422, 0, 0, 175, 175, 1, 0.11%, 0, 0, 2, 47.24
1619267427, 0, 0, 176, 176, 1, 0.12%, 0, 0, 2, 63.37
1619267464, 0, 0, 178, 178, 1, 0.12%, 0, 0, 2, 58.08
1619267469, 0, 0, 181, 181, 1, 0.12%, 0, 0, 2, 60.13
1619267479, 0, 0, 182, 182, 1, 0.12%, 0, 0, 2, 9.72
1619267484, 0, 0, 184, 184, 1, 0.12%, 0, 0, 2, 10.02
1619267489, 0, 0, 185, 185, 1, 0.12%, 0, 0, 2, 10.02
1619267504, 0, 0, 186, 186, 1, 0.12%, 0, 0, 2, 9.83
1619267520, 0, 0, 187, 187, 1, 0.12%, 0, 0, 2, 9.78
1619267632, 0, 0, 188, 188, 1, 0.12%, 0, 0, 2, 10.11
1619268324, 0, 0, 192, 192, 1, 0.12%, 0, 0, 2, 67.63
1619268329, 0, 0, 193, 193, 1, 0.12%, 0, 0, 2, 68.25
1619268350, 0, 0, 195, 195, 1, 0.12%, 0, 0, 2, 9.99
1619268355, 0, 0, 196, 196, 1, 0.12%, 0, 0, 2, 9.91
1619268360, 0, 0, 197, 197, 1, 0.12%, 0, 0, 2, 10.13
1619268376, 0, 0, 199, 199, 1, 0.12%, 0, 0, 2, 9.99
1619268632, 0, 0, 201, 201, 1, 0.12%, 0, 0, 2, 9.92
1619268668, 0, 0, 202, 202, 1, 0.12%, 0, 0, 2, 10.01
1619268714, 0, 0, 203, 203, 1, 0.12%, 0, 0, 2, 10.51
1619268925, 0, 0, 204, 204, 1, 0.12%, 0, 0, 2, 10.82
1619268930, 0, 0, 205, 205, 1, 0.12%, 0, 0, 2, 10.22
1619268996, 0, 0, 206, 206, 1, 0.12%, 0, 0, 2, 10.32
1619269001, 0, 0, 207, 207, 1, 0.12%, 0, 0, 2, 10.12
1619269012, 0, 0, 208, 208, 1, 0.12%, 0, 0, 2, 10.19
1619269017, 0, 0, 210, 210, 1, 0.12%, 0, 0, 2, 10.27
1619269037, 0, 0, 212, 212, 1, 0.12%, 0, 0, 2, 9.75
1619269058, 0, 0, 215, 215, 1, 0.12%, 0, 0, 2, 228.30
1619269063, 0, 0, 216, 216, 1, 0.12%, 0, 0, 2, 247.25
1619269073, 0, 0, 218, 218, 1, 0.12%, 0, 0, 2, 86.62
1619269078, 0, 0, 224, 224, 1, 0.12%, 0, 0, 2, 13.69
1619269083, 0, 0, 227, 227, 1, 0.12%, 0, 0, 2, 27.55
1619269089, 0, 0, 232, 232, 1, 0.12%, 0, 0, 2, 29.35
1619269094, 0, 0, 233, 233, 1, 0.12%, 0, 0, 2, 27.11
1619269099, 0, 0, 235, 235, 1, 0.12%, 0, 0, 2, 28.46
1619269104, 0, 0, 237, 237, 1, 0.12%, 0, 0, 2, 20.43
1619269109, 0, 0, 239, 239, 1, 0.12%, 0, 0, 2, 18.65
1619269120, 0, 0, 240, 240, 1, 0.12%, 0, 0, 2, 14.82
1619269150, 0, 0, 241, 241, 1, 0.12%, 0, 0, 2, 28.70
1619269155, 0, 0, 243, 243, 1, 0.12%, 0, 0, 2, 19.98
1619269201, 0, 0, 245, 245, 1, 0.12%, 0, 0, 2, 15.75
1619269206, 0, 0, 246, 246, 1, 0.12%, 0, 0, 2, 18.76
1619269216, 0, 0, 247, 247, 1, 0.12%, 0, 0, 2, 15.51
1619269237, 0, 0, 248, 248, 1, 0.12%, 0, 0, 2, 13.73
1619269257, 0, 0, 249, 249, 1, 0.12%, 0, 0, 2, 17.84
1619269262, 0, 0, 250, 250, 1, 0.12%, 0, 0, 2, 18.33
1619269314, 0, 0, 251, 251, 1, 0.12%, 0, 0, 2, 18.91
1619269688, 0, 0, 252, 252, 1, 0.12%, 0, 0, 2, 16.40
1619269847, 0, 0, 255, 255, 1, 0.12%, 0, 0, 2, 20.17
1619269857, 0, 0, 257, 257, 1, 0.12%, 0, 0, 2, 28.28
1619269873, 0, 0, 260, 260, 1, 0.12%, 0, 0, 2, 30.72
1619269893, 0, 0, 262, 262, 1, 0.12%, 0, 0, 2, 46.02
1619269898, 0, 0, 263, 263, 1, 0.12%, 0, 0, 2, 44.49
1619269908, 0, 0, 264, 264, 1, 0.12%, 0, 0, 2, 45.58
1619269914, 0, 0, 268, 268, 1, 0.14%, 0, 0, 2, 6.84
1619269939, 0, 0, 271, 271, 1, 0.14%, 0, 0, 2, 80.75
1619269990, 0, 0, 272, 272, 1, 0.14%, 0, 0, 2, 70.23
1619270021, 0, 0, 273, 273, 1, 0.14%, 0, 0, 2, 68.96
1619270047, 0, 0, 274, 274, 1, 0.14%, 0, 0, 2, 10.39
1619270062, 0, 0, 275, 275, 1, 0.14%, 0, 0, 2, 10.51
1619270067, 0, 0, 276, 276, 1, 0.14%, 0, 0, 2, 10.50
1619270077, 0, 0, 277, 277, 1, 0.14%, 0, 0, 2, 10.40
1619270083, 0, 0, 279, 279, 1, 0.14%, 0, 0, 2, 12.16
1619270093, 0, 0, 280, 280, 1, 0.14%, 0, 0, 2, 10.61
1619270103, 0, 0, 281, 281, 1, 0.14%, 0, 0, 2, 11.47
1619270118, 0, 0, 282, 282, 1, 0.14%, 0, 0, 2, 10.47
1619270124, 0, 0, 283, 283, 1, 0.14%, 0, 0, 2, 10.58
1619270129, 0, 0, 284, 284, 1, 0.14%, 0, 0, 2, 10.50
1619274346, 0, 0, 285, 285, 1, 0.14%, 0, 0, 2, 80.74
1619274351, 0, 0, 287, 287, 1, 0.14%, 0, 0, 2, 81.29
1619274393, 0, 0, 289, 289, 1, 0.14%, 0, 0, 2, 10.38
1619274460, 0, 0, 290, 290, 1, 0.14%, 0, 0, 2, 10.57
1619274470, 0, 0, 291, 291, 1, 0.14%, 0, 0, 2, 10.45
1619276785, 0, 0, 292, 292, 1, 0.14%, 0, 0, 2, 10.57
1619277482, 0, 0, 293, 293, 1, 0.14%, 0, 0, 2, 9.21
1619277487, 0, 0, 294, 294, 1, 0.14%, 0, 0, 2, 9.28
1619277497, 0, 0, 295, 295, 1, 0.14%, 0, 0, 2, 9.06
1619277502, 0, 0, 297, 297, 1, 0.14%, 0, 0, 2, 8.95
1619277517, 0, 0, 298, 298, 1, 0.14%, 0, 0, 2, 8.90
1619277522, 0, 0, 299, 299, 1, 0.14%, 0, 0, 2, 8.98
1619277533, 0, 0, 300, 300, 1, 0.14%, 0, 0, 2, 9.06
1619277538, 0, 0, 302, 302, 1, 0.14%, 0, 0, 2, 9.12
1619277548, 0, 0, 303, 303, 1, 0.14%, 0, 0, 2, 8.97
1619277553, 0, 0, 304, 304, 1, 0.14%, 0, 0, 2, 8.92
1619277558, 0, 0, 307, 307, 1, 0.14%, 0, 0, 2, 9.03
1619277589, 0, 0, 308, 308, 1, 0.14%, 0, 0, 2, 3.75
1619277604, 0, 0, 309, 309, 1, 0.14%, 0, 0, 2, 3.33
1619277610, 0, 0, 310, 310, 1, 0.14%, 0, 0, 2, 3.08
1619277615, 0, 0, 311, 311, 1, 0.14%, 0, 0, 2, 3.17
1619277620, 0, 0, 312, 312, 1, 0.14%, 0, 0, 2, 3.17
1619278125, 0, 0, 313, 313, 1, 0.14%, 0, 0, 2, 9.14
1619278130, 0, 0, 314, 314, 1, 0.14%, 0, 0, 2, 9.14
1619278197, 0, 0, 315, 315, 1, 0.14%, 0, 0, 2, 9.09
1619279345, 0, 0, 316, 316, 1, 0.14%, 0, 0, 2, 8.97
1619279422, 0, 0, 317, 317, 1, 0.14%, 0, 0, 2, 16.95
1619279535, 0, 0, 321, 321, 1, 0.14%, 0, 0, 2, 19.07
1619279540, 0, 0, 328, 328, 1, 0.14%, 0, 0, 2, 24.25
1619279545, 0, 0, 338, 338, 1, 0.14%, 0, 0, 2, 54.52
1619279550, 0, 0, 342, 342, 1, 0.14%, 0, 0, 2, 10.45
1619279555, 0, 0, 346, 346, 1, 0.14%, 0, 0, 2, 25.86
1619279561, 0, 0, 348, 348, 1, 0.14%, 0, 0, 2, 34.41
1619279566, 0, 0, 353, 353, 1, 0.14%, 0, 0, 2, 9.54
1619279571, 0, 0, 355, 355, 1, 0.14%, 0, 0, 2, 8.30
1619279576, 0, 0, 357, 357, 1, 0.14%, 0, 0, 2, 9.51
1619279581, 0, 0, 360, 360, 1, 0.14%, 0, 0, 2, 11.26
1619279586, 0, 0, 362, 362, 1, 0.14%, 0, 0, 2, 9.98
1619279592, 0, 0, 366, 366, 1, 0.14%, 0, 0, 2, 72.49
1619279602, 0, 0, 369, 369, 1, 0.14%, 0, 0, 2, 46.62
1619279607, 0, 0, 370, 370, 1, 0.14%, 0, 0, 2, 56.05
1619279612, 0, 0, 372, 372, 1, 0.14%, 0, 0, 2, 65.18
1619279617, 0, 0, 373, 373, 1, 0.14%, 0, 0, 2, 108.43
1619279622, 0, 0, 374, 374, 1, 0.14%, 0, 0, 2, 11.74
1619279627, 0, 0, 375, 375, 1, 0.14%, 0, 0, 2, 2.36
1619279648, 0, 0, 376, 376, 1, 0.14%, 0, 0, 2, 6.48
1619279658, 0, 0, 377, 377, 1, 0.14%, 0, 0, 2, 6.21
1619279679, 0, 0, 378, 378, 1, 0.14%, 0, 0, 2, 13.15
1619279685, 0, 0, 379, 379, 1, 0.14%, 0, 0, 2, 15.14
1619279705, 0, 0, 380, 380, 1, 0.14%, 0, 0, 2, 15.58
1619279710, 0, 0, 382, 382, 1, 0.14%, 0, 0, 2, 17.04
1619279715, 0, 0, 383, 383, 1, 0.14%, 0, 0, 2, 1.60
1619279737, 0, 0, 385, 385, 1, 0.14%, 0, 0, 2, 17.91
1619279757, 0, 0, 386, 386, 1, 0.14%, 0, 0, 2, 41.38
1619279762, 0, 0, 387, 387, 1, 0.14%, 0, 0, 2, 47.28
1619279767, 0, 0, 388, 388, 1, 0.14%, 0, 0, 2, 11.86
1619279799, 0, 0, 389, 389, 1, 0.14%, 0, 0, 2, 15.24
1619279814, 0, 0, 390, 390, 1, 0.14%, 0, 0, 2, 28.63
1619279836, 0, 0, 392, 392, 1, 0.14%, 0, 0, 2, 3.56
1619279867, 0, 0, 393, 393, 1, 0.14%, 0, 0, 2, 4.67
1619279903, 0, 0, 394, 394, 1, 0.14%, 0, 0, 2, 1.69
1619279925, 0, 0, 395, 395, 1, 0.14%, 0, 0, 2, 3.92
1619279971, 0, 0, 396, 396, 1, 0.14%, 0, 0, 2, 5.49
1619279987, 0, 0, 397, 397, 1, 0.14%, 0, 0, 2, 6.96
1619279997, 0, 0, 398, 398, 1, 0.14%, 0, 0, 2, 2.57
1619280018, 0, 0, 399, 399, 1, 0.14%, 0, 0, 2, 11.95
1619280039, 0, 0, 400, 400, 1, 0.14%, 0, 0, 2, 22.75
1619280060, 0, 0, 401, 401, 1, 0.14%, 0, 0, 2, 2.93
1619280112, 0, 0, 402, 402, 1, 0.14%, 0, 0, 2, 2.05
1619280122, 0, 0, 403, 403, 1, 0.14%, 0, 0, 2, 12.72
1619280185, 0, 0, 404, 404, 1, 0.14%, 0, 0, 2, 18.99
1619280195, 0, 0, 405, 405, 1, 0.14%, 0, 0, 2, 31.72
1619280227, 0, 0, 406, 406, 1, 0.14%, 0, 0, 2, 15.03
1619280238, 0, 0, 407, 407, 1, 0.14%, 0, 0, 2, 8.51
1619280275, 0, 0, 408, 408, 1, 0.14%, 0, 0, 2, 3.27
1619280280, 0, 0, 409, 409, 1, 0.14%, 0, 0, 2, 3.94
1619280291, 0, 0, 411, 411, 1, 0.14%, 0, 0, 2, 7.02
1619280306, 0, 0, 412, 412, 1, 0.14%, 0, 0, 2, 10.45
1619280316, 0, 0, 413, 413, 1, 0.14%, 0, 0, 2, 12.18
1619280322, 0, 0, 414, 414, 1, 0.14%, 0, 0, 2, 12.40
1619280369, 0, 0, 415, 415, 1, 0.14%, 0, 0, 2, 16.49
1619280389, 0, 0, 417, 417, 1, 0.14%, 0, 0, 2, 4.05
1619280405, 0, 0, 418, 418, 1, 0.14%, 0, 0, 2, 11.75
1619280453, 0, 0, 419, 419, 1, 0.14%, 0, 0, 2, 5.93
1619280494, 0, 0, 421, 421, 1, 0.14%, 0, 0, 2, 12.27
1619280567, 0, 0, 422, 422, 1, 0.14%, 0, 0, 2, 23.44
1619280611, 0, 0, 423, 423, 1, 0.14%, 0, 0, 2, 1.11
1619280642, 0, 0, 424, 424, 1, 0.14%, 0, 0, 2, 3.45
1619280709, 0, 0, 425, 425, 1, 0.14%, 0, 0, 2, 13.03
1619280714, 0, 1, 425, 424, 96, 0.14%, 0, 0, 2, 21.88
1619287192, 0, 1, 426, 425, 96, 0.14%, 0, 0, 3, 30.57
1619287212, 0, 6, 426, 424, 95, 0.14%, 0, 0, 3, 17.84
1619288291, 0, 6, 428, 426, 95, 0.14%, 0, 0, 3, 23.46
1619289157, 0, 6, 429, 427, 95, 0.14%, 0, 0, 3, 12.46
1619290664, 0, 6, 430, 428, 95, 0.14%, 0, 0, 3, 14.80
1619290823, 0, 6, 431, 429, 95, 0.14%, 0, 0, 3, 12.47
1619290834, 0, 6, 432, 430, 95, 0.14%, 0, 0, 3, 14.14
1619290839, 0, 6, 433, 431, 95, 0.14%, 0, 0, 3, 9.80
1619290854, 0, 6, 434, 432, 95, 0.14%, 0, 0, 3, 2.09
1619290880, 0, 6, 435, 433, 95, 0.14%, 0, 0, 3, 6.83
1619299837, 0, 6, 436, 434, 95, 0.14%, 0, 0, 3, 13.10
1619299960, 0, 8, 436, 433, 96, 0.14%, 0, 0, 3, 23.82
1619301706, 0, 8, 437, 434, 96, 0.14%, 0, 0, 3, 1.34
1619301716, 0, 8, 438, 435, 96, 0.14%, 0, 0, 3, 11.66
1619303022, 0, 8, 439, 436, 96, 0.14%, 0, 0, 3, 11.15
1619303376, 0, 8, 440, 437, 96, 0.14%, 0, 0, 3, 12.31
1619304228, 0, 8, 441, 438, 96, 0.14%, 0, 0, 3, 10.06
1619314233, 0, 8, 442, 439, 96, 0.14%, 0, 0, 3, 21.46
1619314356, 0, 9, 442, 438, 97, 0.14%, 0, 0, 3, 2.55
1619315424, 0, 9, 442, 438, 97, 0.14%, 1, 0, 3, 2.76
1619316755, 0, 9, 442, 438, 97, 0.14%, 2, 0, 3, 2.60
1619318769, 0, 9, 442, 438, 97, 0.14%, 3, 0, 3, 1.04
1619318836, 0, 9, 442, 438, 97, 0.14%, 4, 0, 3, 3.26
1619320684, 0, 9, 442, 438, 97, 0.14%, 5, 0, 3, 3.30
1619321194, 0, 9, 442, 438, 97, 0.14%, 6, 0, 3, 3.02
1619323511, 0, 9, 442, 438, 97, 0.14%, 7, 0, 3, 3.10
1619324260, 0, 9, 442, 438, 97, 0.14%, 8, 0, 3, 3.21
1619325059, 0, 9, 443, 439, 97, 0.14%, 8, 0, 3, 2.76
1619325588, 0, 9, 443, 439, 97, 0.14%, 9, 0, 3, 3.11
1619326282, 0, 9, 443, 439, 97, 0.14%, 10, 0, 3, 1.14
1619326988, 0, 9, 444, 440, 97, 0.14%, 10, 0, 3, 0.99
1619326999, 0, 9, 445, 441, 97, 0.14%, 10, 0, 3, 1.44
1619327080, 0, 9, 445, 441, 97, 0.14%, 11, 0, 3, 5.79
1619327091, 0, 9, 446, 442, 97, 0.14%, 11, 0, 3, 5.93
1619327455, 0, 9, 446, 442, 97, 0.14%, 12, 0, 3, 2.40
1619331700, 0, 9, 447, 443, 97, 0.14%, 12, 0, 3, 1.05
1619332765, 0, 9, 447, 443, 97, 0.14%, 13, 0, 3, 3.07
1619337698, 0, 9, 447, 443, 97, 0.14%, 14, 0, 3, 4.22
1619346882, 0, 17, 447, 442, 99, 0.14%, 14, 0, 3, 90.36
1619347859, 0, 20, 447, 441, 98, 0.14%, 14, 0, 3, 110.84
1619349830, 0, 20, 448, 442, 98, 0.14%, 14, 0, 3, 120.36
1619349840, 0, 20, 450, 444, 98, 0.14%, 14, 0, 3, 126.74
1619349851, 0, 20, 451, 445, 98, 0.14%, 14, 0, 3, 125.04
1619349891, 0, 20, 452, 446, 98, 0.14%, 14, 0, 3, 133.73
1619349902, 0, 20, 453, 447, 98, 0.14%, 14, 0, 3, 132.31
1619349907, 0, 20, 454, 448, 98, 0.14%, 14, 0, 3, 129.95
1619349922, 0, 21, 454, 447, 95, 0.14%, 14, 0, 3, 92.33
1619351903, 0, 21, 455, 448, 95, 0.14%, 14, 0, 3, 122.35
1619351919, 0, 21, 456, 449, 95, 0.14%, 14, 0, 3, 128.45
1619351944, 0, 22, 456, 448, 94, 0.14%, 14, 0, 3, 113.87
1619353908, 0, 23, 456, 447, 92, 0.14%, 14, 0, 3, 125.28
1619354611, 0, 23, 457, 448, 92, 0.14%, 14, 0, 3, 73.32
1619355923, 0, 25, 457, 447, 91, 0.14%, 14, 0, 3, 105.00
1619356251, 0, 25, 458, 448, 91, 0.14%, 14, 0, 3, 74.06
1619356504, 0, 25, 459, 449, 91, 0.14%, 14, 0, 3, 82.59
1619357892, 0, 26, 459, 448, 91, 0.14%, 14, 0, 3, 99.90
1619357928, 0, 26, 460, 449, 91, 0.14%, 14, 0, 3, 73.73
1619359918, 0, 28, 460, 448, 91, 0.14%, 14, 0, 3, 98.28
1619361922, 0, 28, 461, 449, 91, 0.14%, 14, 0, 3, 130.26
1619361927, 0, 28, 462, 450, 91, 0.14%, 14, 0, 3, 131.37
1619361937, 0, 28, 463, 451, 91, 0.14%, 14, 0, 3, 132.42
1619361947, 0, 28, 464, 452, 91, 0.14%, 14, 0, 3, 131.86
1619361963, 0, 28, 465, 453, 91, 0.14%, 14, 0, 3, 127.51
1619361988, 0, 28, 466, 454, 91, 0.14%, 14, 0, 3, 130.21
1619362009, 0, 29, 466, 453, 91, 0.14%, 14, 0, 3, 93.64
1619363926, 0, 29, 467, 454, 91, 0.14%, 14, 0, 3, 132.45
1619363931, 0, 29, 468, 455, 91, 0.14%, 14, 0, 3, 135.19
1619363946, 0, 29, 469, 456, 91, 0.14%, 14, 0, 3, 133.99
1619363951, 0, 29, 471, 458, 91, 0.14%, 14, 0, 3, 133.51
1619363971, 0, 29, 472, 459, 91, 0.14%, 14, 0, 3, 132.88
1619363997, 0, 29, 473, 460, 91, 0.14%, 14, 0, 3, 131.22
1619364008, 0, 30, 473, 459, 90, 0.14%, 14, 0, 3, 17.02
1619364023, 0, 30, 474, 460, 90, 0.14%, 14, 0, 3, 25.22
1619364070, 0, 30, 475, 461, 90, 0.14%, 14, 0, 3, 10.40
1619365365, 0, 30, 476, 462, 90, 0.14%, 14, 0, 3, 14.94
1619366245, 0, 30, 477, 463, 90, 0.14%, 14, 0, 3, 70.80
1619376412, 0, 30, 478, 464, 90, 0.14%, 14, 0, 3, 86.08
1619376422, 0, 30, 479, 465, 90, 0.14%, 14, 0, 3, 66.96
1619376427, 0, 30, 480, 466, 90, 0.14%, 14, 0, 3, 79.30
1619376448, 0, 30, 481, 467, 90, 0.14%, 14, 0, 3, 59.42
1619376458, 0, 30, 482, 468, 90, 0.14%, 14, 0, 3, 61.64
1619376510, 0, 30, 483, 469, 90, 0.14%, 14, 0, 3, 60.77
1619376520, 0, 30, 484, 470, 90, 0.14%, 14, 0, 3, 70.66
1619376566, 0, 30, 486, 472, 90, 0.14%, 14, 0, 3, 59.42
1619376581, 0, 30, 487, 473, 90, 0.14%, 14, 0, 3, 71.21
1619376587, 0, 30, 488, 474, 90, 0.14%, 14, 0, 3, 66.92
1619376607, 0, 46, 488, 473, 88, 0.14%, 14, 0, 3, 12.36
1619389024, 0, 46, 489, 474, 88, 0.14%, 14, 0, 3, 24.59
1619389029, 0, 46, 490, 475, 88, 0.14%, 14, 0, 3, 51.36
1619389049, 0, 46, 492, 477, 88, 0.14%, 14, 0, 3, 54.98
1619389075, 0, 46, 493, 478, 88, 0.14%, 14, 0, 3, 64.49
1619389081, 0, 46, 494, 479, 88, 0.14%, 14, 0, 3, 67.09
1619389116, 0, 46, 495, 480, 88, 0.14%, 14, 0, 3, 64.08
1619389152, 0, 46, 496, 481, 88, 0.14%, 14, 0, 3, 67.83
1619389208, 0, 46, 498, 483, 88, 0.14%, 14, 0, 3, 59.83
1619389223, 0, 58, 498, 482, 87, 0.14%, 14, 0, 3, 118.03
1619389975, 0, 85, 498, 481, 86, 0.14%, 14, 0, 3, 144.06
1619391190, 0, 100, 498, 480, 85, 0.14%, 14, 0, 3, 135.79
1619392444, 0, 102, 498, 479, 85, 0.14%, 14, 0, 3, 126.31
1619394396, 0, 103, 498, 478, 84, 0.14%, 14, 0, 3, 121.34
1619396386, 0, 105, 498, 477, 83, 0.14%, 14, 0, 3, 102.72
1619398376, 0, 109, 498, 476, 82, 0.14%, 14, 0, 3, 17.94
1619402287, 0, 109, 500, 478, 82, 0.14%, 14, 0, 3, 12.17
1619402292, 0, 109, 501, 479, 82, 0.15%, 14, 0, 3, 10.90
1619402303, 0, 109, 503, 481, 82, 0.15%, 14, 0, 3, 10.58
1619402318, 0, 109, 504, 482, 82, 0.15%, 14, 0, 3, 10.51
1619402323, 0, 109, 505, 483, 82, 0.15%, 14, 0, 3, 10.30
