# unix_time, cycles_done, cur_path, paths_total, pending_total, pending_favs, map_size, unique_crashes, unique_hangs, max_depth, execs_per_sec
1629611181, 0, 0, 1, 1, 1, 1.25%, 0, 0, 1, 8.70
1629611186, 0, 0, 24, 24, 1, 1.63%, 0, 0, 2, 101.91
1629611191, 0, 0, 29, 29, 1, 1.64%, 0, 0, 2, 46.90
1629611196, 0, 0, 31, 31, 1, 1.65%, 0, 0, 2, 30.33
1629611206, 0, 0, 34, 34, 1, 1.65%, 0, 0, 2, 33.19
1629611211, 0, 0, 38, 38, 1, 1.66%, 0, 0, 2, 26.38
1629611222, 0, 0, 39, 39, 1, 1.66%, 0, 0, 2, 24.22
1629611227, 0, 0, 42, 42, 1, 1.68%, 0, 0, 2, 22.60
1629611232, 0, 0, 44, 44, 1, 1.68%, 0, 0, 2, 44.54
1629611252, 0, 0, 46, 46, 1, 1.68%, 0, 0, 2, 29.48
1629611273, 0, 0, 47, 47, 1, 1.69%, 0, 0, 2, 23.62
1629611278, 0, 0, 52, 52, 1, 1.70%, 0, 0, 2, 39.65
1629611298, 0, 0, 53, 53, 1, 1.70%, 0, 0, 2, 27.80
1629611303, 0, 0, 54, 54, 1, 1.70%, 0, 0, 2, 24.41
1629611318, 0, 0, 55, 55, 1, 1.70%, 0, 0, 2, 27.08
1629611324, 0, 0, 56, 56, 1, 1.70%, 0, 0, 2, 28.00
1629611329, 0, 0, 59, 59, 1, 1.70%, 0, 0, 2, 24.15
1629611339, 0, 0, 64, 64, 1, 1.71%, 0, 0, 2, 33.77
1629611369, 0, 0, 67, 67, 1, 1.71%, 0, 0, 2, 38.70
1629611374, 0, 0, 69, 69, 1, 1.73%, 0, 0, 2, 77.96
1629611379, 0, 0, 76, 76, 1, 1.73%, 0, 0, 2, 76.51
1629611384, 0, 0, 77, 77, 1, 1.73%, 0, 0, 2, 35.05
1629611400, 0, 0, 79, 79, 1, 1.74%, 0, 0, 2, 23.39
1629611420, 0, 0, 80, 80, 1, 1.74%, 0, 0, 2, 23.56
1629611512, 0, 0, 81, 81, 1, 1.74%, 0, 0, 2, 67.45
1629611517, 0, 0, 82, 82, 1, 1.75%, 0, 0, 2, 38.01
1629611527, 0, 0, 84, 84, 1, 1.75%, 0, 0, 2, 24.26
1629611548, 0, 0, 85, 85, 1, 1.75%, 0, 0, 2, 24.70
1629611553, 0, 0, 86, 86, 1, 1.75%, 0, 0, 2, 24.00
1629611594, 0, 0, 87, 87, 1, 1.75%, 0, 0, 2, 23.57
1629611640, 0, 0, 88, 88, 1, 1.75%, 0, 0, 2, 138.39
1629611655, 0, 0, 95, 95, 1, 1.75%, 0, 0, 2, 57.53
1629611660, 0, 0, 99, 99, 1, 1.75%, 0, 0, 2, 44.71
1629611752, 0, 0, 100, 100, 1, 1.75%, 0, 0, 2, 75.02
1629611839, 0, 0, 101, 101, 1, 1.75%, 0, 0, 2, 133.06
1629611844, 0, 0, 111, 111, 1, 1.78%, 0, 0, 2, 22.08
1629611849, 0, 0, 118, 118, 1, 1.79%, 0, 0, 2, 80.55
1629611854, 0, 0, 119, 119, 1, 1.79%, 0, 0, 2, 53.98
1629611859, 0, 0, 120, 120, 1, 1.79%, 0, 0, 2, 46.28
1629611864, 0, 0, 122, 122, 1, 1.81%, 0, 0, 2, 61.93
1629611869, 0, 0, 123, 123, 1, 1.81%, 0, 0, 2, 58.85
1629611874, 0, 0, 124, 124, 1, 1.81%, 0, 0, 2, 69.64
1629611879, 0, 0, 126, 126, 1, 1.81%, 0, 0, 2, 87.14
1629611890, 0, 0, 127, 127, 1, 1.81%, 0, 0, 2, 102.55
1629611910, 0, 0, 128, 128, 1, 1.81%, 0, 0, 2, 84.60
1629611915, 0, 0, 129, 129, 1, 1.81%, 0, 0, 2, 87.48
1629611925, 0, 0, 132, 132, 1, 1.86%, 0, 0, 2, 29.55
1629611941, 0, 0, 133, 133, 1, 1.86%, 0, 0, 2, 23.63
1629611946, 0, 0, 134, 134, 1, 1.86%, 0, 0, 2, 24.90
1629612063, 0, 0, 135, 135, 1, 1.86%, 0, 0, 2, 28.53
1629612252, 0, 0, 136, 136, 1, 1.86%, 0, 0, 2, 94.13
1629612267, 0, 0, 137, 137, 1, 1.86%, 0, 0, 2, 30.32
1629612384, 0, 0, 138, 138, 1, 1.86%, 0, 0, 2, 24.68
1629612415, 0, 0, 139, 139, 1, 1.86%, 0, 0, 2, 25.95
1629612537, 0, 0, 140, 140, 1, 1.87%, 0, 0, 2, 27.99
1629612553, 0, 0, 141, 141, 1, 1.87%, 0, 0, 2, 149.72
1629612573, 0, 0, 144, 144, 1, 2.03%, 0, 0, 2, 81.07
1629612578, 0, 0, 147, 147, 1, 2.03%, 0, 0, 2, 56.06
1629612589, 0, 0, 148, 148, 1, 2.03%, 0, 0, 2, 29.71
1629612609, 0, 0, 151, 151, 1, 2.05%, 0, 0, 2, 41.19
1629612614, 0, 0, 152, 152, 1, 2.05%, 0, 0, 2, 28.81
1629612635, 0, 0, 153, 153, 1, 2.05%, 0, 0, 2, 35.21
1629612986, 0, 0, 155, 155, 1, 2.07%, 0, 0, 2, 59.55
1629613047, 0, 0, 156, 156, 1, 2.08%, 0, 0, 2, 90.92
1629613052, 0, 0, 157, 157, 1, 2.08%, 0, 0, 2, 86.49
1629613072, 0, 0, 158, 158, 1, 2.08%, 0, 0, 2, 85.80
1629613108, 0, 0, 159, 159, 1, 2.11%, 0, 0, 2, 22.74
1629613123, 0, 0, 161, 161, 1, 2.11%, 0, 0, 2, 22.72
1629614872, 0, 0, 162, 162, 1, 2.11%, 0, 0, 2, 77.31
1629614944, 0, 0, 163, 163, 1, 2.11%, 0, 0, 2, 22.38
1629616800, 0, 0, 172, 172, 1, 2.12%, 0, 0, 2, 61.85
1629616805, 0, 0, 183, 183, 1, 2.13%, 0, 0, 2, 76.36
1629616810, 0, 0, 186, 186, 1, 2.13%, 0, 0, 2, 77.33
1629616815, 0, 0, 191, 191, 1, 2.13%, 0, 0, 2, 80.17
1629616820, 0, 0, 192, 192, 1, 2.13%, 0, 0, 2, 78.70
1629616825, 0, 0, 195, 195, 1, 2.13%, 0, 0, 2, 70.65
1629616830, 0, 0, 197, 197, 1, 2.13%, 0, 0, 2, 79.49
1629616835, 0, 0, 200, 200, 1, 2.14%, 0, 0, 2, 82.49
1629616840, 0, 0, 203, 203, 1, 2.14%, 0, 0, 2, 76.76
1629616851, 0, 0, 204, 204, 1, 2.14%, 0, 0, 2, 76.47
1629616856, 0, 0, 206, 206, 1, 2.14%, 0, 0, 2, 80.35
1629616861, 0, 0, 211, 211, 1, 2.14%, 0, 0, 2, 88.67
1629616866, 0, 0, 214, 214, 1, 2.14%, 0, 0, 2, 77.40
1629616871, 0, 0, 215, 215, 1, 2.14%, 0, 0, 2, 76.12
1629616876, 0, 0, 218, 218, 1, 2.14%, 0, 0, 2, 79.69
1629616881, 0, 0, 219, 219, 1, 2.14%, 0, 0, 2, 76.05
1629616886, 0, 2, 220, 219, 59, 2.14%, 0, 0, 2, 94.13
1629618266, 0, 3, 220, 218, 58, 2.14%, 0, 0, 2, 140.80
1629618297, 0, 4, 220, 217, 57, 2.14%, 0, 0, 2, 117.03
1629618338, 0, 4, 221, 218, 57, 2.14%, 0, 0, 3, 93.89
1629618434, 0, 4, 222, 219, 57, 2.14%, 0, 0, 3, 96.03
1629618633, 0, 4, 223, 220, 57, 2.14%, 0, 0, 3, 90.14
1629620112, 0, 4, 224, 221, 57, 2.15%, 0, 0, 3, 100.22
1629620127, 0, 7, 224, 220, 59, 2.15%, 0, 0, 3, 101.75
1629620396, 0, 7, 225, 221, 59, 2.15%, 0, 0, 3, 65.12
1629620614, 0, 7, 226, 222, 59, 2.15%, 0, 0, 3, 91.69
1629620645, 0, 7, 227, 223, 59, 2.17%, 0, 0, 3, 92.84
1629620690, 0, 7, 228, 224, 59, 2.17%, 0, 0, 3, 90.10
1629620716, 0, 7, 229, 225, 59, 2.17%, 0, 0, 3, 74.81
1629621933, 0, 7, 230, 226, 59, 2.17%, 0, 0, 3, 116.10
1629621938, 0, 10, 230, 225, 62, 2.17%, 0, 0, 3, 105.38
1629621943, 0, 10, 231, 226, 62, 2.17%, 0, 0, 3, 75.94
1629622096, 0, 10, 232, 227, 62, 2.17%, 0, 0, 3, 58.23
1629622548, 0, 10, 233, 228, 62, 2.18%, 0, 0, 3, 63.35
1629624437, 0, 15, 233, 227, 63, 2.18%, 0, 0, 3, 94.51
1629626285, 0, 16, 233, 226, 62, 2.18%, 0, 0, 3, 94.42
1629628055, 0, 18, 233, 225, 61, 2.18%, 0, 0, 3, 97.57
1629629873, 0, 18, 234, 226, 61, 2.18%, 0, 0, 3, 108.01
1629629878, 0, 19, 234, 225, 60, 2.18%, 0, 0, 3, 101.96
1629630036, 0, 19, 235, 226, 60, 2.18%, 0, 0, 3, 100.68
1629631598, 0, 20, 235, 225, 59, 2.18%, 0, 0, 3, 93.79
1629633371, 0, 22, 235, 224, 58, 2.18%, 0, 0, 3, 101.15
1629633889, 0, 22, 236, 225, 58, 2.18%, 0, 0, 3, 93.22
1629635174, 0, 22, 240, 229, 58, 2.18%, 0, 0, 3, 108.67
1629635189, 0, 22, 241, 230, 58, 2.18%, 0, 0, 3, 116.94
1629635194, 0, 22, 242, 231, 58, 2.18%, 0, 0, 3, 117.78
1629635200, 0, 22, 244, 233, 58, 2.18%, 0, 0, 3, 119.70
1629635210, 0, 22, 245, 234, 58, 2.18%, 0, 0, 3, 119.36
1629635215, 0, 23, 245, 233, 57, 2.18%, 0, 0, 3, 63.72
1629635240, 0, 23, 246, 234, 57, 2.19%, 0, 0, 3, 32.98
1629635920, 0, 23, 247, 235, 57, 2.20%, 0, 0, 3, 63.54
1629641071, 0, 24, 247, 234, 55, 2.20%, 0, 0, 3, 64.16
1629641449, 0, 24, 248, 235, 55, 2.20%, 0, 0, 3, 90.25
1629642739, 0, 24, 249, 236, 55, 2.20%, 0, 0, 3, 112.59
1629642744, 0, 26, 249, 235, 54, 2.20%, 0, 0, 3, 77.96
1629642769, 0, 26, 250, 236, 54, 2.20%, 0, 0, 3, 31.48
1629643416, 0, 26, 251, 237, 54, 2.20%, 0, 0, 3, 58.59
1629648386, 0, 26, 253, 239, 54, 2.20%, 0, 0, 3, 72.58
1629648391, 0, 26, 254, 240, 54, 2.20%, 0, 0, 3, 81.27
1629648411, 0, 47, 254, 239, 53, 2.20%, 0, 0, 3, 91.68
1629648442, 0, 47, 255, 240, 53, 2.20%, 0, 0, 3, 84.65
1629650083, 0, 48, 255, 239, 53, 2.20%, 0, 0, 3, 97.71
1629650683, 0, 48, 256, 240, 53, 2.20%, 0, 0, 3, 86.27
1629650703, 0, 48, 257, 241, 53, 2.20%, 0, 0, 3, 85.33
1629651778, 0, 61, 257, 240, 52, 2.20%, 0, 0, 3, 80.28
1629652483, 0, 61, 258, 241, 52, 2.23%, 0, 0, 3, 97.70
1629657509, 0, 63, 258, 240, 52, 2.23%, 0, 0, 3, 78.52
1629657764, 0, 63, 259, 241, 52, 2.23%, 0, 0, 3, 104.84
1629659237, 0, 63, 262, 244, 52, 2.23%, 0, 0, 3, 117.78
1629659242, 0, 63, 264, 246, 52, 2.23%, 0, 0, 3, 122.04
1629659257, 0, 63, 265, 247, 52, 2.23%, 0, 0, 3, 121.89
1629659262, 0, 63, 266, 248, 52, 2.23%, 0, 0, 3, 121.47
1629659288, 0, 69, 266, 247, 52, 2.23%, 0, 0, 3, 113.38
1629660937, 0, 71, 266, 246, 51, 2.23%, 0, 0, 3, 99.11
1629662575, 0, 71, 267, 247, 51, 2.23%, 0, 0, 3, 104.57
1629662580, 0, 71, 268, 248, 51, 2.23%, 0, 0, 3, 122.36
1629662585, 0, 75, 268, 247, 50, 2.23%, 0, 0, 3, 52.44
1629663764, 0, 75, 269, 248, 50, 2.23%, 0, 0, 3, 23.81
1629664472, 0, 75, 271, 250, 50, 2.25%, 0, 0, 3, 39.81
1629664478, 0, 75, 275, 254, 50, 2.31%, 0, 0, 3, 26.96
1629664483, 0, 75, 276, 255, 50, 2.32%, 0, 0, 3, 24.63
1629664488, 0, 75, 278, 257, 50, 2.34%, 0, 0, 3, 24.23
1629668209, 0, 76, 278, 256, 58, 2.34%, 0, 0, 3, 45.36
1629668582, 0, 76, 279, 257, 58, 2.34%, 0, 0, 3, 22.50
1629670147, 0, 76, 280, 258, 58, 2.34%, 0, 0, 3, 24.41
1629673834, 0, 77, 280, 257, 58, 2.34%, 0, 0, 3, 48.86
1629679308, 0, 81, 280, 256, 57, 2.34%, 0, 0, 3, 75.07
1629679832, 0, 81, 281, 257, 57, 2.34%, 0, 0, 3, 98.66
1629681031, 0, 87, 282, 257, 56, 2.34%, 0, 0, 3, 124.17
1629682065, 0, 102, 282, 256, 55, 2.34%, 0, 0, 3, 115.24
1629683749, 0, 108, 282, 255, 54, 2.34%, 0, 0, 3, 93.60
1629683754, 0, 108, 284, 257, 54, 2.35%, 0, 0, 3, 70.63
1629684426, 0, 108, 285, 258, 54, 2.35%, 0, 0, 3, 87.88
1629684436, 0, 108, 286, 259, 54, 2.35%, 0, 0, 3, 52.15
1629686205, 0, 108, 288, 261, 54, 2.35%, 0, 0, 3, 84.32
1629686210, 0, 108, 289, 262, 54, 2.35%, 0, 0, 3, 100.73
1629686215, 0, 108, 291, 264, 54, 2.35%, 0, 0, 3, 108.78
1629686225, 0, 108, 294, 267, 54, 2.35%, 0, 0, 3, 107.35
1629686230, 0, 108, 295, 268, 54, 2.35%, 0, 0, 3, 107.79
1629686235, 0, 108, 296, 269, 54, 2.35%, 0, 0, 3, 104.88
1629686251, 0, 111, 296, 268, 56, 2.35%, 0, 0, 3, 99.87
1629688038, 0, 113, 297, 268, 55, 2.36%, 0, 0, 3, 87.40
1629688606, 0, 113, 298, 269, 55, 2.36%, 0, 0, 3, 74.18
1629689804, 0, 115, 298, 268, 55, 2.36%, 0, 0, 3, 104.47
1629690333, 0, 115, 299, 269, 55, 2.37%, 0, 0, 3, 156.20
1629690353, 0, 115, 300, 270, 55, 2.37%, 0, 0, 3, 76.35
1629691616, 0, 127, 300, 269, 55, 2.37%, 0, 0, 3, 100.82
1629691646, 0, 127, 301, 270, 55, 2.37%, 0, 0, 3, 87.05
1629691890, 0, 127, 302, 271, 55, 2.37%, 0, 0, 3, 85.30
1629693402, 0, 127, 304, 273, 55, 2.37%, 0, 0, 3, 99.52
1629693413, 0, 129, 304, 272, 55, 2.37%, 0, 0, 3, 80.92
1629693418, 0, 129, 305, 273, 55, 2.37%, 0, 0, 3, 53.01
1629693459, 0, 129, 306, 274, 55, 2.37%, 0, 0, 3, 73.92
1629694100, 0, 129, 307, 275, 55, 2.37%, 0, 0, 3, 87.30
1629694941, 0, 129, 308, 276, 55, 2.37%, 0, 0, 3, 79.51
1629695894, 0, 130, 308, 275, 56, 2.37%, 0, 0, 3, 72.23
1629696757, 0, 130, 309, 276, 56, 2.38%, 0, 0, 3, 24.62
1629697119, 0, 130, 310, 277, 56, 2.38%, 0, 0, 3, 23.42
1629697343, 0, 130, 311, 278, 56, 2.38%, 0, 0, 3, 42.63
1629701553, 0, 131, 311, 277, 57, 2.38%, 0, 0, 3, 61.75
1629703482, 0, 131, 312, 278, 57, 2.38%, 0, 0, 3, 81.56
1629704061, 0, 134, 312, 277, 56, 2.38%, 0, 0, 3, 92.15
1629704813, 0, 134, 313, 278, 56, 2.38%, 0, 0, 3, 93.22
1629705737, 0, 139, 313, 277, 56, 2.38%, 0, 0, 3, 57.03
1629711039, 0, 139, 313, 277, 56, 2.38%, 1, 0, 3, 24.92
1629711054, 0, 139, 314, 278, 56, 2.39%, 1, 0, 3, 24.63
1629711069, 0, 139, 314, 278, 56, 2.39%, 3, 0, 3, 12.79
1629711080, 0, 139, 314, 278, 56, 2.39%, 4, 0, 3, 15.00
1629711100, 0, 139, 314, 278, 56, 2.39%, 5, 0, 3, 23.34
1629711162, 0, 139, 314, 278, 56, 2.39%, 6, 0, 3, 24.33
1629711207, 0, 142, 314, 277, 56, 2.39%, 6, 0, 3, 59.49
1629711912, 0, 142, 315, 278, 56, 2.39%, 6, 0, 3, 60.52
1629712070, 0, 142, 316, 279, 56, 2.39%, 6, 0, 3, 43.88
1629712111, 0, 142, 317, 280, 56, 2.42%, 6, 0, 3, 59.50
1629713582, 0, 148, 317, 279, 57, 2.42%, 6, 0, 3, 87.61
1629713592, 0, 148, 318, 280, 57, 2.42%, 6, 0, 3, 35.17
1629713618, 0, 148, 319, 281, 57, 2.43%, 6, 0, 3, 35.72
1629713628, 0, 148, 320, 282, 57, 2.45%, 6, 0, 3, 45.82
1629713756, 0, 148, 321, 283, 57, 2.45%, 6, 0, 3, 25.99
1629714267, 0, 148, 323, 285, 57, 2.45%, 6, 0, 3, 39.98
1629714272, 0, 148, 324, 286, 57, 2.45%, 6, 0, 3, 37.81
1629714277, 0, 148, 325, 287, 57, 2.45%, 6, 0, 3, 36.56
1629714282, 0, 148, 326, 288, 57, 2.45%, 6, 0, 3, 53.83
1629718394, 0, 154, 326, 287, 59, 2.45%, 6, 0, 3, 74.85
1629718460, 0, 154, 327, 288, 59, 2.46%, 6, 0, 3, 105.59
1629718647, 0, 154, 328, 289, 59, 2.46%, 6, 0, 3, 109.05
1629720308, 0, 155, 328, 288, 60, 2.46%, 6, 0, 3, 111.77
1629720334, 0, 155, 329, 289, 60, 2.46%, 6, 0, 3, 108.95
1629721929, 0, 158, 329, 288, 60, 2.46%, 6, 0, 3, 92.40
1629721940, 0, 158, 331, 290, 60, 2.47%, 6, 0, 3, 37.69
1629722165, 0, 158, 332, 291, 60, 2.47%, 6, 0, 3, 28.60
1629722237, 0, 158, 334, 293, 60, 2.47%, 6, 0, 3, 47.19
1629722661, 0, 158, 336, 295, 60, 2.47%, 6, 0, 3, 29.16
1629722666, 0, 158, 337, 296, 60, 2.48%, 6, 0, 3, 29.51
1629722676, 0, 158, 338, 297, 60, 2.48%, 6, 0, 3, 30.39
1629722686, 0, 158, 339, 298, 60, 2.48%, 6, 0, 3, 29.19
1629722691, 0, 158, 340, 299, 60, 2.48%, 6, 0, 3, 29.15
1629722820, 0, 158, 341, 300, 60, 2.48%, 6, 0, 3, 32.76
1629722840, 0, 158, 342, 301, 60, 2.48%, 6, 0, 3, 31.90
1629722845, 0, 158, 343, 302, 60, 2.48%, 6, 0, 3, 34.39
1629722850, 0, 158, 344, 303, 60, 2.48%, 6, 0, 3, 36.82
1629722973, 0, 158, 345, 304, 60, 2.48%, 6, 0, 3, 114.93
1629723952, 0, 158, 346, 305, 60, 2.48%, 6, 0, 3, 30.01
1629724618, 0, 158, 348, 307, 60, 2.48%, 6, 0, 3, 30.29
1629726925, 0, 171, 348, 306, 65, 2.48%, 6, 0, 3, 52.29
1629727371, 0, 171, 349, 307, 65, 2.48%, 6, 0, 3, 96.70
1629727759, 0, 171, 350, 308, 65, 2.48%, 6, 0, 3, 30.14
1629730828, 0, 177, 350, 307, 65, 2.48%, 6, 0, 3, 59.46
1629731008, 0, 177, 351, 308, 65, 2.48%, 6, 0, 3, 30.76
1629732902, 0, 177, 351, 308, 65, 2.48%, 7, 0, 3, 31.51
1629735065, 0, 177, 352, 309, 65, 2.48%, 7, 0, 3, 47.94
1629735101, 0, 180, 353, 309, 66, 2.49%, 7, 0, 3, 137.22
1629735977, 0, 182, 353, 308, 65, 2.49%, 7, 0, 3, 154.74
1629736038, 0, 182, 354, 309, 65, 2.49%, 7, 0, 3, 108.52
1629736550, 0, 182, 355, 310, 65, 2.49%, 7, 0, 3, 108.94
1629737382, 0, 189, 356, 310, 64, 2.49%, 7, 0, 3, 141.58
1629737474, 0, 189, 357, 311, 64, 2.49%, 7, 0, 3, 127.40
1629737789, 0, 204, 357, 310, 63, 2.49%, 7, 0, 3, 128.87
1629738002, 0, 204, 358, 311, 63, 2.49%, 7, 0, 3, 135.27
1629738022, 0, 204, 359, 312, 63, 2.49%, 7, 0, 3, 121.97
1629738478, 0, 204, 360, 313, 63, 2.49%, 7, 0, 3, 147.06
1629738484, 0, 224, 360, 312, 62, 2.49%, 7, 0, 3, 64.06
1629739757, 0, 224, 361, 313, 62, 2.49%, 7, 0, 4, 51.09
1629743011, 0, 227, 361, 312, 61, 2.49%, 7, 0, 4, 91.25
1629743442, 0, 227, 362, 313, 61, 2.49%, 7, 0, 4, 118.21
1629743483, 0, 227, 363, 314, 61, 2.49%, 7, 0, 4, 104.85
1629744407, 0, 232, 363, 313, 61, 2.49%, 7, 0, 4, 129.68
1629745689, 0, 235, 363, 312, 60, 2.49%, 7, 0, 4, 132.69
1629745699, 0, 235, 364, 313, 60, 2.49%, 7, 0, 4, 112.70
1629745714, 0, 235, 365, 314, 60, 2.49%, 7, 0, 4, 109.02
1629746049, 0, 235, 366, 315, 60, 2.49%, 7, 0, 4, 105.81
1629747120, 0, 235, 367, 316, 60, 2.49%, 7, 0, 4, 115.38
1629747201, 0, 242, 368, 316, 60, 2.49%, 7, 0, 4, 136.08
1629747206, 0, 242, 371, 319, 60, 2.49%, 7, 0, 4, 150.99
1629747800, 0, 244, 372, 319, 58, 2.49%, 7, 0, 4, 146.72
1629747810, 0, 244, 374, 321, 58, 2.50%, 7, 0, 4, 99.53
1629747830, 0, 244, 376, 323, 58, 2.50%, 7, 0, 4, 99.94
1629747891, 0, 244, 377, 324, 58, 2.50%, 7, 0, 4, 96.40
1629747896, 0, 244, 379, 326, 58, 2.50%, 7, 0, 4, 95.69
1629748994, 0, 244, 380, 327, 58, 2.50%, 7, 0, 4, 96.84
1629749244, 0, 245, 380, 326, 60, 2.50%, 7, 0, 4, 108.59
1629750795, 0, 246, 380, 325, 59, 2.50%, 7, 0, 4, 92.75
1629751343, 0, 246, 381, 326, 59, 2.50%, 7, 0, 4, 76.29
1629752897, 0, 254, 381, 325, 59, 2.50%, 7, 0, 4, 114.62
1629754192, 0, 255, 381, 324, 58, 2.50%, 7, 0, 4, 127.06
1629755587, 0, 257, 381, 323, 57, 2.50%, 7, 0, 4, 125.98
1629755715, 0, 257, 382, 324, 57, 2.50%, 7, 0, 4, 80.74
1629759517, 0, 265, 382, 323, 56, 2.50%, 7, 0, 4, 122.04
1629759532, 0, 265, 383, 324, 56, 2.50%, 7, 0, 4, 137.89
1629760597, 0, 268, 383, 323, 55, 2.50%, 7, 0, 4, 99.26
1629764830, 0, 269, 383, 322, 54, 2.50%, 7, 0, 4, 61.44
1629764835, 0, 269, 384, 323, 54, 2.50%, 7, 0, 4, 45.88
1629765429, 0, 269, 385, 324, 54, 2.51%, 7, 0, 4, 31.56
1629769159, 0, 270, 386, 324, 56, 2.51%, 7, 0, 4, 107.22
1629769270, 0, 270, 387, 325, 56, 2.51%, 7, 0, 4, 136.09
1629769432, 0, 270, 388, 326, 56, 2.51%, 7, 0, 4, 81.44
1629769437, 0, 270, 389, 327, 56, 2.52%, 7, 0, 4, 109.66
1629769962, 0, 270, 390, 328, 56, 2.52%, 7, 0, 4, 97.73
1629769967, 0, 270, 392, 330, 56, 2.52%, 7, 0, 4, 119.61
1629770666, 0, 271, 392, 329, 56, 2.52%, 7, 0, 4, 98.90
1629775034, 0, 271, 393, 330, 56, 2.52%, 7, 0, 4, 78.66
1629775039, 0, 272, 393, 329, 56, 2.52%, 7, 0, 4, 47.25
1629775050, 0, 272, 398, 334, 56, 2.54%, 7, 0, 4, 33.40
1629775055, 0, 272, 402, 338, 56, 2.55%, 7, 0, 4, 31.20
1629775085, 0, 272, 403, 339, 56, 2.55%, 7, 0, 4, 31.33
1629775218, 0, 272, 404, 340, 56, 2.55%, 7, 0, 4, 30.78
1629775234, 0, 272, 409, 345, 56, 2.57%, 7, 0, 4, 30.69
1629775239, 0, 272, 411, 347, 56, 2.58%, 7, 0, 4, 30.34
1629775403, 0, 272, 415, 351, 56, 2.58%, 7, 0, 4, 42.06
1629775648, 0, 272, 416, 352, 56, 2.58%, 7, 0, 4, 32.43
1629775653, 0, 272, 418, 354, 56, 2.58%, 7, 0, 4, 33.00
1629775658, 0, 272, 419, 355, 56, 2.58%, 7, 0, 4, 30.63
1629775663, 0, 272, 420, 356, 56, 2.58%, 7, 0, 4, 30.98
1629775684, 0, 272, 421, 357, 56, 2.58%, 7, 0, 4, 30.46
1629775689, 0, 272, 422, 358, 56, 2.58%, 7, 0, 4, 31.60
1629775720, 0, 272, 423, 359, 56, 2.58%, 7, 0, 4, 34.98
1629775746, 0, 272, 425, 361, 56, 2.59%, 7, 0, 4, 35.27
1629775751, 0, 272, 426, 362, 56, 2.60%, 7, 0, 4, 38.75
1629775756, 0, 272, 428, 364, 56, 2.60%, 7, 0, 4, 35.94
1629775761, 0, 272, 429, 365, 56, 2.60%, 7, 0, 4, 32.29
1629775766, 0, 272, 432, 368, 56, 2.60%, 7, 0, 4, 34.06
1629775771, 0, 272, 433, 369, 56, 2.60%, 7, 0, 4, 37.21
1629775782, 0, 272, 434, 370, 56, 2.60%, 7, 0, 4, 38.30
1629775787, 0, 272, 435, 371, 56, 2.60%, 7, 0, 4, 37.67
1629775792, 0, 272, 437, 373, 56, 2.60%, 7, 0, 4, 37.86
1629775797, 0, 272, 438, 374, 56, 2.60%, 7, 0, 4, 53.27
1629776759, 0, 272, 439, 375, 56, 2.60%, 7, 0, 4, 31.30
1629777138, 0, 272, 440, 376, 56, 2.60%, 7, 0, 4, 30.76
1629777143, 0, 272, 441, 377, 56, 2.60%, 7, 0, 4, 31.20
1629777164, 0, 272, 442, 378, 56, 2.60%, 7, 0, 4, 29.65
1629777272, 0, 272, 443, 379, 56, 2.60%, 7, 0, 4, 30.55
1629777287, 0, 272, 444, 380, 56, 2.60%, 7, 0, 4, 31.04
1629779340, 0, 273, 444, 379, 70, 2.60%, 7, 0, 4, 65.14
1629783546, 0, 274, 445, 379, 70, 2.60%, 7, 0, 4, 69.29
1629787757, 0, 275, 445, 378, 69, 2.60%, 7, 0, 4, 53.75
1629792071, 0, 276, 445, 377, 68, 2.60%, 7, 0, 4, 59.02
1629792086, 0, 276, 446, 378, 68, 2.60%, 7, 0, 4, 31.78
1629794552, 0, 276, 447, 379, 68, 2.60%, 7, 0, 4, 29.80
1629796980, 0, 277, 447, 378, 68, 2.60%, 7, 0, 4, 51.39
1629796986, 0, 277, 448, 379, 68, 2.60%, 7, 0, 4, 45.58
1629796996, 0, 277, 449, 380, 68, 2.60%, 7, 0, 4, 31.62
1629799537, 0, 277, 450, 381, 68, 2.61%, 7, 0, 4, 30.52
1629802074, 0, 279, 450, 380, 68, 2.61%, 7, 0, 4, 82.93
1629804277, 0, 282, 450, 379, 67, 2.61%, 7, 0, 4, 108.87
1629808591, 0, 283, 450, 378, 66, 2.61%, 7, 0, 4, 87.59
1629810509, 0, 285, 450, 377, 65, 2.61%, 7, 0, 4, 108.88
1629814633, 0, 291, 451, 377, 65, 2.61%, 7, 0, 4, 87.58
1629815491, 0, 293, 452, 377, 64, 2.61%, 7, 0, 4, 132.77
1629815501, 0, 293, 453, 378, 64, 2.61%, 7, 0, 4, 116.54
1629815836, 0, 293, 454, 379, 64, 2.61%, 7, 0, 4, 111.83
1629815881, 0, 293, 455, 380, 64, 2.61%, 7, 0, 4, 105.91
1629816109, 0, 293, 456, 381, 64, 2.61%, 7, 0, 4, 135.65
1629816114, 0, 294, 456, 380, 64, 2.61%, 7, 0, 4, 107.16
1629816317, 0, 294, 457, 381, 64, 2.61%, 7, 0, 4, 97.48
1629816922, 0, 294, 458, 382, 64, 2.61%, 7, 0, 4, 121.14
1629816927, 0, 296, 458, 381, 64, 2.61%, 7, 0, 4, 71.99
1629818094, 0, 296, 459, 382, 64, 2.61%, 7, 0, 4, 59.94
1629821348, 0, 298, 459, 381, 64, 2.61%, 7, 0, 4, 95.69
1629822798, 0, 299, 459, 380, 63, 2.61%, 7, 0, 4, 129.73
1629822996, 0, 299, 460, 381, 63, 2.61%, 7, 0, 4, 126.37
1629824153, 0, 304, 460, 380, 63, 2.61%, 7, 0, 4, 137.64
1629826017, 0, 305, 460, 379, 62, 2.61%, 7, 0, 4, 75.02
1629826145, 0, 305, 461, 380, 62, 2.61%, 7, 0, 4, 109.30
1629827886, 0, 308, 461, 379, 63, 2.61%, 7, 0, 4, 98.57
1629828632, 0, 308, 461, 379, 63, 2.61%, 8, 0, 4, 47.62
1629832228, 0, 309, 461, 378, 62, 2.61%, 8, 0, 4, 60.35
1629835102, 0, 309, 462, 379, 62, 2.61%, 8, 0, 4, 106.94
1629836645, 0, 312, 462, 378, 61, 2.61%, 8, 0, 4, 78.81
1629836711, 0, 312, 463, 379, 61, 2.61%, 8, 0, 4, 114.78
1629836716, 0, 312, 464, 380, 61, 2.61%, 8, 0, 4, 112.96
1629836726, 0, 312, 465, 381, 61, 2.61%, 8, 0, 4, 116.76
1629836984, 0, 312, 466, 382, 61, 2.61%, 8, 0, 4, 116.95
1629837389, 0, 312, 467, 383, 61, 2.61%, 8, 0, 4, 114.01
1629838190, 0, 313, 467, 382, 60, 2.61%, 8, 0, 4, 106.95
1629842767, 0, 313, 467, 382, 60, 2.61%, 9, 0, 4, 25.21
1629843459, 0, 313, 468, 383, 60, 2.61%, 9, 0, 4, 85.85
1629843464, 0, 314, 468, 382, 60, 2.61%, 9, 0, 4, 111.08
1629843900, 0, 314, 471, 385, 60, 2.67%, 9, 0, 4, 104.96
1629844842, 0, 315, 471, 384, 61, 2.67%, 9, 0, 4, 128.71
1629844883, 0, 315, 472, 385, 61, 2.67%, 9, 0, 4, 74.35
1629846846, 0, 316, 472, 384, 60, 2.67%, 9, 0, 4, 97.09
1629846861, 0, 316, 473, 385, 60, 2.67%, 9, 0, 4, 89.83
1629848785, 0, 318, 473, 384, 59, 2.67%, 9, 0, 4, 43.00
1629850680, 0, 319, 473, 383, 58, 2.67%, 9, 0, 4, 112.22
1629850690, 0, 319, 475, 385, 58, 2.67%, 9, 0, 4, 38.49
1629850962, 0, 319, 476, 386, 58, 2.67%, 9, 0, 4, 30.56
1629851299, 0, 319, 477, 387, 58, 2.68%, 9, 0, 4, 61.12
1629852184, 0, 319, 478, 388, 58, 2.68%, 9, 0, 4, 36.75
1629852200, 0, 319, 480, 390, 58, 2.68%, 9, 0, 4, 30.04
1629852210, 0, 319, 481, 391, 58, 2.68%, 9, 0, 4, 29.87
1629852379, 0, 319, 482, 392, 58, 2.68%, 9, 0, 4, 29.72
1629855038, 0, 320, 482, 391, 59, 2.68%, 9, 0, 4, 52.68
1629855207, 0, 320, 483, 392, 59, 2.68%, 9, 0, 4, 30.29
1629855217, 0, 320, 484, 393, 59, 2.68%, 9, 0, 4, 29.71
1629859368, 0, 321, 484, 392, 59, 2.68%, 9, 0, 4, 23.41
1629864381, 0, 322, 484, 391, 58, 2.68%, 9, 0, 4, 62.86
