# unix_time, cycles_done, cur_path, paths_total, pending_total, pending_favs, map_size, unique_crashes, unique_hangs, max_depth, execs_per_sec
1629611176, 0, 0, 1, 1, 1, 1.25%, 0, 0, 1, 15.04
1629611181, 0, 0, 31, 31, 1, 1.65%, 0, 0, 2, 62.20
1629611192, 0, 0, 36, 36, 1, 1.66%, 0, 0, 2, 37.18
1629611197, 0, 0, 38, 38, 1, 1.66%, 0, 0, 2, 27.34
1629611202, 0, 0, 39, 39, 1, 1.66%, 0, 0, 2, 24.91
1629611207, 0, 0, 41, 41, 1, 1.68%, 0, 0, 2, 21.74
1629611212, 0, 0, 43, 43, 1, 1.68%, 0, 0, 2, 28.67
1629611217, 0, 0, 44, 44, 1, 1.68%, 0, 0, 2, 29.89
1629611232, 0, 0, 45, 45, 1, 1.68%, 0, 0, 2, 34.09
1629611237, 0, 0, 46, 46, 1, 1.68%, 0, 0, 2, 26.09
1629611253, 0, 0, 47, 47, 1, 1.69%, 0, 0, 2, 24.86
1629611258, 0, 0, 52, 52, 1, 1.70%, 0, 0, 2, 49.01
1629611278, 0, 0, 53, 53, 1, 1.70%, 0, 0, 2, 29.03
1629611283, 0, 0, 54, 54, 1, 1.70%, 0, 0, 2, 24.22
1629611298, 0, 0, 55, 55, 1, 1.70%, 0, 0, 2, 28.36
1629611304, 0, 0, 56, 56, 1, 1.70%, 0, 0, 2, 28.05
1629611309, 0, 0, 59, 59, 1, 1.70%, 0, 0, 2, 31.44
1629611314, 0, 0, 62, 62, 1, 1.71%, 0, 0, 2, 31.22
1629611319, 0, 0, 64, 64, 1, 1.71%, 0, 0, 2, 30.25
1629611350, 0, 0, 69, 69, 1, 1.73%, 0, 0, 2, 56.91
1629611355, 0, 0, 72, 72, 1, 1.73%, 0, 0, 2, 82.96
1629611360, 0, 0, 77, 77, 1, 1.73%, 0, 0, 2, 47.22
1629611375, 0, 0, 78, 78, 1, 1.74%, 0, 0, 2, 22.67
1629611380, 0, 0, 79, 79, 1, 1.74%, 0, 0, 2, 22.31
1629611401, 0, 0, 80, 80, 1, 1.74%, 0, 0, 2, 23.20
1629611487, 0, 0, 81, 81, 1, 1.74%, 0, 0, 2, 25.18
1629611497, 0, 0, 82, 82, 1, 1.75%, 0, 0, 2, 30.89
1629611502, 0, 0, 83, 83, 1, 1.75%, 0, 0, 2, 25.26
1629611507, 0, 0, 84, 84, 1, 1.75%, 0, 0, 2, 23.74
1629611523, 0, 0, 85, 85, 1, 1.75%, 0, 0, 2, 23.79
1629611533, 0, 0, 86, 86, 1, 1.75%, 0, 0, 2, 22.79
1629611574, 0, 0, 87, 87, 1, 1.75%, 0, 0, 2, 23.91
1629611620, 0, 0, 88, 88, 1, 1.75%, 0, 0, 2, 32.80
1629611635, 0, 0, 90, 90, 1, 1.75%, 0, 0, 2, 129.18
1629611640, 0, 0, 99, 99, 1, 1.75%, 0, 0, 2, 68.19
1629611732, 0, 0, 100, 100, 1, 1.75%, 0, 0, 2, 77.45
1629611819, 0, 0, 102, 102, 1, 1.77%, 0, 0, 2, 105.74
1629611824, 0, 0, 108, 108, 1, 1.77%, 0, 0, 2, 118.88
1629611829, 0, 0, 114, 114, 1, 1.79%, 0, 0, 2, 66.91
1629611834, 0, 0, 117, 117, 1, 1.79%, 0, 0, 2, 46.84
1629611840, 0, 0, 120, 120, 1, 1.79%, 0, 0, 2, 43.63
1629611845, 0, 0, 122, 122, 1, 1.80%, 0, 0, 2, 60.70
1629611855, 0, 0, 123, 123, 1, 1.80%, 0, 0, 2, 59.91
1629611860, 0, 0, 124, 124, 1, 1.80%, 0, 0, 2, 76.05
1629611870, 0, 0, 125, 125, 1, 1.83%, 0, 0, 2, 98.14
1629611880, 0, 0, 126, 126, 1, 1.83%, 0, 0, 2, 101.20
1629611896, 0, 0, 128, 128, 1, 1.83%, 0, 0, 2, 84.61
1629611901, 0, 0, 129, 129, 1, 1.83%, 0, 0, 2, 83.70
1629611906, 0, 0, 130, 130, 1, 1.85%, 0, 0, 2, 39.57
1629611911, 0, 0, 131, 131, 1, 1.89%, 0, 0, 2, 25.79
1629611916, 0, 0, 132, 132, 1, 1.89%, 0, 0, 2, 23.20
1629611957, 0, 0, 133, 133, 1, 1.89%, 0, 0, 2, 23.68
1629612054, 0, 0, 134, 134, 1, 1.89%, 0, 0, 2, 24.98
1629612248, 0, 0, 135, 135, 1, 1.89%, 0, 0, 2, 90.41
1629612264, 0, 0, 136, 136, 1, 1.89%, 0, 0, 2, 28.82
1629612381, 0, 0, 137, 137, 1, 1.90%, 0, 0, 2, 25.52
1629612386, 0, 0, 138, 138, 1, 1.91%, 0, 0, 2, 25.35
1629612391, 0, 0, 139, 139, 1, 1.91%, 0, 0, 2, 24.74
1629612539, 0, 0, 140, 140, 1, 1.92%, 0, 0, 2, 30.48
1629612554, 0, 0, 141, 141, 1, 1.92%, 0, 0, 2, 128.74
1629612575, 0, 0, 143, 143, 1, 2.09%, 0, 0, 2, 92.60
1629612580, 0, 0, 147, 147, 1, 2.09%, 0, 0, 2, 63.08
1629612590, 0, 0, 149, 149, 1, 2.09%, 0, 0, 2, 35.79
1629612610, 0, 0, 150, 150, 1, 2.11%, 0, 0, 2, 36.17
1629612615, 0, 0, 153, 153, 1, 2.11%, 0, 0, 2, 34.75
1629612666, 0, 0, 154, 154, 1, 2.11%, 0, 0, 2, 34.84
1629612997, 0, 0, 157, 157, 1, 2.13%, 0, 0, 2, 62.23
1629613058, 0, 0, 158, 158, 1, 2.14%, 0, 0, 2, 84.83
1629613079, 0, 0, 159, 159, 1, 2.14%, 0, 0, 2, 84.13
1629613120, 0, 0, 161, 161, 1, 2.15%, 0, 0, 2, 22.36
1629613135, 0, 0, 162, 162, 1, 2.15%, 0, 0, 2, 24.21
1629613140, 0, 0, 163, 163, 1, 2.15%, 0, 0, 2, 23.21
1629614915, 0, 0, 164, 164, 1, 2.15%, 0, 0, 2, 80.34
1629614920, 0, 0, 165, 165, 1, 2.15%, 0, 0, 2, 91.23
1629614986, 0, 0, 166, 166, 1, 2.15%, 0, 0, 2, 23.75
1629616875, 0, 0, 173, 173, 1, 2.16%, 0, 0, 2, 48.02
1629616880, 0, 0, 178, 178, 1, 2.17%, 0, 0, 2, 76.69
1629616885, 0, 0, 184, 184, 1, 2.17%, 0, 0, 2, 67.10
1629616890, 0, 0, 190, 190, 1, 2.17%, 0, 0, 2, 71.66
1629616895, 0, 0, 193, 193, 1, 2.17%, 0, 0, 2, 80.75
1629616900, 0, 0, 200, 200, 1, 2.17%, 0, 0, 2, 66.73
1629616905, 0, 0, 201, 201, 1, 2.17%, 0, 0, 2, 80.42
1629616911, 0, 0, 203, 203, 1, 2.17%, 0, 0, 2, 83.44
1629616916, 0, 0, 208, 208, 1, 2.17%, 0, 0, 2, 66.45
1629616921, 0, 0, 209, 209, 1, 2.17%, 0, 0, 2, 74.69
1629616926, 0, 0, 211, 211, 1, 2.17%, 0, 0, 2, 75.40
1629616931, 0, 0, 212, 212, 1, 2.17%, 0, 0, 2, 77.28
1629616936, 0, 0, 213, 213, 1, 2.17%, 0, 0, 2, 84.19
1629616942, 0, 0, 214, 214, 1, 2.17%, 0, 0, 2, 84.21
1629616947, 0, 0, 216, 216, 1, 2.17%, 0, 0, 2, 77.44
1629616952, 0, 0, 220, 220, 1, 2.17%, 0, 0, 2, 75.82
1629616957, 0, 0, 222, 222, 1, 2.17%, 0, 0, 2, 81.35
1629616962, 0, 0, 223, 223, 1, 2.17%, 0, 0, 2, 85.72
1629616967, 0, 0, 224, 224, 1, 2.17%, 0, 0, 2, 80.18
1629616972, 0, 0, 225, 225, 1, 2.17%, 0, 0, 2, 85.35
1629616988, 0, 0, 227, 227, 1, 2.18%, 0, 0, 2, 78.10
1629616998, 0, 0, 229, 229, 1, 2.18%, 0, 0, 2, 75.98
1629617003, 0, 0, 230, 230, 1, 2.18%, 0, 0, 2, 75.08
1629617008, 0, 0, 231, 231, 1, 2.18%, 0, 0, 2, 80.90
1629617013, 0, 0, 232, 232, 1, 2.18%, 0, 0, 2, 80.55
1629617023, 0, 0, 234, 234, 1, 2.18%, 0, 0, 2, 74.34
1629617028, 0, 0, 237, 237, 1, 2.18%, 0, 0, 2, 70.88
1629617034, 0, 0, 238, 238, 1, 2.18%, 0, 0, 2, 78.60
1629617059, 0, 0, 240, 240, 1, 2.18%, 0, 0, 2, 82.41
1629617075, 0, 0, 241, 241, 1, 2.18%, 0, 0, 2, 75.25
1629617090, 0, 0, 244, 244, 1, 2.18%, 0, 0, 2, 78.13
1629617095, 0, 1, 244, 243, 65, 2.18%, 0, 0, 2, 99.90
1629618496, 0, 5, 244, 242, 64, 2.18%, 0, 0, 2, 98.15
1629618537, 0, 5, 245, 243, 64, 2.18%, 0, 0, 3, 90.30
1629618837, 0, 5, 246, 244, 64, 2.18%, 0, 0, 3, 85.65
1629620316, 0, 5, 247, 245, 64, 2.18%, 0, 0, 3, 90.63
1629620327, 0, 5, 248, 246, 64, 2.18%, 0, 0, 3, 115.19
1629620332, 0, 5, 249, 247, 64, 2.18%, 0, 0, 3, 121.49
1629620337, 0, 5, 250, 248, 64, 2.18%, 0, 0, 3, 118.25
1629620342, 0, 5, 251, 249, 64, 2.18%, 0, 0, 3, 119.93
1629620347, 0, 5, 253, 251, 64, 2.18%, 0, 0, 3, 115.81
1629620357, 0, 5, 254, 252, 64, 2.18%, 0, 0, 3, 114.78
1629620362, 0, 5, 255, 253, 64, 2.19%, 0, 0, 3, 117.46
1629620377, 0, 5, 256, 254, 64, 2.19%, 0, 0, 3, 122.56
1629620418, 0, 5, 257, 255, 64, 2.19%, 0, 0, 3, 115.23
1629620428, 0, 7, 257, 254, 65, 2.19%, 0, 0, 3, 109.89
1629620702, 0, 7, 258, 255, 65, 2.19%, 0, 0, 3, 73.26
1629620920, 0, 7, 259, 256, 65, 2.19%, 0, 0, 3, 92.04
1629620996, 0, 7, 260, 257, 65, 2.19%, 0, 0, 3, 93.50
1629621021, 0, 7, 261, 258, 65, 2.19%, 0, 0, 3, 76.76
1629622250, 0, 7, 262, 259, 65, 2.19%, 0, 0, 3, 117.61
1629622260, 0, 7, 263, 260, 65, 2.19%, 0, 0, 3, 117.02
1629622296, 0, 10, 263, 259, 67, 2.19%, 0, 0, 3, 84.24
1629622301, 0, 10, 264, 260, 67, 2.19%, 0, 0, 3, 66.54
1629624830, 0, 10, 266, 262, 67, 2.19%, 0, 0, 3, 105.45
1629624840, 0, 10, 267, 263, 67, 2.19%, 0, 0, 3, 106.44
1629624850, 0, 10, 269, 265, 67, 2.19%, 0, 0, 3, 109.09
1629624855, 0, 10, 270, 266, 67, 2.19%, 0, 0, 3, 107.22
1629624860, 0, 10, 271, 267, 67, 2.19%, 0, 0, 3, 111.68
1629624876, 0, 10, 272, 268, 67, 2.19%, 0, 0, 3, 106.67
1629624907, 0, 12, 272, 267, 67, 2.19%, 0, 0, 3, 115.27
1629625120, 0, 13, 272, 266, 66, 2.19%, 0, 0, 3, 121.62
1629625461, 0, 15, 272, 265, 65, 2.19%, 0, 0, 3, 128.38
1629627343, 0, 15, 273, 266, 65, 2.19%, 0, 0, 3, 113.66
1629627363, 0, 16, 273, 265, 64, 2.19%, 0, 0, 3, 97.66
1629629143, 0, 16, 274, 266, 64, 2.19%, 0, 0, 3, 102.49
1629629168, 0, 18, 274, 265, 63, 2.19%, 0, 0, 3, 106.59
1629630973, 0, 18, 275, 266, 63, 2.19%, 0, 0, 3, 97.74
1629630978, 0, 18, 276, 267, 63, 2.19%, 0, 0, 3, 113.54
1629630984, 0, 18, 277, 268, 63, 2.19%, 0, 0, 3, 116.87
1629630989, 0, 18, 278, 269, 63, 2.19%, 0, 0, 3, 115.54
1629630999, 0, 18, 279, 270, 63, 2.19%, 0, 0, 3, 118.25
1629631004, 0, 18, 280, 271, 63, 2.19%, 0, 0, 3, 120.99
1629631019, 0, 18, 282, 273, 63, 2.19%, 0, 0, 3, 119.35
1629631080, 0, 19, 283, 273, 61, 2.19%, 0, 0, 3, 95.65
1629632875, 0, 20, 283, 272, 60, 2.19%, 0, 0, 3, 91.46
1629634623, 0, 20, 284, 273, 60, 2.19%, 0, 0, 3, 111.68
1629634648, 0, 22, 284, 272, 59, 2.19%, 0, 0, 3, 97.97
1629636466, 0, 23, 284, 271, 58, 2.19%, 0, 0, 3, 78.29
1629636497, 0, 23, 285, 272, 58, 2.20%, 0, 0, 3, 24.82
1629637151, 0, 23, 286, 273, 58, 2.21%, 0, 0, 3, 55.08
1629642345, 0, 25, 286, 272, 57, 2.21%, 0, 0, 3, 89.49
1629644028, 0, 25, 287, 273, 57, 2.21%, 0, 0, 3, 125.02
1629644043, 0, 26, 287, 272, 56, 2.21%, 0, 0, 3, 83.06
1629645396, 0, 26, 288, 273, 56, 2.21%, 0, 0, 3, 23.64
1629649795, 0, 26, 290, 275, 56, 2.21%, 0, 0, 3, 61.27
1629649846, 0, 31, 290, 274, 54, 2.21%, 0, 0, 3, 92.16
1629651602, 0, 40, 290, 273, 54, 2.21%, 0, 0, 3, 116.30
1629652688, 0, 47, 290, 272, 53, 2.21%, 0, 0, 3, 113.41
1629652719, 0, 47, 291, 273, 53, 2.21%, 0, 0, 3, 89.41
1629654405, 0, 48, 291, 272, 53, 2.21%, 0, 0, 3, 102.66
1629655014, 0, 48, 292, 273, 53, 2.22%, 0, 0, 3, 87.57
1629655030, 0, 48, 293, 274, 53, 2.22%, 0, 0, 3, 82.35
1629656124, 0, 53, 293, 273, 52, 2.22%, 0, 0, 3, 51.65
1629657489, 0, 53, 294, 274, 52, 2.23%, 0, 0, 3, 25.93
1629661927, 0, 53, 295, 275, 52, 2.23%, 0, 0, 3, 73.10
1629661932, 0, 61, 295, 274, 52, 2.23%, 0, 0, 3, 61.58
1629667518, 0, 64, 295, 273, 51, 2.23%, 0, 0, 3, 85.19
1629669242, 0, 64, 296, 274, 51, 2.23%, 0, 0, 3, 117.73
1629669252, 0, 64, 297, 275, 51, 2.23%, 0, 0, 3, 121.96
1629669262, 0, 69, 297, 274, 51, 2.23%, 0, 0, 3, 114.07
1629670916, 0, 69, 298, 275, 51, 2.23%, 0, 0, 3, 113.41
1629670921, 0, 71, 298, 274, 50, 2.23%, 0, 0, 3, 115.44
1629672565, 0, 75, 298, 273, 49, 2.23%, 0, 0, 3, 103.50
1629674483, 0, 75, 300, 275, 49, 2.25%, 0, 0, 3, 43.11
1629674488, 0, 75, 302, 277, 49, 2.31%, 0, 0, 3, 27.94
1629674493, 0, 75, 305, 280, 49, 2.32%, 0, 0, 3, 24.50
1629674498, 0, 75, 306, 281, 49, 2.33%, 0, 0, 3, 23.33
1629674503, 0, 75, 307, 282, 49, 2.34%, 0, 0, 3, 22.91
1629678152, 0, 76, 307, 281, 57, 2.34%, 0, 0, 3, 41.20
1629678504, 0, 76, 308, 282, 57, 2.34%, 0, 0, 3, 23.97
1629680059, 0, 76, 309, 283, 57, 2.34%, 0, 0, 3, 24.12
1629683722, 0, 77, 309, 282, 58, 2.34%, 0, 0, 3, 42.71
1629689468, 0, 100, 309, 281, 57, 2.34%, 0, 0, 3, 85.25
1629691249, 0, 108, 309, 280, 56, 2.34%, 0, 0, 3, 98.33
1629691812, 0, 108, 310, 281, 56, 2.35%, 0, 0, 3, 82.72
1629693034, 0, 110, 310, 280, 56, 2.35%, 0, 0, 3, 107.77
1629693039, 0, 110, 312, 282, 56, 2.35%, 0, 0, 3, 77.15
1629693740, 0, 110, 313, 283, 56, 2.35%, 0, 0, 3, 60.44
1629695509, 0, 112, 313, 282, 57, 2.35%, 0, 0, 3, 91.49
1629696046, 0, 112, 314, 283, 57, 2.36%, 0, 0, 3, 150.56
1629696066, 0, 112, 315, 284, 57, 2.37%, 0, 0, 3, 72.57
1629697340, 0, 113, 315, 283, 57, 2.37%, 0, 0, 3, 107.40
1629697355, 0, 113, 316, 284, 57, 2.37%, 0, 0, 3, 92.17
1629697949, 0, 113, 317, 285, 57, 2.37%, 0, 0, 3, 96.12
1629699111, 0, 124, 317, 284, 57, 2.37%, 0, 0, 3, 58.79
1629699268, 0, 124, 318, 285, 57, 2.37%, 0, 0, 3, 39.34
1629704073, 0, 124, 319, 286, 57, 2.37%, 0, 0, 3, 84.99
1629704078, 0, 127, 319, 285, 56, 2.37%, 0, 0, 3, 91.30
1629704820, 0, 127, 320, 286, 56, 2.37%, 0, 0, 3, 90.22
1629705830, 0, 129, 320, 285, 55, 2.37%, 0, 0, 3, 112.32
1629705840, 0, 129, 321, 286, 55, 2.37%, 0, 0, 3, 66.83
1629706243, 0, 129, 322, 287, 55, 2.37%, 0, 0, 3, 24.40
1629706411, 0, 129, 323, 288, 55, 2.37%, 0, 0, 3, 84.14
1629708193, 0, 129, 324, 289, 55, 2.37%, 0, 0, 3, 98.22
1629708198, 0, 133, 324, 288, 55, 2.37%, 0, 0, 3, 109.04
1629708946, 0, 133, 325, 289, 55, 2.38%, 0, 0, 3, 92.37
1629709856, 0, 136, 325, 288, 55, 2.38%, 0, 0, 3, 130.78
1629711762, 0, 136, 326, 289, 55, 2.38%, 0, 0, 3, 107.53
1629711772, 0, 137, 326, 288, 54, 2.38%, 0, 0, 3, 99.36
1629712118, 0, 137, 327, 289, 54, 2.38%, 0, 0, 3, 91.55
1629714043, 0, 139, 327, 288, 54, 2.38%, 0, 0, 3, 79.76
1629718755, 0, 139, 327, 288, 54, 2.38%, 1, 0, 3, 28.23
1629718771, 0, 139, 328, 289, 54, 2.38%, 1, 0, 3, 28.48
1629718786, 0, 139, 328, 289, 54, 2.38%, 2, 0, 3, 13.63
1629718796, 0, 139, 328, 289, 54, 2.38%, 3, 0, 3, 24.02
1629718817, 0, 139, 328, 289, 54, 2.38%, 4, 0, 3, 16.30
1629718848, 0, 139, 328, 289, 54, 2.38%, 5, 0, 3, 25.95
1629718868, 0, 139, 328, 289, 54, 2.38%, 6, 0, 3, 138.83
1629718940, 0, 139, 329, 290, 54, 2.38%, 6, 0, 3, 77.36
1629718945, 0, 142, 329, 289, 54, 2.38%, 6, 0, 3, 95.66
1629719209, 0, 142, 330, 290, 54, 2.38%, 6, 0, 3, 124.79
1629719219, 0, 142, 331, 291, 54, 2.41%, 6, 0, 3, 114.46
1629719229, 0, 142, 332, 292, 54, 2.42%, 6, 0, 3, 125.46
1629719569, 0, 142, 333, 293, 54, 2.42%, 6, 0, 3, 71.68
1629721066, 0, 147, 333, 292, 56, 2.42%, 6, 0, 3, 123.13
1629722499, 0, 149, 333, 291, 55, 2.42%, 6, 0, 3, 64.62
1629722509, 0, 149, 334, 292, 55, 2.42%, 6, 0, 3, 44.42
1629722535, 0, 149, 335, 293, 55, 2.42%, 6, 0, 3, 37.64
1629722540, 0, 149, 336, 294, 55, 2.44%, 6, 0, 3, 33.07
1629722668, 0, 149, 337, 295, 55, 2.45%, 6, 0, 3, 29.45
1629723119, 0, 149, 339, 297, 55, 2.45%, 6, 0, 3, 40.54
1629723125, 0, 149, 340, 298, 55, 2.45%, 6, 0, 3, 39.85
1629723130, 0, 149, 341, 299, 55, 2.45%, 6, 0, 3, 52.67
1629723135, 0, 149, 342, 300, 55, 2.45%, 6, 0, 3, 62.33
1629723145, 0, 149, 343, 301, 55, 2.46%, 6, 0, 3, 67.83
1629723191, 0, 149, 344, 302, 55, 2.46%, 6, 0, 3, 49.39
1629726803, 0, 156, 344, 301, 58, 2.46%, 6, 0, 3, 89.21
1629726864, 0, 156, 345, 302, 58, 2.46%, 6, 0, 3, 78.42
1629727051, 0, 156, 346, 303, 58, 2.46%, 6, 0, 3, 109.95
1629728681, 0, 160, 346, 302, 59, 2.46%, 6, 0, 3, 112.45
1629728691, 0, 160, 347, 303, 59, 2.46%, 6, 0, 3, 42.37
1629728696, 0, 160, 348, 304, 59, 2.46%, 6, 0, 3, 32.21
1629728912, 0, 160, 349, 305, 59, 2.46%, 6, 0, 3, 31.42
1629728984, 0, 160, 351, 307, 59, 2.47%, 6, 0, 3, 63.56
1629729399, 0, 160, 353, 309, 59, 2.47%, 6, 0, 3, 30.08
1629729404, 0, 160, 355, 311, 59, 2.47%, 6, 0, 3, 30.79
1629729419, 0, 160, 356, 312, 59, 2.47%, 6, 0, 3, 29.17
1629729424, 0, 160, 357, 313, 59, 2.47%, 6, 0, 3, 30.40
1629729522, 0, 160, 358, 314, 59, 2.48%, 6, 0, 3, 31.60
1629729583, 0, 160, 359, 315, 59, 2.48%, 6, 0, 3, 32.19
1629729589, 0, 160, 360, 316, 59, 2.48%, 6, 0, 3, 34.73
1629729594, 0, 160, 361, 317, 59, 2.48%, 6, 0, 3, 34.84
1629730683, 0, 160, 362, 318, 59, 2.48%, 6, 0, 3, 29.71
1629731363, 0, 160, 363, 319, 59, 2.48%, 6, 0, 3, 29.13
1629732235, 0, 160, 364, 320, 59, 2.48%, 6, 0, 3, 105.16
1629733706, 0, 178, 364, 319, 64, 2.48%, 6, 0, 3, 93.70
1629733802, 0, 178, 365, 320, 64, 2.48%, 6, 0, 3, 119.83
1629735126, 0, 182, 365, 319, 64, 2.48%, 6, 0, 3, 135.07
1629735131, 0, 182, 367, 321, 64, 2.48%, 6, 0, 3, 113.56
1629735227, 0, 182, 368, 322, 64, 2.48%, 6, 0, 3, 117.91
1629736617, 0, 188, 368, 321, 64, 2.48%, 6, 0, 3, 159.19
1629736668, 0, 191, 368, 320, 63, 2.48%, 6, 0, 3, 167.84
1629736835, 0, 197, 368, 319, 62, 2.48%, 6, 0, 3, 149.88
1629736952, 0, 197, 369, 320, 62, 2.48%, 6, 0, 3, 138.89
1629736957, 0, 197, 370, 321, 62, 2.48%, 6, 0, 3, 140.80
1629737169, 0, 197, 371, 322, 62, 2.48%, 6, 0, 3, 138.74
1629737215, 0, 197, 372, 323, 62, 2.48%, 6, 0, 3, 139.31
1629737220, 0, 197, 373, 324, 62, 2.48%, 6, 0, 3, 140.80
1629737296, 0, 223, 373, 323, 64, 2.48%, 6, 0, 3, 167.13
1629737331, 0, 223, 374, 324, 64, 2.48%, 6, 0, 3, 184.20
1629737808, 0, 225, 374, 323, 64, 2.48%, 6, 0, 3, 124.99
1629737813, 0, 225, 376, 325, 64, 2.48%, 6, 0, 3, 108.55
1629737859, 0, 225, 377, 326, 64, 2.49%, 6, 0, 3, 100.75
1629737874, 0, 225, 378, 327, 64, 2.49%, 6, 0, 3, 91.78
1629738474, 0, 225, 379, 328, 64, 2.49%, 6, 0, 3, 109.33
1629738479, 0, 225, 380, 329, 64, 2.49%, 6, 0, 3, 99.71
1629738484, 0, 225, 381, 330, 64, 2.49%, 6, 0, 3, 97.14
1629738641, 0, 231, 381, 329, 65, 2.49%, 6, 0, 3, 143.30
1629738976, 0, 231, 383, 331, 65, 2.49%, 6, 0, 3, 147.80
1629738981, 0, 233, 383, 330, 64, 2.49%, 6, 0, 3, 140.72
1629739336, 0, 233, 384, 331, 64, 2.49%, 6, 0, 3, 144.16
1629739341, 0, 257, 384, 330, 64, 2.49%, 6, 0, 3, 82.96
1629740603, 0, 257, 385, 331, 64, 2.49%, 6, 0, 4, 66.70
1629743789, 0, 259, 385, 330, 64, 2.49%, 6, 0, 4, 87.18
1629745219, 0, 283, 385, 329, 63, 2.49%, 6, 0, 4, 137.85
1629745224, 0, 283, 388, 332, 63, 2.49%, 6, 0, 4, 115.37
1629745275, 0, 283, 389, 333, 63, 2.49%, 6, 0, 4, 110.69
1629745280, 0, 283, 392, 336, 63, 2.49%, 6, 0, 4, 110.74
1629745315, 0, 283, 393, 337, 63, 2.49%, 6, 0, 4, 115.52
1629746492, 0, 284, 393, 336, 63, 2.49%, 6, 0, 4, 116.92
1629748013, 0, 285, 393, 335, 62, 2.49%, 6, 0, 4, 110.92
1629750205, 0, 287, 393, 334, 61, 2.49%, 6, 0, 4, 94.96
1629750241, 0, 287, 394, 335, 61, 2.49%, 6, 0, 4, 177.57
1629750277, 0, 287, 395, 336, 61, 2.49%, 6, 0, 4, 43.09
1629750752, 0, 287, 396, 337, 61, 2.49%, 6, 0, 4, 74.33
1629750803, 0, 287, 397, 338, 61, 2.50%, 6, 0, 4, 34.24
1629754384, 0, 287, 398, 339, 61, 2.50%, 6, 0, 4, 29.00
1629754650, 0, 288, 398, 338, 62, 2.50%, 6, 0, 4, 76.09
1629754748, 0, 288, 399, 339, 62, 2.50%, 6, 0, 4, 30.68
1629754814, 0, 288, 400, 340, 62, 2.50%, 6, 0, 4, 34.02
1629759391, 0, 290, 400, 339, 62, 2.50%, 6, 0, 4, 92.56
1629760777, 0, 293, 400, 338, 61, 2.50%, 6, 0, 4, 123.23
1629760798, 0, 293, 401, 339, 61, 2.50%, 6, 0, 4, 77.44
1629761281, 0, 293, 403, 341, 61, 2.50%, 6, 0, 4, 90.49
1629762297, 0, 293, 404, 342, 61, 2.50%, 6, 0, 4, 62.28
1629762307, 0, 293, 405, 343, 61, 2.50%, 6, 0, 4, 112.29
1629762373, 0, 293, 406, 344, 61, 2.50%, 6, 0, 4, 122.06
1629762409, 0, 298, 406, 343, 62, 2.50%, 6, 0, 4, 114.10
1629762414, 0, 298, 407, 344, 62, 2.50%, 6, 0, 4, 54.73
1629763018, 0, 298, 408, 345, 62, 2.51%, 6, 0, 4, 31.83
1629766787, 0, 300, 408, 344, 63, 2.51%, 6, 0, 4, 73.17
1629771148, 0, 301, 408, 343, 62, 2.51%, 6, 0, 4, 58.42
1629771158, 0, 301, 412, 347, 62, 2.53%, 6, 0, 4, 33.83
1629771163, 0, 301, 418, 353, 62, 2.54%, 6, 0, 4, 30.23
1629771194, 0, 301, 419, 354, 62, 2.54%, 6, 0, 4, 33.44
1629771333, 0, 301, 421, 356, 62, 2.54%, 6, 0, 4, 29.02
1629771353, 0, 301, 428, 363, 62, 2.57%, 6, 0, 4, 29.39
1629771527, 0, 301, 431, 366, 62, 2.57%, 6, 0, 4, 45.47
1629771532, 0, 301, 432, 367, 62, 2.57%, 6, 0, 4, 36.62
1629771798, 0, 301, 436, 371, 62, 2.57%, 6, 0, 4, 29.04
1629771803, 0, 301, 437, 372, 62, 2.57%, 6, 0, 4, 29.13
1629771824, 0, 301, 438, 373, 62, 2.57%, 6, 0, 4, 30.16
1629771849, 0, 301, 439, 374, 62, 2.57%, 6, 0, 4, 33.26
1629771895, 0, 301, 444, 379, 62, 2.58%, 6, 0, 4, 31.80
1629771911, 0, 301, 447, 382, 62, 2.58%, 6, 0, 4, 35.02
1629771916, 0, 301, 449, 384, 62, 2.58%, 6, 0, 4, 39.17
1629771926, 0, 301, 450, 385, 62, 2.58%, 6, 0, 4, 42.98
1629771931, 0, 301, 451, 386, 62, 2.58%, 6, 0, 4, 40.74
1629771936, 0, 301, 452, 387, 62, 2.58%, 6, 0, 4, 43.02
1629772918, 0, 301, 453, 388, 62, 2.58%, 6, 0, 4, 29.64
1629773312, 0, 301, 454, 389, 62, 2.59%, 6, 0, 4, 30.56
1629773332, 0, 301, 455, 390, 62, 2.59%, 6, 0, 4, 29.39
1629773389, 0, 301, 456, 391, 62, 2.59%, 6, 0, 4, 29.82
1629773445, 0, 301, 457, 392, 62, 2.59%, 6, 0, 4, 28.98
1629773461, 0, 301, 458, 393, 62, 2.59%, 6, 0, 4, 28.79
1629773471, 0, 301, 459, 394, 62, 2.59%, 6, 0, 4, 29.54
1629773543, 0, 301, 460, 395, 62, 2.59%, 6, 0, 4, 29.00
1629775558, 0, 301, 461, 396, 62, 2.59%, 6, 0, 4, 78.24
1629775563, 0, 301, 462, 397, 62, 2.59%, 6, 0, 4, 96.88
1629775573, 0, 302, 462, 396, 79, 2.59%, 6, 0, 4, 63.79
1629779793, 0, 303, 462, 395, 78, 2.59%, 6, 0, 4, 78.39
1629784027, 0, 303, 463, 396, 78, 2.59%, 6, 0, 4, 97.21
1629784032, 0, 304, 463, 395, 78, 2.59%, 6, 0, 4, 70.39
1629788368, 0, 305, 463, 394, 77, 2.59%, 6, 0, 4, 81.40
1629788383, 0, 305, 464, 395, 77, 2.59%, 6, 0, 4, 33.46
1629790868, 0, 305, 465, 396, 77, 2.59%, 6, 0, 4, 30.56
1629793310, 0, 306, 465, 395, 77, 2.59%, 6, 0, 4, 59.89
1629793315, 0, 306, 466, 396, 77, 2.59%, 6, 0, 4, 50.33
1629793325, 0, 306, 467, 397, 77, 2.59%, 6, 0, 4, 30.29
1629794164, 0, 306, 468, 398, 77, 2.60%, 6, 0, 4, 31.84
1629798303, 0, 307, 469, 398, 75, 2.60%, 6, 0, 4, 93.62
1629798615, 0, 307, 470, 399, 75, 2.60%, 6, 0, 4, 30.37
1629802819, 0, 308, 470, 398, 75, 2.60%, 6, 0, 4, 80.04
1629804961, 0, 310, 470, 397, 74, 2.60%, 6, 0, 4, 108.87
1629806853, 0, 311, 470, 396, 73, 2.60%, 6, 0, 4, 128.43
1629808754, 0, 313, 470, 395, 72, 2.60%, 6, 0, 4, 122.87
1629810198, 0, 314, 470, 394, 71, 2.60%, 6, 0, 4, 140.83
1629811583, 0, 315, 470, 393, 70, 2.60%, 6, 0, 4, 146.11
1629811802, 0, 315, 471, 394, 70, 2.60%, 6, 0, 4, 130.31
1629812076, 0, 315, 472, 395, 70, 2.60%, 6, 0, 4, 101.13
1629812989, 0, 316, 472, 394, 69, 2.60%, 6, 0, 4, 145.07
1629812994, 0, 316, 473, 395, 69, 2.60%, 6, 0, 4, 114.95
1629813213, 0, 316, 474, 396, 69, 2.60%, 6, 0, 4, 102.15
1629813604, 0, 316, 475, 397, 69, 2.60%, 6, 0, 4, 92.45
1629814415, 0, 320, 475, 396, 69, 2.60%, 6, 0, 4, 125.71
1629816371, 0, 324, 475, 395, 68, 2.60%, 6, 0, 4, 123.35
1629816443, 0, 324, 477, 397, 68, 2.60%, 6, 0, 4, 114.45
1629816453, 0, 324, 478, 398, 68, 2.60%, 6, 0, 4, 116.42
1629816732, 0, 324, 479, 399, 68, 2.60%, 6, 0, 4, 117.78
1629817111, 0, 324, 480, 400, 68, 2.60%, 6, 0, 4, 116.30
1629817921, 0, 326, 480, 399, 67, 2.60%, 6, 0, 4, 122.46
1629818967, 0, 326, 481, 400, 67, 2.60%, 6, 0, 4, 109.51
1629819449, 0, 327, 481, 399, 66, 2.60%, 6, 0, 4, 67.24
1629823983, 0, 327, 481, 399, 66, 2.60%, 7, 0, 4, 19.14
1629824721, 0, 328, 481, 398, 65, 2.60%, 7, 0, 4, 74.72
1629824741, 0, 328, 482, 399, 65, 2.60%, 9, 0, 4, 28.21
1629824823, 0, 328, 482, 399, 65, 2.60%, 10, 0, 4, 29.44
1629825396, 0, 328, 483, 400, 65, 2.60%, 10, 0, 4, 35.90
1629827627, 0, 328, 483, 400, 65, 2.60%, 11, 0, 4, 29.84
1629827663, 0, 328, 483, 400, 65, 2.60%, 12, 0, 4, 19.64
1629830139, 0, 329, 483, 399, 65, 2.60%, 12, 0, 4, 71.96
1629830282, 0, 329, 484, 400, 65, 2.60%, 12, 0, 4, 86.30
1629834809, 0, 330, 484, 399, 65, 2.60%, 12, 0, 4, 90.82
1629834824, 0, 330, 485, 400, 65, 2.60%, 12, 0, 4, 90.13
1629836710, 0, 331, 485, 399, 64, 2.60%, 12, 0, 4, 90.24
1629838833, 0, 332, 485, 398, 63, 2.60%, 12, 0, 4, 113.11
1629839279, 0, 332, 488, 401, 63, 2.67%, 12, 0, 4, 104.33
1629840241, 0, 332, 489, 402, 63, 2.67%, 12, 0, 4, 146.37
1629840246, 0, 332, 490, 403, 63, 2.67%, 12, 0, 4, 148.16
1629840257, 0, 334, 490, 402, 64, 2.67%, 12, 0, 4, 113.93
1629842144, 0, 335, 490, 401, 63, 2.67%, 12, 0, 4, 58.99
1629842149, 0, 335, 491, 402, 63, 2.67%, 12, 0, 4, 39.72
1629842415, 0, 335, 492, 403, 63, 2.67%, 12, 0, 4, 30.30
1629842737, 0, 335, 493, 404, 63, 2.67%, 12, 0, 4, 54.72
1629843633, 0, 335, 495, 406, 63, 2.67%, 12, 0, 4, 29.21
1629843638, 0, 335, 496, 407, 63, 2.67%, 12, 0, 4, 28.99
1629843817, 0, 335, 497, 408, 63, 2.67%, 12, 0, 4, 28.97
1629846544, 0, 336, 497, 407, 64, 2.67%, 12, 0, 4, 114.59
1629846723, 0, 336, 498, 408, 64, 2.67%, 12, 0, 4, 27.67
1629846739, 0, 336, 499, 409, 64, 2.67%, 12, 0, 4, 28.32
1629851151, 0, 341, 499, 408, 63, 2.67%, 12, 0, 4, 59.84
1629855555, 0, 343, 499, 407, 62, 2.67%, 12, 0, 4, 64.98
1629855595, 0, 343, 500, 408, 62, 2.67%, 12, 0, 4, 33.18
1629856348, 0, 343, 501, 409, 62, 2.67%, 12, 0, 4, 118.14
1629857932, 0, 343, 502, 410, 62, 2.68%, 12, 0, 4, 29.46
1629860100, 0, 344, 502, 409, 63, 2.68%, 12, 0, 4, 60.36
1629861886, 0, 344, 503, 410, 63, 2.68%, 12, 0, 4, 27.10
1629865095, 0, 345, 503, 409, 62, 2.68%, 12, 0, 4, 96.71
1629865355, 0, 345, 504, 410, 62, 2.68%, 12, 0, 4, 113.18
1629867004, 0, 350, 506, 411, 62, 2.68%, 12, 0, 4, 129.66
1629867090, 0, 350, 507, 412, 62, 2.68%, 12, 0, 4, 117.36
1629867334, 0, 350, 508, 413, 62, 2.68%, 12, 0, 4, 119.11
1629867380, 0, 350, 509, 414, 62, 2.68%, 12, 0, 4, 116.80
