# unix_time, cycles_done, cur_path, paths_total, pending_total, pending_favs, map_size, unique_crashes, unique_hangs, max_depth, execs_per_sec
1619265921, 0, 0, 1, 1, 1, 0.08%, 0, 0, 1, 0.17
1619265932, 0, 0, 6, 6, 1, 0.10%, 0, 0, 2, 77.38
1619265937, 0, 0, 9, 9, 1, 0.10%, 0, 0, 2, 13.54
1619265942, 0, 0, 10, 10, 1, 0.10%, 0, 0, 2, 9.67
1619265952, 0, 0, 11, 11, 1, 0.10%, 0, 0, 2, 7.04
1619265957, 0, 0, 15, 15, 1, 0.10%, 0, 0, 2, 11.96
1619265963, 0, 0, 22, 22, 1, 0.11%, 0, 0, 2, 20.04
1619265968, 0, 0, 27, 27, 1, 0.11%, 0, 0, 2, 19.79
1619265973, 0, 0, 31, 31, 1, 0.11%, 0, 0, 2, 19.97
1619265978, 0, 0, 34, 34, 1, 0.11%, 0, 0, 2, 17.96
1619265983, 0, 0, 36, 36, 1, 0.11%, 0, 0, 2, 15.86
1619265988, 0, 0, 37, 37, 1, 0.11%, 0, 0, 2, 9.40
1619265998, 0, 0, 38, 38, 1, 0.11%, 0, 0, 2, 6.88
1619266009, 0, 0, 40, 40, 1, 0.11%, 0, 0, 2, 6.44
1619266014, 0, 0, 41, 41, 1, 0.11%, 0, 0, 2, 5.74
1619266055, 0, 0, 42, 42, 1, 0.11%, 0, 0, 2, 6.44
1619266065, 0, 0, 44, 44, 1, 0.11%, 0, 0, 2, 7.66
1619266070, 0, 0, 45, 45, 1, 0.11%, 0, 0, 2, 15.53
1619266075, 0, 0, 47, 47, 1, 0.11%, 0, 0, 2, 10.24
1619266085, 0, 0, 48, 48, 1, 0.11%, 0, 0, 2, 6.44
1619266090, 0, 0, 49, 49, 1, 0.11%, 0, 0, 2, 6.22
1619266096, 0, 0, 50, 50, 1, 0.11%, 0, 0, 2, 6.55
1619266116, 0, 0, 52, 52, 1, 0.11%, 0, 0, 2, 6.54
1619266121, 0, 0, 53, 53, 1, 0.11%, 0, 0, 2, 7.06
1619266126, 0, 0, 54, 54, 1, 0.11%, 0, 0, 2, 8.14
1619266131, 0, 0, 55, 55, 1, 0.11%, 0, 0, 2, 8.50
1619266136, 0, 0, 57, 57, 1, 0.11%, 0, 0, 2, 8.74
1619266147, 0, 0, 58, 58, 1, 0.11%, 0, 0, 2, 8.73
1619266152, 0, 0, 60, 60, 1, 0.11%, 0, 0, 2, 17.37
1619266157, 0, 0, 61, 61, 1, 0.11%, 0, 0, 2, 11.04
1619266162, 0, 0, 62, 62, 1, 0.11%, 0, 0, 2, 10.29
1619266167, 0, 0, 63, 63, 1, 0.11%, 0, 0, 2, 22.39
1619266172, 0, 0, 64, 64, 1, 0.11%, 0, 0, 2, 16.57
1619266228, 0, 0, 65, 65, 1, 0.11%, 0, 0, 2, 11.90
1619266279, 0, 0, 66, 66, 1, 0.11%, 0, 0, 2, 109.95
1619266295, 0, 0, 67, 67, 1, 0.11%, 0, 0, 2, 22.29
1619266300, 0, 0, 71, 71, 1, 0.11%, 0, 0, 2, 26.44
1619266305, 0, 0, 72, 72, 1, 0.11%, 0, 0, 2, 18.80
1619266361, 0, 0, 73, 73, 1, 0.11%, 0, 0, 2, 12.05
1619266371, 0, 0, 74, 74, 1, 0.11%, 0, 0, 2, 8.88
1619266402, 0, 0, 75, 75, 1, 0.11%, 0, 0, 2, 8.61
1619266407, 0, 0, 76, 76, 1, 0.11%, 0, 0, 2, 8.68
1619266412, 0, 0, 77, 77, 1, 0.11%, 0, 0, 2, 8.67
1619266417, 0, 0, 79, 79, 1, 0.11%, 0, 0, 2, 9.62
1619266433, 0, 0, 81, 81, 1, 0.11%, 0, 0, 2, 12.71
1619266438, 0, 0, 82, 82, 1, 0.11%, 0, 0, 2, 11.87
1619266453, 0, 0, 85, 85, 1, 0.11%, 0, 0, 2, 14.91
1619266468, 0, 0, 87, 87, 1, 0.11%, 0, 0, 2, 29.78
1619266473, 0, 0, 89, 89, 1, 0.11%, 0, 0, 2, 27.53
1619266478, 0, 0, 91, 91, 1, 0.11%, 0, 0, 2, 14.20
1619266488, 0, 0, 92, 92, 1, 0.11%, 0, 0, 2, 9.63
1619266499, 0, 0, 93, 93, 1, 0.11%, 0, 0, 2, 9.24
1619266524, 0, 0, 94, 94, 1, 0.11%, 0, 0, 2, 9.45
1619266550, 0, 0, 95, 95, 1, 0.11%, 0, 0, 2, 9.35
1619266560, 0, 0, 98, 98, 1, 0.11%, 0, 0, 2, 16.50
1619266570, 0, 0, 99, 99, 1, 0.11%, 0, 0, 2, 25.88
1619266575, 0, 0, 101, 101, 1, 0.11%, 0, 0, 2, 30.59
1619266580, 0, 0, 102, 102, 1, 0.11%, 0, 0, 2, 28.98
1619266585, 0, 0, 105, 105, 1, 0.11%, 0, 0, 2, 28.61
1619266590, 0, 0, 107, 107, 1, 0.11%, 0, 0, 2, 28.33
1619266595, 0, 0, 109, 109, 1, 0.11%, 0, 0, 2, 28.46
1619266601, 0, 0, 111, 111, 1, 0.11%, 0, 0, 2, 21.23
1619266606, 0, 0, 112, 112, 1, 0.11%, 0, 0, 2, 11.76
1619266646, 0, 0, 113, 113, 1, 0.11%, 0, 0, 2, 8.69
1619266651, 0, 0, 114, 114, 1, 0.11%, 0, 0, 2, 8.63
1619266656, 0, 0, 115, 115, 1, 0.11%, 0, 0, 2, 8.70
1619266712, 0, 0, 116, 116, 1, 0.11%, 0, 0, 2, 8.71
1619266774, 0, 0, 117, 117, 1, 0.11%, 0, 0, 2, 8.63
1619266977, 0, 0, 118, 118, 1, 0.11%, 0, 0, 2, 14.85
1619267002, 0, 0, 119, 119, 1, 0.11%, 0, 0, 2, 11.21
1619267023, 0, 0, 120, 120, 1, 0.11%, 0, 0, 2, 8.70
1619267079, 0, 0, 121, 121, 1, 0.11%, 0, 0, 2, 8.62
1619267094, 0, 0, 122, 122, 1, 0.11%, 0, 0, 2, 8.62
1619267104, 0, 0, 123, 123, 1, 0.11%, 0, 0, 2, 8.67
1619267207, 0, 0, 124, 124, 1, 0.11%, 0, 0, 2, 8.44
1619267279, 0, 0, 125, 125, 1, 0.11%, 0, 0, 2, 8.49
1619267356, 0, 0, 126, 126, 1, 0.11%, 0, 0, 2, 8.61
1619267362, 0, 0, 127, 127, 1, 0.11%, 0, 0, 2, 54.19
1619267408, 0, 0, 128, 128, 1, 0.11%, 0, 0, 2, 56.81
1619267413, 0, 0, 135, 135, 1, 0.11%, 0, 0, 2, 28.88
1619267423, 0, 0, 139, 139, 1, 0.11%, 0, 0, 2, 20.48
1619267490, 0, 0, 140, 140, 1, 0.11%, 0, 0, 2, 142.94
1619267684, 0, 0, 141, 141, 1, 0.11%, 0, 0, 2, 32.65
1619267705, 0, 0, 142, 142, 1, 0.11%, 0, 0, 2, 30.64
1619267940, 0, 0, 143, 143, 1, 0.11%, 0, 0, 2, 181.37
1619267945, 0, 0, 145, 145, 1, 0.11%, 0, 0, 2, 34.03
1619267951, 0, 0, 151, 151, 1, 0.11%, 0, 0, 2, 32.63
1619267956, 0, 0, 156, 156, 1, 0.11%, 0, 0, 2, 29.40
1619267961, 0, 0, 160, 160, 1, 0.12%, 0, 0, 2, 24.21
1619267966, 0, 0, 164, 164, 1, 0.12%, 0, 0, 2, 16.35
1619267971, 0, 0, 166, 166, 1, 0.12%, 0, 0, 2, 20.62
1619267976, 0, 0, 167, 167, 1, 0.12%, 0, 0, 2, 18.31
1619267981, 0, 0, 168, 168, 1, 0.12%, 0, 0, 2, 19.67
1619267986, 0, 0, 170, 170, 1, 0.12%, 0, 0, 2, 22.60
1619267991, 0, 0, 171, 171, 1, 0.12%, 0, 0, 2, 15.93
1619267996, 0, 0, 172, 172, 1, 0.12%, 0, 0, 2, 28.11
1619268006, 0, 0, 174, 174, 1, 0.12%, 0, 0, 2, 28.82
1619268011, 0, 0, 175, 175, 1, 0.12%, 0, 0, 2, 14.93
1619268022, 0, 0, 176, 176, 1, 0.12%, 0, 0, 2, 17.01
1619268052, 0, 0, 177, 177, 1, 0.12%, 0, 0, 2, 25.36
1619268057, 0, 0, 178, 178, 1, 0.12%, 0, 0, 2, 30.64
1619268063, 0, 0, 179, 179, 1, 0.12%, 0, 0, 2, 32.49
1619268068, 0, 0, 180, 180, 1, 0.12%, 0, 0, 2, 33.10
1619268083, 0, 0, 181, 181, 1, 0.12%, 0, 0, 2, 33.23
1619268149, 0, 0, 182, 182, 1, 0.12%, 0, 0, 2, 28.60
1619268159, 0, 0, 183, 183, 1, 0.12%, 0, 0, 2, 28.47
1619268165, 0, 0, 184, 184, 1, 0.12%, 0, 0, 2, 28.64
1619268185, 0, 0, 185, 185, 1, 0.12%, 0, 0, 2, 10.36
1619268190, 0, 0, 186, 186, 1, 0.12%, 0, 0, 2, 9.03
1619268195, 0, 0, 187, 187, 1, 0.12%, 0, 0, 2, 8.59
1619268200, 0, 0, 188, 188, 1, 0.12%, 0, 0, 2, 8.57
1619268206, 0, 0, 189, 189, 1, 0.12%, 0, 0, 2, 10.78
1619268216, 0, 0, 190, 190, 1, 0.12%, 0, 0, 2, 8.64
1619268355, 0, 0, 191, 191, 1, 0.12%, 0, 0, 2, 8.65
1619268370, 0, 0, 192, 192, 1, 0.12%, 0, 0, 2, 10.00
1619268482, 0, 0, 193, 193, 1, 0.12%, 0, 0, 2, 8.44
1619268589, 0, 0, 194, 194, 1, 0.12%, 0, 0, 2, 13.41
1619269192, 0, 0, 196, 196, 1, 0.12%, 0, 0, 2, 45.24
1619269197, 0, 0, 200, 200, 1, 0.12%, 0, 0, 2, 45.34
1619269232, 0, 0, 201, 201, 1, 0.12%, 0, 0, 2, 9.21
1619269238, 0, 0, 204, 204, 1, 0.12%, 0, 0, 2, 8.97
1619269258, 0, 0, 205, 205, 1, 0.12%, 0, 0, 2, 9.00
1619269263, 0, 0, 207, 207, 1, 0.12%, 0, 0, 2, 8.82
1619269546, 0, 0, 208, 208, 1, 0.12%, 0, 0, 2, 8.95
1619269551, 0, 0, 210, 210, 1, 0.12%, 0, 0, 2, 9.00
1619269556, 0, 0, 211, 211, 1, 0.12%, 0, 0, 2, 8.99
1619269894, 0, 0, 213, 213, 1, 0.12%, 0, 0, 2, 9.91
1619269976, 0, 0, 215, 215, 1, 0.12%, 0, 0, 2, 8.82
1619269981, 0, 0, 217, 217, 1, 0.12%, 0, 0, 2, 8.84
1619269987, 0, 0, 218, 218, 1, 0.12%, 0, 0, 2, 8.68
1619269992, 0, 0, 219, 219, 1, 0.12%, 0, 0, 2, 8.72
1619269997, 0, 0, 220, 220, 1, 0.12%, 0, 0, 2, 8.65
1619270017, 0, 0, 221, 221, 1, 0.12%, 0, 0, 2, 11.29
1619270022, 0, 0, 223, 223, 1, 0.12%, 0, 0, 2, 15.31
1619270053, 0, 0, 226, 226, 1, 0.12%, 0, 0, 2, 224.69
1619270058, 0, 0, 227, 227, 1, 0.12%, 0, 0, 2, 42.86
1619270073, 0, 0, 228, 228, 1, 0.12%, 0, 0, 2, 43.40
1619270078, 0, 0, 231, 231, 1, 0.12%, 0, 0, 2, 38.35
1619270083, 0, 0, 234, 234, 1, 0.12%, 0, 0, 2, 31.51
1619270088, 0, 0, 237, 237, 1, 0.12%, 0, 0, 2, 26.15
1619270094, 0, 0, 242, 242, 1, 0.12%, 0, 0, 2, 23.58
1619270099, 0, 0, 244, 244, 1, 0.12%, 0, 0, 2, 24.39
1619270109, 0, 0, 247, 247, 1, 0.12%, 0, 0, 2, 22.27
1619270114, 0, 0, 249, 249, 1, 0.12%, 0, 0, 2, 17.46
1619270119, 0, 0, 251, 251, 1, 0.12%, 0, 0, 2, 13.76
1619270134, 0, 0, 252, 252, 1, 0.12%, 0, 0, 2, 12.82
1619270170, 0, 0, 253, 253, 1, 0.12%, 0, 0, 2, 16.48
1619270175, 0, 0, 254, 254, 1, 0.12%, 0, 0, 2, 22.72
1619270180, 0, 0, 256, 256, 1, 0.12%, 0, 0, 2, 13.76
1619270237, 0, 0, 258, 258, 1, 0.12%, 0, 0, 2, 13.63
1619270242, 0, 0, 259, 259, 1, 0.12%, 0, 0, 2, 14.49
1619270252, 0, 0, 260, 260, 1, 0.12%, 0, 0, 2, 12.05
1619270278, 0, 0, 261, 261, 1, 0.12%, 0, 0, 2, 11.04
1619270303, 0, 0, 262, 262, 1, 0.12%, 0, 0, 2, 14.31
1619270308, 0, 0, 263, 263, 1, 0.12%, 0, 0, 2, 15.02
1619270370, 0, 0, 264, 264, 1, 0.12%, 0, 0, 2, 14.98
1619270385, 0, 0, 265, 265, 1, 0.12%, 0, 0, 2, 12.48
1619270687, 0, 0, 266, 266, 1, 0.12%, 0, 0, 2, 13.69
1619270825, 0, 0, 267, 267, 1, 0.12%, 0, 0, 2, 13.92
1619271015, 0, 0, 269, 269, 1, 0.12%, 0, 0, 2, 18.11
1619271030, 0, 0, 271, 271, 1, 0.12%, 0, 0, 2, 21.39
1619271045, 0, 0, 272, 272, 1, 0.12%, 0, 0, 2, 24.95
1619271051, 0, 0, 274, 274, 1, 0.12%, 0, 0, 2, 21.97
1619271081, 0, 0, 276, 276, 1, 0.12%, 0, 0, 2, 28.39
1619271096, 0, 0, 277, 277, 1, 0.12%, 0, 0, 2, 26.37
1619271107, 0, 0, 278, 278, 1, 0.12%, 0, 0, 2, 25.61
1619271112, 0, 0, 279, 279, 1, 0.12%, 0, 0, 2, 25.61
1619271117, 0, 0, 282, 282, 1, 0.14%, 0, 0, 2, 2.10
1619271148, 0, 0, 283, 283, 1, 0.14%, 0, 0, 2, 27.31
1619271153, 0, 0, 286, 286, 1, 0.14%, 0, 0, 2, 46.30
1619271250, 0, 0, 287, 287, 1, 0.14%, 0, 0, 2, 36.32
1619271270, 0, 0, 288, 288, 1, 0.14%, 0, 0, 2, 36.03
1619271291, 0, 0, 289, 289, 1, 0.14%, 0, 0, 2, 35.89
1619271358, 0, 0, 290, 290, 1, 0.14%, 0, 0, 2, 23.82
1619271378, 0, 0, 291, 291, 1, 0.14%, 0, 0, 2, 9.06
1619271383, 0, 0, 292, 292, 1, 0.14%, 0, 0, 2, 8.96
1619271393, 0, 0, 293, 293, 1, 0.14%, 0, 0, 2, 8.97
1619271404, 0, 0, 294, 294, 1, 0.14%, 0, 0, 2, 8.97
1619271414, 0, 0, 295, 295, 1, 0.14%, 0, 0, 2, 8.91
1619271424, 0, 0, 296, 296, 1, 0.14%, 0, 0, 2, 10.21
1619271445, 0, 0, 297, 297, 1, 0.14%, 0, 0, 2, 9.03
1619271450, 0, 0, 298, 298, 1, 0.14%, 0, 0, 2, 9.02
1619271455, 0, 0, 299, 299, 1, 0.14%, 0, 0, 2, 8.95
1619276445, 0, 0, 300, 300, 1, 0.14%, 0, 0, 2, 36.33
1619276531, 0, 0, 302, 302, 1, 0.14%, 0, 0, 2, 8.74
1619276609, 0, 0, 303, 303, 1, 0.14%, 0, 0, 2, 8.91
1619276619, 0, 0, 304, 304, 1, 0.14%, 0, 0, 2, 8.92
1619282230, 0, 0, 305, 305, 1, 0.14%, 0, 0, 2, 2.45
1619285241, 0, 0, 306, 306, 1, 0.14%, 0, 0, 2, 2.39
1619285272, 0, 0, 307, 307, 1, 0.14%, 0, 0, 2, 2.78
1619285321, 0, 0, 308, 308, 1, 0.14%, 0, 0, 2, 2.70
1619285331, 0, 0, 309, 309, 1, 0.14%, 0, 0, 2, 2.77
1619285347, 0, 0, 310, 310, 1, 0.14%, 0, 0, 2, 2.52
1619285395, 0, 0, 311, 311, 1, 0.14%, 0, 0, 2, 2.64
1619285426, 0, 0, 312, 312, 1, 0.14%, 0, 0, 2, 2.38
1619285463, 0, 0, 313, 313, 1, 0.14%, 0, 0, 2, 2.64
1619285490, 0, 0, 314, 314, 1, 0.14%, 0, 0, 2, 2.54
1619285501, 0, 0, 315, 315, 1, 0.14%, 0, 0, 2, 2.65
1619285528, 0, 0, 316, 316, 1, 0.14%, 0, 0, 2, 2.90
1619285555, 0, 0, 317, 317, 1, 0.14%, 0, 0, 2, 2.54
1619285565, 0, 0, 318, 318, 1, 0.14%, 0, 0, 2, 2.27
1619285570, 0, 0, 319, 319, 1, 0.14%, 0, 0, 2, 2.41
1619285581, 0, 0, 320, 320, 1, 0.14%, 0, 0, 2, 2.44
1619285649, 0, 0, 321, 321, 1, 0.14%, 0, 0, 2, 2.91
1619285665, 0, 0, 322, 322, 1, 0.14%, 0, 0, 2, 2.61
1619285670, 0, 0, 323, 323, 1, 0.14%, 0, 0, 2, 2.60
1619285675, 0, 0, 324, 324, 1, 0.14%, 0, 0, 2, 2.41
1619285686, 0, 0, 325, 325, 1, 0.14%, 0, 0, 2, 2.38
1619286837, 0, 0, 326, 326, 1, 0.14%, 0, 0, 2, 2.47
1619287149, 0, 0, 327, 327, 1, 0.14%, 0, 0, 2, 2.51
1619287241, 0, 0, 328, 328, 1, 0.14%, 0, 0, 2, 1.62
1619290622, 0, 0, 329, 329, 1, 0.14%, 0, 0, 2, 2.46
1619291434, 0, 0, 330, 330, 1, 0.14%, 0, 0, 2, 3.13
1619291439, 0, 0, 333, 333, 1, 0.14%, 0, 0, 2, 9.33
1619291444, 0, 0, 334, 334, 1, 0.14%, 0, 0, 2, 5.60
1619291449, 0, 0, 336, 336, 1, 0.14%, 0, 0, 2, 7.84
1619291454, 0, 0, 337, 337, 1, 0.14%, 0, 0, 2, 6.32
1619291460, 0, 0, 338, 338, 1, 0.14%, 0, 0, 2, 8.33
1619291465, 0, 0, 339, 339, 1, 0.14%, 0, 0, 2, 11.05
1619291470, 0, 0, 341, 341, 1, 0.14%, 0, 0, 2, 10.06
1619291475, 0, 0, 342, 342, 1, 0.14%, 0, 0, 2, 9.46
1619291480, 0, 0, 343, 343, 1, 0.14%, 0, 0, 2, 7.36
1619291485, 0, 0, 344, 344, 1, 0.14%, 0, 0, 2, 8.25
1619291490, 0, 0, 346, 346, 1, 0.14%, 0, 0, 2, 8.65
1619291495, 0, 0, 347, 347, 1, 0.14%, 0, 0, 2, 10.83
1619291500, 0, 0, 348, 348, 1, 0.14%, 0, 0, 2, 10.37
1619291506, 0, 0, 349, 349, 1, 0.14%, 0, 0, 2, 1.83
1619291511, 0, 0, 350, 350, 1, 0.14%, 0, 0, 2, 8.70
1619291516, 0, 0, 351, 351, 1, 0.14%, 0, 0, 2, 8.65
1619291521, 0, 0, 352, 352, 1, 0.14%, 0, 0, 2, 6.22
1619291528, 0, 0, 353, 353, 1, 0.14%, 0, 0, 2, 8.50
1619291533, 0, 0, 355, 355, 1, 0.14%, 0, 0, 2, 9.88
1619291538, 0, 0, 356, 356, 1, 0.14%, 0, 0, 2, 9.18
1619291543, 0, 0, 357, 357, 1, 0.14%, 0, 0, 2, 8.00
1619291548, 0, 0, 358, 358, 1, 0.14%, 0, 0, 2, 5.81
1619291569, 0, 0, 359, 359, 1, 0.14%, 0, 0, 2, 5.95
1619291580, 0, 0, 360, 360, 1, 0.14%, 0, 0, 2, 5.39
1619291585, 0, 0, 361, 361, 1, 0.14%, 0, 0, 2, 6.79
1619291610, 0, 0, 362, 362, 1, 0.14%, 0, 0, 2, 10.36
1619291621, 0, 0, 363, 363, 1, 0.14%, 0, 0, 2, 2.20
1619291636, 0, 0, 364, 364, 1, 0.14%, 0, 0, 2, 9.78
1619291667, 0, 0, 365, 365, 1, 0.14%, 0, 0, 2, 0.86
1619291672, 0, 0, 366, 366, 1, 0.14%, 0, 0, 2, 2.10
1619291683, 0, 0, 367, 367, 1, 0.14%, 0, 0, 2, 3.20
1619291694, 0, 0, 369, 369, 1, 0.14%, 0, 0, 2, 5.01
1619291715, 0, 0, 370, 370, 1, 0.14%, 0, 0, 2, 1.86
1619291731, 0, 0, 371, 371, 1, 0.14%, 0, 0, 2, 12.72
1619291736, 0, 0, 372, 372, 1, 0.14%, 0, 0, 2, 2.86
1619291768, 0, 0, 373, 373, 1, 0.14%, 0, 0, 2, 10.74
1619291779, 0, 0, 374, 374, 1, 0.14%, 0, 0, 2, 1.77
1619291789, 0, 0, 375, 375, 1, 0.14%, 0, 0, 2, 1.78
1619291794, 0, 0, 376, 376, 1, 0.14%, 0, 0, 2, 2.53
1619291810, 0, 0, 377, 377, 1, 0.14%, 0, 0, 2, 6.14
1619291821, 0, 0, 378, 378, 1, 0.14%, 0, 0, 2, 7.40
1619291836, 0, 0, 379, 379, 1, 0.14%, 0, 0, 2, 5.80
1619291841, 0, 0, 380, 380, 1, 0.14%, 0, 0, 2, 3.91
1619291863, 0, 0, 381, 381, 1, 0.14%, 0, 0, 2, 2.08
1619291878, 0, 0, 382, 382, 1, 0.14%, 0, 0, 2, 8.38
1619291888, 0, 0, 383, 383, 1, 0.14%, 0, 0, 2, 12.30
1619291899, 0, 0, 384, 384, 1, 0.14%, 0, 0, 2, 10.11
1619291909, 0, 0, 385, 385, 1, 0.14%, 0, 0, 2, 9.73
1619291935, 0, 0, 386, 386, 1, 0.14%, 0, 0, 2, 1.61
1619291952, 0, 0, 387, 387, 1, 0.14%, 0, 0, 2, 0.88
1619291974, 0, 0, 388, 388, 1, 0.14%, 0, 0, 2, 1.60
1619291985, 0, 0, 389, 389, 1, 0.14%, 0, 0, 2, 7.49
1619291995, 0, 0, 390, 390, 1, 0.14%, 0, 0, 2, 9.35
1619292005, 0, 0, 391, 391, 1, 0.14%, 0, 0, 2, 8.72
1619292016, 0, 0, 392, 392, 1, 0.14%, 0, 0, 2, 7.55
1619292048, 0, 0, 393, 393, 1, 0.14%, 0, 0, 2, 10.17
1619292080, 0, 0, 394, 394, 1, 0.14%, 0, 0, 2, 1.52
1619292122, 0, 0, 395, 395, 1, 0.14%, 0, 0, 2, 11.36
1619292137, 0, 0, 397, 397, 1, 0.14%, 0, 0, 2, 10.13
1619292147, 0, 0, 398, 398, 1, 0.14%, 0, 0, 2, 12.84
1619292157, 0, 0, 399, 399, 1, 0.14%, 0, 0, 2, 2.27
1619292183, 0, 0, 400, 400, 1, 0.14%, 0, 0, 2, 8.80
1619292198, 0, 0, 401, 401, 1, 0.14%, 0, 0, 2, 0.85
1619292204, 0, 0, 402, 402, 1, 0.14%, 0, 0, 2, 1.71
1619292251, 0, 0, 403, 403, 1, 0.14%, 0, 0, 2, 10.21
1619292271, 0, 0, 404, 404, 1, 0.14%, 0, 0, 2, 6.76
1619292287, 0, 0, 405, 405, 1, 0.14%, 0, 0, 2, 6.53
1619292339, 0, 0, 406, 406, 1, 0.14%, 0, 0, 2, 1.85
1619292344, 0, 0, 407, 407, 1, 0.14%, 0, 0, 2, 8.41
1619292400, 0, 0, 408, 408, 1, 0.14%, 0, 0, 2, 9.34
1619292405, 0, 0, 409, 409, 1, 0.14%, 0, 0, 2, 10.08
1619292410, 0, 0, 410, 410, 1, 0.14%, 0, 0, 2, 9.42
1619292421, 0, 0, 411, 411, 1, 0.14%, 0, 0, 2, 13.41
1619292431, 0, 0, 413, 413, 1, 0.14%, 0, 0, 2, 8.70
1619292436, 0, 0, 414, 414, 1, 0.14%, 0, 0, 2, 9.73
1619292442, 0, 0, 415, 415, 1, 0.14%, 0, 0, 2, 14.99
1619292473, 0, 0, 416, 416, 1, 0.14%, 0, 0, 2, 16.16
1619292488, 0, 0, 417, 417, 1, 0.14%, 0, 0, 2, 3.21
1619292576, 0, 0, 418, 418, 1, 0.14%, 0, 0, 2, 9.57
1619292586, 0, 0, 419, 419, 1, 0.14%, 0, 0, 2, 5.87
1619292597, 0, 0, 421, 421, 1, 0.14%, 0, 0, 2, 11.94
1619292617, 0, 0, 422, 422, 1, 0.14%, 0, 0, 2, 2.56
1619292623, 0, 0, 423, 423, 1, 0.14%, 0, 0, 2, 5.83
1619292737, 0, 0, 424, 424, 1, 0.14%, 0, 0, 2, 8.42
1619292754, 0, 0, 425, 425, 1, 0.14%, 0, 0, 2, 0.48
1619292786, 0, 0, 426, 426, 1, 0.14%, 0, 0, 2, 9.91
1619292813, 0, 0, 427, 427, 1, 0.14%, 0, 0, 2, 8.99
1619292874, 0, 0, 429, 429, 1, 0.14%, 0, 0, 2, 6.99
1619293065, 0, 0, 430, 430, 1, 0.14%, 0, 0, 2, 2.19
1619293100, 0, 0, 431, 431, 1, 0.14%, 0, 0, 2, 6.69
1619293142, 0, 0, 432, 432, 1, 0.14%, 0, 0, 2, 8.63
1619293148, 0, 0, 433, 433, 1, 0.14%, 0, 0, 2, 8.67
1619293169, 0, 0, 434, 434, 1, 0.14%, 0, 0, 2, 1.84
1619293189, 0, 0, 435, 435, 1, 0.14%, 0, 0, 2, 6.52
1619293242, 0, 0, 436, 436, 1, 0.14%, 0, 0, 2, 6.91
1619293290, 0, 0, 437, 437, 1, 0.14%, 0, 0, 2, 10.37
1619293368, 0, 0, 438, 438, 1, 0.14%, 0, 0, 2, 8.71
1619293447, 0, 0, 439, 439, 1, 0.14%, 0, 0, 2, 9.97
1619293506, 0, 0, 440, 440, 1, 0.14%, 0, 0, 2, 8.96
1619293549, 0, 0, 441, 441, 1, 0.14%, 0, 0, 2, 10.17
1619293618, 0, 0, 442, 442, 1, 0.14%, 0, 0, 2, 8.25
1619293629, 0, 0, 443, 443, 1, 0.14%, 0, 0, 2, 8.84
1619293775, 0, 21, 443, 442, 94, 0.14%, 0, 0, 2, 7.88
1619316477, 0, 22, 443, 441, 93, 0.14%, 0, 0, 2, 8.08
1619340374, 0, 23, 443, 440, 92, 0.14%, 0, 0, 2, 48.18
1619344549, 0, 26, 443, 439, 91, 0.14%, 0, 0, 2, 75.35
1619345679, 0, 26, 444, 440, 91, 0.14%, 0, 0, 3, 33.99
1619345848, 0, 26, 445, 441, 91, 0.14%, 0, 0, 3, 33.46
1619348567, 0, 26, 446, 442, 91, 0.14%, 0, 0, 3, 45.20
1619348587, 0, 26, 449, 445, 91, 0.14%, 0, 0, 3, 65.12
1619348643, 0, 26, 450, 446, 91, 0.14%, 0, 0, 3, 79.09
1619348648, 0, 26, 451, 447, 91, 0.14%, 0, 0, 3, 75.08
1619348653, 0, 26, 452, 448, 91, 0.14%, 0, 0, 3, 72.54
1619348669, 0, 26, 453, 449, 91, 0.14%, 0, 0, 3, 69.29
1619348689, 0, 26, 454, 450, 91, 0.14%, 0, 0, 3, 79.08
1619348699, 0, 26, 455, 451, 91, 0.14%, 0, 0, 3, 79.18
1619348719, 0, 26, 456, 452, 91, 0.14%, 0, 0, 3, 70.91
1619348724, 0, 26, 457, 453, 91, 0.14%, 0, 0, 3, 80.30
1619348730, 0, 26, 458, 454, 91, 0.14%, 0, 0, 3, 74.39
1619348735, 0, 26, 459, 455, 91, 0.14%, 0, 0, 3, 76.94
1619348740, 0, 27, 459, 454, 91, 0.14%, 0, 0, 3, 59.38
1619348811, 0, 27, 460, 455, 91, 0.14%, 0, 0, 3, 37.73
1619353195, 0, 28, 460, 454, 91, 0.14%, 0, 0, 3, 65.08
1619357542, 0, 31, 460, 453, 90, 0.14%, 0, 0, 3, 14.12
1619357563, 0, 31, 461, 454, 90, 0.14%, 0, 0, 3, 24.83
1619357619, 0, 31, 462, 455, 90, 0.14%, 0, 0, 3, 14.72
1619359332, 0, 31, 463, 456, 90, 0.14%, 0, 0, 3, 51.67
1619361285, 0, 31, 464, 457, 90, 0.14%, 0, 0, 3, 32.04
1619372721, 0, 31, 465, 458, 90, 0.14%, 0, 0, 3, 59.36
1619372732, 0, 31, 466, 459, 90, 0.14%, 0, 0, 3, 54.54
1619372747, 0, 31, 467, 460, 90, 0.14%, 0, 0, 3, 48.34
1619372788, 0, 31, 469, 462, 90, 0.14%, 0, 0, 3, 78.43
1619372814, 0, 31, 470, 463, 90, 0.14%, 0, 0, 3, 52.26
1619372824, 0, 31, 471, 464, 90, 0.14%, 0, 0, 3, 48.00
1619372829, 0, 31, 472, 465, 90, 0.14%, 0, 0, 3, 37.36
1619372844, 0, 31, 473, 466, 90, 0.14%, 0, 0, 3, 47.24
1619372859, 0, 31, 474, 467, 90, 0.14%, 0, 0, 3, 46.77
1619372905, 0, 31, 475, 468, 90, 0.14%, 0, 0, 3, 41.64
1619372911, 0, 31, 476, 469, 90, 0.14%, 0, 0, 3, 33.35
1619372921, 0, 31, 478, 471, 90, 0.14%, 0, 0, 3, 29.17
1619372926, 0, 31, 479, 472, 90, 0.14%, 0, 0, 3, 44.48
1619372982, 0, 31, 480, 473, 90, 0.14%, 0, 0, 3, 47.50
1619372992, 0, 59, 480, 472, 88, 0.14%, 0, 0, 3, 55.79
1619374474, 0, 66, 480, 471, 87, 0.14%, 0, 0, 3, 84.03
1619374551, 0, 66, 481, 472, 87, 0.14%, 0, 0, 3, 35.21
1619378517, 0, 67, 481, 471, 87, 0.14%, 0, 0, 3, 51.65
1619379102, 0, 67, 482, 472, 87, 0.14%, 0, 0, 3, 34.35
1619380200, 0, 67, 483, 473, 87, 0.14%, 0, 0, 3, 35.47
1619382954, 0, 67, 484, 474, 87, 0.14%, 0, 0, 3, 54.74
1619382979, 0, 73, 484, 473, 87, 0.14%, 0, 0, 3, 13.71
1619384725, 0, 73, 485, 474, 87, 0.14%, 0, 0, 3, 41.30
1619386137, 0, 73, 486, 475, 87, 0.14%, 0, 0, 3, 8.95
1619387366, 0, 73, 487, 476, 87, 0.14%, 0, 0, 3, 13.13
1619398187, 0, 73, 488, 477, 87, 0.14%, 0, 0, 3, 55.13
1619398192, 0, 73, 489, 478, 87, 0.14%, 0, 0, 3, 46.25
1619398203, 0, 73, 490, 479, 87, 0.14%, 0, 0, 3, 35.40
1619398208, 0, 73, 491, 480, 87, 0.14%, 0, 0, 3, 8.44
1619398213, 0, 73, 492, 481, 87, 0.14%, 0, 0, 3, 28.82
1619398223, 0, 73, 493, 482, 87, 0.14%, 0, 0, 3, 38.57
1619398249, 0, 73, 494, 483, 87, 0.14%, 0, 0, 3, 28.54
1619398285, 0, 73, 495, 484, 87, 0.14%, 0, 0, 3, 45.23
1619398295, 0, 73, 496, 485, 87, 0.14%, 0, 0, 3, 45.77
1619398305, 0, 73, 497, 486, 87, 0.14%, 0, 0, 3, 8.86
1619398326, 0, 73, 498, 487, 87, 0.14%, 0, 0, 3, 44.45
1619398352, 0, 73, 499, 488, 87, 0.14%, 0, 0, 3, 49.67
1619398357, 0, 73, 500, 489, 87, 0.14%, 0, 0, 3, 50.70
1619398372, 0, 73, 501, 490, 87, 0.14%, 0, 0, 3, 50.04
1619398388, 0, 73, 502, 491, 87, 0.14%, 0, 0, 3, 50.16
1619398393, 0, 73, 503, 492, 87, 0.14%, 0, 0, 3, 45.44
1619398398, 0, 73, 504, 493, 87, 0.14%, 0, 0, 3, 45.66
1619398408, 0, 73, 505, 494, 87, 0.14%, 0, 0, 3, 73.36
1619398454, 0, 86, 505, 493, 89, 0.14%, 0, 0, 3, 62.64
1619400590, 0, 103, 505, 492, 88, 0.14%, 0, 0, 3, 58.38
1619404647, 0, 104, 505, 491, 87, 0.14%, 0, 0, 3, 60.90
1619409161, 0, 106, 505, 490, 86, 0.14%, 0, 0, 3, 66.16
