# unix_time, cycles_done, cur_path, paths_total, pending_total, pending_favs, map_size, unique_crashes, unique_hangs, max_depth, execs_per_sec
1630397054, 0, 0, 1, 1, 1, 2.10%, 0, 0, 1, 186.92
1630397059, 0, 0, 53, 53, 1, 2.42%, 10, 0, 2, 212.44
1630397064, 0, 0, 65, 65, 1, 2.42%, 10, 0, 2, 165.80
1630397069, 0, 0, 79, 79, 1, 2.45%, 10, 0, 2, 148.79
1630397074, 0, 0, 92, 92, 1, 2.50%, 10, 0, 2, 160.29
1630397079, 0, 0, 95, 95, 1, 2.51%, 10, 0, 2, 147.12
1630397084, 0, 0, 96, 96, 1, 2.52%, 10, 0, 2, 146.27
1630397089, 0, 0, 101, 101, 1, 2.52%, 10, 0, 2, 159.37
1630397104, 0, 0, 102, 102, 1, 2.52%, 10, 0, 2, 147.99
1630397109, 0, 0, 105, 105, 1, 2.54%, 12, 0, 2, 209.25
1630397114, 0, 0, 110, 110, 1, 2.55%, 12, 0, 2, 188.49
1630397119, 0, 0, 115, 115, 1, 2.60%, 12, 0, 2, 166.55
1630397150, 0, 0, 116, 116, 1, 2.60%, 12, 0, 2, 149.93
1630397155, 0, 0, 117, 117, 1, 2.62%, 12, 0, 2, 145.25
1630397186, 0, 0, 120, 120, 1, 2.62%, 12, 0, 2, 145.38
1630397196, 0, 0, 122, 122, 1, 2.63%, 12, 0, 2, 150.62
1630397211, 0, 0, 124, 124, 1, 2.63%, 12, 0, 2, 155.16
1630397221, 0, 0, 126, 126, 1, 2.63%, 14, 0, 2, 167.05
1630397231, 0, 0, 127, 127, 1, 2.64%, 14, 0, 2, 194.93
1630397277, 0, 0, 128, 128, 1, 2.64%, 14, 0, 2, 198.21
1630397338, 0, 0, 128, 128, 1, 2.64%, 15, 0, 2, 270.18
1630397348, 0, 0, 128, 128, 1, 2.64%, 16, 0, 2, 249.30
1630397353, 0, 0, 137, 137, 1, 2.64%, 16, 0, 2, 204.62
1630397358, 0, 0, 149, 149, 1, 2.66%, 16, 0, 2, 174.05
1630397363, 0, 0, 151, 151, 1, 2.66%, 16, 0, 2, 170.39
1630397368, 0, 0, 154, 154, 1, 2.66%, 16, 0, 2, 170.05
1630397373, 0, 0, 157, 157, 1, 2.67%, 16, 0, 2, 176.15
1630397414, 0, 0, 158, 158, 1, 2.67%, 16, 0, 2, 133.66
1630397444, 0, 0, 159, 159, 1, 2.67%, 16, 0, 2, 136.23
1630397459, 0, 0, 160, 160, 1, 2.67%, 16, 0, 2, 140.87
1630397485, 0, 0, 161, 161, 1, 2.67%, 16, 0, 2, 138.88
1630397495, 0, 0, 164, 164, 1, 2.68%, 16, 0, 2, 164.36
1630397520, 0, 0, 165, 165, 1, 2.68%, 16, 0, 2, 139.05
1630397550, 0, 0, 166, 166, 1, 2.74%, 16, 0, 2, 177.07
1630397591, 0, 0, 168, 168, 1, 2.74%, 16, 0, 2, 147.06
1630397596, 0, 0, 171, 171, 1, 2.74%, 16, 0, 2, 139.58
1630397606, 0, 0, 173, 173, 1, 2.74%, 16, 0, 2, 148.63
1630397646, 0, 0, 174, 174, 1, 2.74%, 16, 0, 2, 165.22
1630397667, 0, 0, 176, 176, 1, 2.74%, 16, 0, 2, 170.47
1630397672, 0, 0, 178, 178, 1, 2.76%, 16, 0, 2, 285.83
1630397677, 0, 0, 178, 178, 1, 2.76%, 17, 0, 2, 389.14
1630397682, 0, 0, 197, 197, 1, 3.05%, 17, 0, 2, 223.13
1630397687, 0, 0, 211, 211, 1, 3.17%, 17, 0, 2, 180.59
1630397733, 0, 0, 214, 214, 1, 3.17%, 17, 0, 2, 196.00
1630397764, 0, 0, 215, 215, 1, 3.17%, 17, 0, 2, 169.46
1630397814, 0, 0, 223, 223, 1, 3.17%, 17, 0, 2, 154.09
1630397819, 0, 0, 239, 239, 1, 3.18%, 17, 0, 2, 152.92
1630398376, 0, 0, 240, 240, 1, 3.18%, 17, 0, 2, 134.00
1630398594, 0, 0, 241, 241, 1, 3.18%, 17, 0, 2, 156.06
1630398857, 0, 0, 242, 242, 1, 3.18%, 17, 0, 2, 141.56
1630398862, 0, 0, 245, 245, 1, 3.18%, 17, 0, 2, 138.30
1630399278, 0, 0, 246, 246, 1, 3.18%, 17, 0, 2, 171.03
1630399400, 0, 0, 259, 259, 1, 3.19%, 19, 0, 2, 198.86
1630399405, 0, 0, 266, 266, 1, 3.19%, 19, 0, 2, 234.22
1630399410, 0, 0, 268, 268, 1, 3.19%, 19, 0, 2, 239.76
1630399415, 0, 0, 270, 270, 1, 3.19%, 19, 0, 2, 240.61
1630399420, 0, 0, 274, 274, 1, 3.19%, 19, 0, 2, 235.89
1630399430, 0, 0, 276, 276, 1, 3.19%, 19, 0, 2, 235.25
1630399435, 0, 0, 278, 278, 1, 3.20%, 20, 0, 2, 232.99
1630399440, 0, 0, 280, 280, 1, 3.20%, 20, 0, 2, 235.69
1630399446, 0, 0, 281, 281, 1, 3.20%, 20, 0, 2, 245.24
1630399456, 0, 0, 284, 284, 1, 3.20%, 20, 0, 2, 238.58
1630399461, 0, 0, 285, 285, 1, 3.20%, 20, 0, 2, 240.14
1630399466, 0, 0, 286, 286, 1, 3.20%, 20, 0, 2, 245.86
1630399486, 0, 0, 289, 289, 1, 3.20%, 20, 0, 2, 239.54
1630399491, 0, 0, 290, 290, 1, 3.20%, 20, 0, 2, 230.47
1630399496, 0, 0, 291, 291, 1, 3.20%, 20, 0, 2, 232.41
1630399501, 0, 0, 292, 292, 1, 3.20%, 21, 0, 2, 231.40
1630399511, 0, 0, 293, 293, 1, 3.20%, 21, 0, 2, 237.58
1630399516, 0, 0, 294, 294, 1, 3.20%, 21, 0, 2, 231.66
1630399531, 0, 0, 295, 295, 1, 3.20%, 21, 0, 2, 240.16
1630399536, 0, 2, 295, 294, 66, 3.20%, 21, 0, 2, 226.01
1630399552, 0, 2, 296, 295, 66, 3.20%, 21, 0, 3, 146.05
1630399587, 0, 2, 297, 296, 66, 3.20%, 21, 0, 3, 188.64
1630399592, 0, 2, 298, 297, 66, 3.20%, 21, 0, 3, 196.94
1630399831, 0, 2, 299, 298, 66, 3.20%, 21, 0, 3, 192.52
1630399836, 0, 2, 301, 300, 66, 3.20%, 21, 0, 3, 173.44
1630399841, 0, 2, 302, 301, 66, 3.20%, 21, 0, 3, 168.66
1630399882, 0, 2, 303, 302, 66, 3.20%, 21, 0, 3, 143.06
1630399964, 0, 2, 304, 303, 66, 3.20%, 21, 0, 3, 156.50
1630399989, 0, 2, 305, 304, 66, 3.20%, 21, 0, 3, 145.54
1630400065, 0, 2, 306, 305, 66, 3.20%, 21, 0, 3, 145.23
1630400070, 0, 2, 307, 306, 66, 3.20%, 21, 0, 3, 145.34
1630400136, 0, 2, 308, 307, 66, 3.20%, 21, 0, 3, 166.66
1630400152, 0, 2, 310, 309, 66, 3.20%, 21, 0, 3, 231.85
1630400157, 0, 2, 311, 310, 66, 3.20%, 21, 0, 3, 184.41
1630400284, 0, 2, 312, 311, 66, 3.20%, 21, 0, 3, 160.36
1630401383, 0, 2, 313, 312, 66, 3.20%, 21, 0, 3, 157.48
1630401835, 0, 3, 314, 312, 69, 3.20%, 21, 0, 3, 181.82
1630402134, 0, 3, 315, 313, 69, 3.20%, 21, 0, 3, 181.51
1630402139, 0, 3, 316, 314, 69, 3.20%, 21, 0, 3, 171.56
1630402463, 0, 3, 317, 315, 69, 3.22%, 21, 0, 3, 211.49
1630402468, 0, 3, 319, 317, 69, 3.23%, 21, 0, 3, 196.07
1630404181, 0, 3, 320, 318, 69, 3.24%, 21, 0, 3, 201.46
1630404191, 0, 4, 321, 318, 71, 3.24%, 22, 0, 3, 166.53
1630404201, 0, 4, 322, 319, 71, 3.25%, 22, 0, 3, 141.66
1630404506, 0, 4, 323, 320, 71, 3.25%, 22, 0, 3, 176.96
1630404810, 0, 4, 324, 321, 71, 3.25%, 22, 0, 3, 247.31
1630404815, 0, 4, 325, 322, 71, 3.25%, 22, 0, 3, 189.03
1630406526, 0, 4, 327, 324, 71, 3.25%, 22, 0, 3, 212.29
1630406531, 0, 4, 328, 325, 71, 3.25%, 22, 0, 3, 231.94
1630406536, 0, 4, 328, 325, 71, 3.25%, 23, 0, 3, 235.94
1630406556, 0, 4, 330, 327, 71, 3.25%, 23, 0, 3, 232.37
1630406562, 0, 4, 332, 329, 71, 3.25%, 23, 0, 3, 232.93
1630406572, 0, 4, 333, 330, 71, 3.25%, 23, 0, 3, 235.45
1630406587, 0, 4, 334, 331, 71, 3.25%, 23, 0, 3, 235.16
1630406597, 0, 4, 335, 332, 71, 3.25%, 23, 0, 3, 236.16
1630406602, 0, 4, 336, 333, 71, 3.25%, 23, 0, 3, 239.35
1630406632, 0, 4, 337, 334, 71, 3.25%, 23, 0, 3, 241.30
1630406642, 0, 4, 338, 335, 71, 3.25%, 23, 0, 3, 236.97
1630406663, 0, 10, 338, 334, 74, 3.25%, 23, 0, 3, 199.00
1630407139, 0, 10, 338, 334, 74, 3.25%, 24, 0, 3, 246.85
1630408408, 0, 10, 339, 335, 74, 3.25%, 24, 0, 3, 244.40
1630408413, 0, 14, 339, 334, 73, 3.25%, 24, 0, 3, 242.59
1630408865, 0, 14, 339, 334, 73, 3.25%, 25, 0, 3, 242.14
1630410131, 0, 15, 339, 333, 72, 3.25%, 25, 0, 3, 228.16
1630410360, 0, 15, 339, 333, 72, 3.25%, 26, 0, 3, 236.51
1630411008, 0, 28, 340, 333, 71, 3.25%, 26, 0, 3, 215.73
1630411490, 0, 28, 340, 333, 71, 3.25%, 27, 0, 3, 215.32
1630411601, 0, 28, 342, 335, 71, 3.25%, 27, 0, 3, 166.58
1630412773, 0, 33, 342, 334, 70, 3.25%, 27, 0, 3, 202.69
1630413249, 0, 33, 342, 334, 70, 3.25%, 28, 0, 3, 247.08
1630413360, 0, 33, 343, 335, 70, 3.25%, 28, 0, 3, 167.10
1630414531, 0, 34, 343, 334, 69, 3.25%, 28, 0, 3, 225.45
1630415210, 0, 34, 348, 339, 69, 3.25%, 28, 0, 3, 156.89
1630415215, 0, 34, 349, 340, 69, 3.25%, 28, 0, 3, 156.36
1630415230, 0, 34, 350, 341, 69, 3.26%, 28, 0, 3, 151.29
1630415256, 0, 34, 351, 342, 69, 3.26%, 28, 0, 3, 155.47
1630415261, 0, 34, 352, 343, 69, 3.26%, 28, 0, 3, 152.59
1630415276, 0, 34, 353, 344, 69, 3.26%, 28, 0, 3, 171.87
1630416868, 0, 34, 354, 345, 69, 3.26%, 28, 0, 3, 205.69
1630416873, 0, 36, 354, 344, 68, 3.26%, 28, 0, 3, 218.38
1630419250, 0, 36, 355, 345, 68, 3.26%, 28, 0, 3, 221.29
1630419255, 0, 39, 355, 344, 67, 3.26%, 28, 0, 3, 207.16
1630419459, 0, 39, 355, 344, 67, 3.26%, 29, 0, 3, 255.46
1630420103, 0, 42, 355, 343, 66, 3.26%, 29, 0, 3, 219.96
1630420344, 0, 42, 356, 344, 66, 3.26%, 30, 0, 3, 224.54
1630421005, 0, 43, 356, 343, 65, 3.26%, 30, 0, 3, 238.95
1630421531, 0, 43, 357, 344, 65, 3.28%, 30, 0, 3, 159.51
1630421683, 0, 43, 358, 345, 65, 3.28%, 30, 0, 3, 201.66
1630423377, 0, 60, 358, 344, 65, 3.28%, 30, 0, 3, 211.71
1630423598, 0, 60, 359, 345, 65, 3.28%, 30, 0, 3, 188.81
1630423634, 0, 60, 360, 346, 65, 3.28%, 30, 0, 3, 263.41
1630423639, 0, 60, 360, 346, 65, 3.28%, 31, 0, 3, 225.23
1630424319, 0, 60, 361, 347, 65, 3.28%, 31, 0, 3, 265.79
1630424324, 0, 95, 361, 346, 63, 3.28%, 31, 0, 3, 209.24
1630424334, 0, 95, 362, 347, 63, 3.28%, 31, 0, 3, 146.34
1630424380, 0, 95, 363, 348, 63, 3.28%, 31, 0, 3, 183.55
1630424463, 0, 95, 364, 349, 63, 3.28%, 31, 0, 3, 146.31
1630424860, 0, 95, 365, 350, 63, 3.28%, 31, 0, 3, 153.21
1630424865, 0, 95, 367, 352, 63, 3.28%, 31, 0, 3, 140.10
1630426136, 0, 95, 369, 354, 63, 3.28%, 31, 0, 3, 146.24
1630426147, 0, 95, 371, 356, 63, 3.28%, 31, 0, 3, 128.08
1630426710, 0, 99, 371, 355, 65, 3.28%, 31, 0, 3, 213.37
1630426968, 0, 99, 371, 355, 65, 3.28%, 32, 0, 3, 238.76
1630427642, 0, 108, 371, 354, 64, 3.28%, 32, 0, 3, 243.67
1630427657, 0, 108, 372, 355, 64, 3.29%, 32, 0, 3, 177.76
1630427687, 0, 108, 373, 356, 64, 3.29%, 32, 0, 3, 189.99
1630428093, 0, 108, 373, 356, 64, 3.29%, 33, 0, 3, 207.66
1630428174, 0, 108, 374, 357, 64, 3.29%, 33, 0, 3, 167.66
1630429371, 0, 108, 375, 358, 64, 3.29%, 33, 0, 3, 242.96
1630429376, 0, 108, 376, 359, 64, 3.29%, 33, 0, 3, 250.33
1630429381, 0, 108, 377, 360, 64, 3.29%, 33, 0, 3, 257.20
1630429401, 0, 109, 377, 359, 64, 3.29%, 33, 0, 3, 208.71
1630429411, 0, 109, 378, 360, 64, 3.29%, 33, 0, 3, 189.65
1630429883, 0, 109, 378, 360, 64, 3.29%, 34, 0, 3, 240.59
1630431177, 0, 109, 379, 361, 64, 3.29%, 34, 0, 3, 227.11
1630431182, 0, 111, 379, 360, 64, 3.29%, 34, 0, 3, 228.32
1630431664, 0, 111, 379, 360, 64, 3.29%, 35, 0, 3, 207.88
1630432946, 0, 112, 379, 359, 63, 3.29%, 35, 0, 3, 222.66
1630432972, 0, 112, 380, 360, 63, 3.30%, 35, 0, 3, 177.38
1630433433, 0, 112, 380, 360, 63, 3.30%, 36, 0, 3, 233.83
1630434736, 0, 113, 380, 359, 62, 3.30%, 36, 0, 3, 220.90
1630434756, 0, 113, 381, 360, 62, 3.30%, 36, 0, 3, 171.27
1630434953, 0, 113, 382, 361, 62, 3.30%, 36, 0, 3, 168.15
1630435115, 0, 113, 383, 362, 62, 3.30%, 36, 0, 3, 172.81
1630435161, 0, 113, 383, 362, 62, 3.30%, 37, 0, 3, 230.29
1630436448, 0, 124, 383, 361, 63, 3.30%, 37, 0, 3, 220.29
1630437355, 0, 126, 383, 360, 62, 3.30%, 37, 0, 3, 244.25
1630437578, 0, 126, 385, 362, 62, 3.31%, 37, 0, 3, 230.00
1630437583, 0, 126, 385, 362, 62, 3.31%, 38, 0, 3, 241.80
1630438226, 0, 133, 385, 361, 63, 3.31%, 38, 0, 3, 217.34
1630438267, 0, 133, 386, 362, 63, 3.31%, 38, 0, 3, 189.13
1630438323, 0, 133, 387, 363, 63, 3.31%, 38, 0, 3, 174.92
1630438445, 0, 133, 388, 364, 63, 3.32%, 38, 0, 3, 233.83
1630438637, 0, 133, 389, 365, 63, 3.32%, 38, 0, 3, 175.15
1630438683, 0, 133, 389, 365, 63, 3.32%, 39, 0, 3, 232.06
1630439540, 0, 133, 390, 366, 63, 3.32%, 39, 0, 3, 175.25
1630439904, 0, 134, 390, 365, 65, 3.32%, 39, 0, 3, 229.57
1630439909, 0, 134, 391, 366, 65, 3.32%, 39, 0, 3, 211.54
1630440118, 0, 134, 391, 366, 65, 3.32%, 40, 0, 3, 235.43
1630440771, 0, 136, 391, 365, 65, 3.32%, 40, 0, 3, 226.74
1630441000, 0, 136, 391, 365, 65, 3.32%, 41, 0, 3, 260.07
1630441659, 0, 140, 391, 364, 64, 3.32%, 41, 0, 3, 237.41
1630442095, 0, 140, 391, 364, 64, 3.32%, 42, 0, 3, 209.65
1630442176, 0, 140, 392, 365, 64, 3.32%, 42, 0, 3, 170.59
1630442211, 0, 140, 393, 366, 64, 3.32%, 42, 0, 3, 168.97
1630443377, 0, 145, 393, 365, 63, 3.32%, 42, 0, 3, 178.37
1630445758, 0, 153, 393, 364, 62, 3.32%, 42, 0, 3, 184.56
1630446220, 0, 153, 393, 364, 62, 3.32%, 43, 0, 3, 220.30
1630447498, 0, 153, 394, 365, 62, 3.34%, 43, 0, 3, 216.92
1630447508, 0, 154, 394, 364, 61, 3.34%, 43, 0, 3, 209.25
1630447650, 0, 154, 395, 365, 61, 3.34%, 43, 0, 3, 191.54
1630447746, 0, 154, 395, 365, 61, 3.34%, 44, 0, 3, 263.89
1630448431, 0, 162, 396, 365, 61, 3.34%, 44, 0, 3, 175.04
1630449110, 0, 162, 397, 366, 61, 3.34%, 44, 0, 3, 205.80
1630450808, 0, 163, 397, 365, 60, 3.34%, 44, 0, 3, 201.73
1630451447, 0, 163, 398, 366, 60, 3.34%, 44, 0, 3, 184.94
1630451487, 0, 163, 399, 367, 60, 3.34%, 44, 0, 3, 202.02
1630451589, 0, 163, 400, 368, 60, 3.34%, 44, 0, 3, 167.45
1630452197, 0, 163, 401, 369, 60, 3.35%, 44, 0, 3, 158.44
1630452228, 0, 163, 402, 370, 60, 3.36%, 44, 0, 3, 157.71
1630453187, 0, 168, 403, 370, 61, 3.36%, 44, 0, 3, 163.11
1630453202, 0, 168, 404, 371, 61, 3.36%, 44, 0, 3, 152.86
1630453318, 0, 168, 406, 373, 61, 3.36%, 44, 0, 3, 141.44
1630453759, 0, 168, 407, 374, 61, 3.36%, 44, 0, 3, 141.10
1630453764, 0, 168, 408, 375, 61, 3.36%, 44, 0, 3, 141.15
1630453769, 0, 168, 409, 376, 61, 3.36%, 44, 0, 3, 150.38
1630453784, 0, 168, 411, 378, 61, 3.36%, 44, 0, 3, 223.71
1630453789, 0, 168, 412, 379, 61, 3.36%, 44, 0, 3, 178.77
1630454965, 0, 168, 413, 380, 61, 3.36%, 44, 0, 3, 135.51
1630455311, 0, 168, 414, 381, 61, 3.36%, 44, 0, 3, 134.35
1630455550, 0, 173, 414, 380, 63, 3.36%, 44, 0, 3, 161.97
1630456225, 0, 173, 415, 381, 63, 3.36%, 44, 0, 3, 201.20
1630457645, 0, 173, 416, 382, 63, 3.37%, 44, 0, 3, 150.40
1630457914, 0, 176, 416, 381, 64, 3.37%, 44, 0, 3, 179.11
1630458528, 0, 176, 417, 382, 64, 3.37%, 44, 0, 3, 220.67
1630460136, 0, 176, 418, 383, 64, 3.37%, 44, 0, 3, 167.94
1630460278, 0, 177, 418, 382, 64, 3.37%, 44, 0, 3, 196.36
1630460898, 0, 177, 419, 383, 64, 3.37%, 44, 0, 3, 148.04
1630462654, 0, 177, 420, 384, 64, 3.37%, 44, 0, 3, 218.33
1630462659, 0, 180, 420, 383, 63, 3.37%, 44, 0, 3, 196.75
1630462674, 0, 180, 421, 384, 63, 3.38%, 44, 0, 3, 161.48
1630462709, 0, 180, 422, 385, 63, 3.38%, 44, 0, 3, 204.17
1630463241, 0, 180, 424, 387, 63, 3.38%, 44, 0, 3, 210.62
1630463247, 0, 180, 428, 391, 63, 3.38%, 44, 0, 3, 185.38
1630463252, 0, 180, 431, 394, 63, 3.38%, 44, 0, 3, 176.03
1630463257, 0, 180, 432, 395, 63, 3.38%, 44, 0, 3, 172.19
1630464925, 0, 188, 432, 394, 62, 3.38%, 45, 0, 3, 187.23
1630464971, 0, 188, 433, 395, 62, 3.38%, 45, 0, 3, 198.19
1630465473, 0, 188, 434, 396, 62, 3.38%, 45, 0, 3, 183.60
1630465483, 0, 188, 435, 397, 62, 3.38%, 45, 0, 3, 180.68
1630465488, 0, 188, 436, 398, 62, 3.38%, 45, 0, 3, 181.16
1630465493, 0, 188, 437, 399, 62, 3.38%, 45, 0, 3, 183.44
1630465503, 0, 188, 438, 400, 62, 3.38%, 46, 0, 3, 180.69
1630466914, 0, 190, 438, 399, 63, 3.38%, 47, 0, 3, 199.09
1630467503, 0, 190, 438, 399, 63, 3.38%, 48, 0, 3, 185.60
1630468910, 0, 190, 439, 400, 63, 3.38%, 48, 0, 3, 226.28
1630468920, 0, 194, 439, 399, 62, 3.38%, 48, 0, 3, 166.80
1630468936, 0, 194, 440, 400, 62, 3.38%, 48, 0, 3, 154.51
1630469260, 0, 194, 441, 401, 62, 3.38%, 48, 0, 3, 169.24
1630469605, 0, 194, 442, 402, 62, 3.38%, 48, 0, 3, 216.99
1630469650, 0, 194, 443, 403, 62, 3.38%, 48, 0, 3, 171.28
1630469655, 0, 194, 444, 404, 62, 3.38%, 48, 0, 3, 170.89
1630469665, 0, 194, 446, 406, 62, 3.38%, 48, 0, 3, 171.55
1630469670, 0, 194, 447, 407, 62, 3.38%, 48, 0, 3, 176.41
1630470939, 0, 194, 448, 408, 62, 3.38%, 48, 0, 3, 120.45
1630471546, 0, 201, 449, 408, 62, 3.39%, 48, 0, 3, 193.27
1630471567, 0, 201, 450, 409, 62, 3.39%, 48, 0, 3, 152.26
1630472149, 0, 201, 451, 410, 62, 3.39%, 48, 0, 3, 231.77
1630472154, 0, 201, 456, 415, 62, 3.39%, 48, 0, 3, 182.28
1630472159, 0, 201, 457, 416, 62, 3.39%, 48, 0, 3, 173.04
1630472185, 0, 201, 458, 417, 62, 3.39%, 48, 0, 3, 173.76
1630473907, 0, 208, 458, 416, 63, 3.39%, 48, 0, 3, 172.01
1630474475, 0, 208, 458, 416, 63, 3.39%, 49, 0, 3, 188.86
1630476119, 0, 209, 458, 415, 62, 3.39%, 49, 0, 3, 184.97
1630478528, 0, 212, 458, 414, 61, 3.39%, 49, 0, 3, 195.96
1630478969, 0, 212, 459, 415, 61, 3.39%, 49, 0, 3, 176.21
1630479086, 0, 212, 459, 415, 61, 3.39%, 50, 0, 3, 233.69
1630480576, 0, 213, 459, 414, 60, 3.39%, 50, 0, 3, 218.06
1630480987, 0, 213, 460, 415, 60, 3.39%, 50, 0, 3, 177.47
1630481144, 0, 213, 460, 415, 60, 3.39%, 51, 0, 3, 208.49
1630481374, 0, 213, 461, 416, 60, 3.39%, 51, 0, 3, 178.77
1630482655, 0, 238, 461, 415, 59, 3.39%, 51, 0, 3, 172.54
