# unix_time, cycles_done, cur_path, paths_total, pending_total, pending_favs, map_size, unique_crashes, unique_hangs, max_depth, execs_per_sec
1619266011, 0, 0, 1, 1, 1, 0.08%, 0, 0, 1, 0.16
1619266027, 0, 0, 7, 7, 1, 0.10%, 0, 0, 2, 31.01
1619266032, 0, 0, 9, 9, 1, 0.10%, 0, 0, 2, 4.74
1619266042, 0, 0, 10, 10, 1, 0.10%, 0, 0, 2, 4.59
1619266052, 0, 0, 11, 11, 1, 0.10%, 0, 0, 2, 4.63
1619266057, 0, 0, 12, 12, 1, 0.10%, 0, 0, 2, 5.23
1619266063, 0, 0, 14, 14, 1, 0.10%, 0, 0, 2, 9.07
1619266068, 0, 0, 18, 18, 1, 0.10%, 0, 0, 2, 15.77
1619266073, 0, 0, 23, 23, 1, 0.11%, 0, 0, 2, 16.97
1619266078, 0, 0, 25, 25, 1, 0.11%, 0, 0, 2, 17.06
1619266083, 0, 0, 27, 27, 1, 0.11%, 0, 0, 2, 17.47
1619266088, 0, 0, 30, 30, 1, 0.11%, 0, 0, 2, 17.27
1619266093, 0, 0, 32, 32, 1, 0.11%, 0, 0, 2, 13.54
1619266098, 0, 0, 35, 35, 1, 0.11%, 0, 0, 2, 11.11
1619266109, 0, 0, 36, 36, 1, 0.11%, 0, 0, 2, 6.32
1619266125, 0, 0, 37, 37, 1, 0.11%, 0, 0, 2, 4.98
1619266135, 0, 0, 39, 39, 1, 0.11%, 0, 0, 2, 5.73
1619266140, 0, 0, 40, 40, 1, 0.11%, 0, 0, 2, 5.90
1619266186, 0, 0, 41, 41, 1, 0.11%, 0, 0, 2, 5.81
1619266197, 0, 0, 43, 43, 1, 0.11%, 0, 0, 2, 8.78
1619266202, 0, 0, 45, 45, 1, 0.11%, 0, 0, 2, 13.21
1619266207, 0, 0, 46, 46, 1, 0.11%, 0, 0, 2, 8.64
1619266212, 0, 0, 47, 47, 1, 0.11%, 0, 0, 2, 6.81
1619266222, 0, 0, 48, 48, 1, 0.11%, 0, 0, 2, 6.01
1619266227, 0, 0, 49, 49, 1, 0.11%, 0, 0, 2, 5.84
1619266248, 0, 0, 50, 50, 1, 0.11%, 0, 0, 2, 5.85
1619266253, 0, 0, 52, 52, 1, 0.11%, 0, 0, 2, 5.94
1619266258, 0, 0, 53, 53, 1, 0.11%, 0, 0, 2, 5.90
1619266268, 0, 0, 54, 54, 1, 0.11%, 0, 0, 2, 5.87
1619266274, 0, 0, 55, 55, 1, 0.11%, 0, 0, 2, 5.96
1619266279, 0, 0, 56, 56, 1, 0.11%, 0, 0, 2, 5.89
1619266294, 0, 0, 59, 59, 1, 0.11%, 0, 0, 2, 53.23
1619266305, 0, 0, 60, 60, 1, 0.11%, 0, 0, 2, 5.89
1619266310, 0, 0, 61, 61, 1, 0.11%, 0, 0, 2, 10.12
1619266326, 0, 0, 63, 63, 1, 0.11%, 0, 0, 2, 17.75
1619266414, 0, 0, 64, 64, 1, 0.11%, 0, 0, 2, 7.40
1619266486, 0, 0, 65, 65, 1, 0.11%, 0, 0, 2, 8.34
1619266507, 0, 0, 68, 68, 1, 0.11%, 0, 0, 2, 20.50
1619266512, 0, 0, 71, 71, 1, 0.11%, 0, 0, 2, 15.70
1619266595, 0, 0, 72, 72, 1, 0.11%, 0, 0, 2, 9.44
1619266611, 0, 0, 73, 73, 1, 0.11%, 0, 0, 2, 6.05
1619266652, 0, 0, 74, 74, 1, 0.11%, 0, 0, 2, 5.83
1619266662, 0, 0, 75, 75, 1, 0.11%, 0, 0, 2, 5.81
1619266667, 0, 0, 76, 76, 1, 0.11%, 0, 0, 2, 5.74
1619266678, 0, 0, 78, 78, 1, 0.11%, 0, 0, 2, 6.77
1619266704, 0, 0, 81, 81, 1, 0.11%, 0, 0, 2, 5.90
1619266729, 0, 0, 84, 84, 1, 0.11%, 0, 0, 2, 5.89
1619266755, 0, 0, 87, 87, 1, 0.11%, 0, 0, 2, 5.97
1619266760, 0, 0, 90, 90, 1, 0.11%, 0, 0, 2, 12.89
1619266781, 0, 0, 91, 91, 1, 0.11%, 0, 0, 2, 6.06
1619266796, 0, 0, 92, 92, 1, 0.11%, 0, 0, 2, 5.93
1619266837, 0, 0, 93, 93, 1, 0.11%, 0, 0, 2, 5.93
1619266878, 0, 0, 94, 94, 1, 0.11%, 0, 0, 2, 5.91
1619266893, 0, 0, 97, 97, 1, 0.11%, 0, 0, 2, 12.29
1619266909, 0, 0, 99, 99, 1, 0.11%, 0, 0, 2, 29.11
1619266914, 0, 0, 101, 101, 1, 0.11%, 0, 0, 2, 27.89
1619266919, 0, 0, 104, 104, 1, 0.11%, 0, 0, 2, 26.90
1619266924, 0, 0, 106, 106, 1, 0.11%, 0, 0, 2, 25.73
1619266929, 0, 0, 108, 108, 1, 0.11%, 0, 0, 2, 25.71
1619266934, 0, 0, 110, 110, 1, 0.11%, 0, 0, 2, 4.93
1619266939, 0, 0, 111, 111, 1, 0.11%, 0, 0, 2, 5.50
1619266996, 0, 0, 112, 112, 1, 0.11%, 0, 0, 2, 5.82
1619267006, 0, 0, 113, 113, 1, 0.11%, 0, 0, 2, 5.82
1619267011, 0, 0, 114, 114, 1, 0.11%, 0, 0, 2, 5.86
1619267100, 0, 0, 115, 115, 1, 0.11%, 0, 0, 2, 5.81
1619267192, 0, 0, 116, 116, 1, 0.11%, 0, 0, 2, 5.73
1619267498, 0, 0, 117, 117, 1, 0.11%, 0, 0, 2, 7.24
1619267528, 0, 0, 118, 118, 1, 0.11%, 0, 0, 2, 9.55
1619267560, 0, 0, 119, 119, 1, 0.11%, 0, 0, 2, 5.77
1619267570, 0, 0, 120, 120, 1, 0.11%, 0, 0, 2, 5.71
1619267647, 0, 0, 121, 121, 1, 0.11%, 0, 0, 2, 5.83
1619267673, 0, 0, 122, 122, 1, 0.11%, 0, 0, 2, 5.90
1619267684, 0, 0, 123, 123, 1, 0.11%, 0, 0, 2, 5.79
1619267838, 0, 0, 124, 124, 1, 0.11%, 0, 0, 2, 5.70
1619267947, 0, 0, 125, 125, 1, 0.11%, 0, 0, 2, 5.75
1619268055, 0, 0, 126, 126, 1, 0.11%, 0, 0, 2, 5.92
1619268065, 0, 0, 127, 127, 1, 0.11%, 0, 0, 2, 52.60
1619268133, 0, 0, 133, 133, 1, 0.11%, 0, 0, 2, 39.22
1619268138, 0, 0, 135, 135, 1, 0.11%, 0, 0, 2, 6.25
1619268148, 0, 0, 139, 139, 1, 0.11%, 0, 0, 2, 18.10
1619268247, 0, 0, 140, 140, 1, 0.11%, 0, 0, 2, 4.93
1619268485, 0, 0, 141, 141, 1, 0.11%, 0, 0, 2, 38.40
1619268511, 0, 0, 142, 142, 1, 0.11%, 0, 0, 2, 33.02
1619268793, 0, 0, 148, 148, 1, 0.11%, 0, 0, 2, 36.09
1619268798, 0, 0, 150, 150, 1, 0.11%, 0, 0, 2, 32.71
1619268803, 0, 0, 153, 153, 1, 0.11%, 0, 0, 2, 26.06
1619268808, 0, 0, 157, 157, 1, 0.11%, 0, 0, 2, 32.17
1619268813, 0, 0, 158, 158, 1, 0.11%, 0, 0, 2, 16.57
1619268818, 0, 0, 160, 160, 1, 0.11%, 0, 0, 2, 12.17
1619268824, 0, 0, 161, 161, 1, 0.11%, 0, 0, 2, 13.30
1619268829, 0, 0, 163, 163, 1, 0.11%, 0, 0, 2, 23.51
1619268839, 0, 0, 164, 164, 1, 0.11%, 0, 0, 2, 8.82
1619268844, 0, 0, 165, 165, 1, 0.11%, 0, 0, 2, 15.25
1619268849, 0, 0, 167, 167, 1, 0.11%, 0, 0, 2, 21.09
1619268855, 0, 0, 168, 168, 1, 0.11%, 0, 0, 2, 12.21
1619268860, 0, 0, 169, 169, 1, 0.11%, 0, 0, 2, 11.63
1619268865, 0, 0, 172, 172, 1, 0.11%, 0, 0, 2, 25.85
1619268890, 0, 0, 173, 173, 1, 0.11%, 0, 0, 2, 24.57
1619268901, 0, 0, 174, 174, 1, 0.11%, 0, 0, 2, 14.92
1619268946, 0, 0, 175, 175, 1, 0.11%, 0, 0, 2, 24.01
1619268957, 0, 0, 176, 176, 1, 0.11%, 0, 0, 2, 29.19
1619268972, 0, 0, 177, 177, 1, 0.11%, 0, 0, 2, 35.63
1619268977, 0, 0, 178, 178, 1, 0.11%, 0, 0, 2, 37.80
1619269033, 0, 0, 179, 179, 1, 0.11%, 0, 0, 2, 25.35
1619269038, 0, 0, 180, 180, 1, 0.11%, 0, 0, 2, 24.79
1619269044, 0, 0, 181, 181, 1, 0.11%, 0, 0, 2, 25.11
1619269074, 0, 0, 182, 182, 1, 0.11%, 0, 0, 2, 10.99
1619269084, 0, 0, 184, 184, 1, 0.11%, 0, 0, 2, 6.65
1619269090, 0, 0, 185, 185, 1, 0.12%, 0, 0, 2, 5.96
1619269095, 0, 0, 186, 186, 1, 0.12%, 0, 0, 2, 5.85
1619269100, 0, 0, 187, 187, 1, 0.12%, 0, 0, 2, 5.91
1619269110, 0, 0, 188, 188, 1, 0.12%, 0, 0, 2, 6.14
1619269219, 0, 0, 189, 189, 1, 0.12%, 0, 0, 2, 6.03
1619270106, 0, 0, 190, 190, 1, 0.12%, 0, 0, 2, 6.19
1619270466, 0, 0, 194, 194, 1, 0.12%, 0, 0, 2, 42.27
1619270472, 0, 0, 195, 195, 1, 0.12%, 0, 0, 2, 42.57
1619270477, 0, 0, 196, 196, 1, 0.12%, 0, 0, 2, 42.99
1619270502, 0, 0, 197, 197, 1, 0.12%, 0, 0, 2, 5.94
1619270518, 0, 0, 199, 199, 1, 0.12%, 0, 0, 2, 5.98
1619270523, 0, 0, 200, 200, 1, 0.12%, 0, 0, 2, 6.01
1619270555, 0, 0, 201, 201, 1, 0.12%, 0, 0, 2, 5.99
1619270560, 0, 0, 202, 202, 1, 0.12%, 0, 0, 2, 6.03
1619270565, 0, 0, 203, 203, 1, 0.12%, 0, 0, 2, 6.27
1619270596, 0, 0, 204, 204, 1, 0.12%, 0, 0, 2, 6.03
1619271011, 0, 0, 205, 205, 1, 0.12%, 0, 0, 2, 6.08
1619271016, 0, 0, 207, 207, 1, 0.12%, 0, 0, 2, 6.06
1619271636, 0, 0, 208, 208, 1, 0.12%, 0, 0, 2, 5.91
1619271641, 0, 0, 209, 209, 1, 0.12%, 0, 0, 2, 5.95
1619271646, 0, 0, 211, 211, 1, 0.12%, 0, 0, 2, 5.93
1619271651, 0, 0, 212, 212, 1, 0.12%, 0, 0, 2, 5.98
1619271656, 0, 0, 213, 213, 1, 0.12%, 0, 0, 2, 5.96
1619271667, 0, 0, 214, 214, 1, 0.12%, 0, 0, 2, 5.99
1619271688, 0, 0, 215, 215, 1, 0.12%, 0, 0, 2, 5.88
1619271703, 0, 0, 216, 216, 1, 0.12%, 0, 0, 2, 5.91
1619271745, 0, 0, 219, 219, 1, 0.12%, 0, 0, 2, 204.66
1619271750, 0, 0, 220, 220, 1, 0.12%, 0, 0, 2, 260.12
1619271755, 0, 0, 221, 221, 1, 0.12%, 0, 0, 2, 39.15
1619271770, 0, 0, 222, 222, 1, 0.12%, 0, 0, 2, 38.72
1619271775, 0, 0, 225, 225, 1, 0.12%, 0, 0, 2, 28.89
1619271780, 0, 0, 227, 227, 1, 0.12%, 0, 0, 2, 27.76
1619271785, 0, 0, 229, 229, 1, 0.12%, 0, 0, 2, 26.17
1619271790, 0, 0, 231, 231, 1, 0.12%, 0, 0, 2, 24.07
1619271796, 0, 0, 235, 235, 1, 0.12%, 0, 0, 2, 17.55
1619271801, 0, 0, 237, 237, 1, 0.12%, 0, 0, 2, 15.35
1619271806, 0, 0, 239, 239, 1, 0.12%, 0, 0, 2, 18.03
1619271817, 0, 0, 241, 241, 1, 0.12%, 0, 0, 2, 16.17
1619271822, 0, 0, 242, 242, 1, 0.12%, 0, 0, 2, 18.09
1619271827, 0, 0, 243, 243, 1, 0.12%, 0, 0, 2, 12.91
1619271832, 0, 0, 244, 244, 1, 0.12%, 0, 0, 2, 10.59
1619271837, 0, 0, 246, 246, 1, 0.12%, 0, 0, 2, 10.81
1619271863, 0, 0, 247, 247, 1, 0.12%, 0, 0, 2, 8.72
1619271883, 0, 0, 248, 248, 1, 0.12%, 0, 0, 2, 7.20
1619271920, 0, 0, 249, 249, 1, 0.12%, 0, 0, 2, 12.41
1619271930, 0, 0, 251, 251, 1, 0.12%, 0, 0, 2, 11.02
1619272018, 0, 0, 252, 252, 1, 0.12%, 0, 0, 2, 8.61
1619272023, 0, 0, 253, 253, 1, 0.12%, 0, 0, 2, 9.99
1619272028, 0, 0, 254, 254, 1, 0.12%, 0, 0, 2, 11.04
1619272121, 0, 0, 255, 255, 1, 0.12%, 0, 0, 2, 9.72
1619272225, 0, 0, 256, 256, 1, 0.12%, 0, 0, 2, 8.78
1619272729, 0, 0, 257, 257, 1, 0.12%, 0, 0, 2, 8.77
1619272951, 0, 0, 258, 258, 1, 0.12%, 0, 0, 2, 9.29
1619273250, 0, 0, 260, 260, 1, 0.12%, 0, 0, 2, 16.35
1619273265, 0, 0, 262, 262, 1, 0.12%, 0, 0, 2, 17.66
1619273286, 0, 0, 263, 263, 1, 0.12%, 0, 0, 2, 21.22
1619273291, 0, 0, 265, 265, 1, 0.12%, 0, 0, 2, 17.82
1619273327, 0, 0, 267, 267, 1, 0.12%, 0, 0, 2, 22.86
1619273342, 0, 0, 268, 268, 1, 0.12%, 0, 0, 2, 20.85
1619273358, 0, 0, 269, 269, 1, 0.12%, 0, 0, 2, 19.94
1619273368, 0, 0, 272, 272, 1, 0.14%, 0, 0, 2, 1.51
1619273409, 0, 0, 275, 275, 1, 0.14%, 0, 0, 2, 39.54
1619273414, 0, 0, 276, 276, 1, 0.14%, 0, 0, 2, 51.03
1619273500, 0, 0, 277, 277, 1, 0.14%, 0, 0, 2, 38.43
1619273541, 0, 0, 278, 278, 1, 0.14%, 0, 0, 2, 38.08
1619273561, 0, 0, 279, 279, 1, 0.14%, 0, 0, 2, 38.55
1619273606, 0, 0, 280, 280, 1, 0.14%, 0, 0, 2, 5.89
1619273637, 0, 0, 281, 281, 1, 0.14%, 0, 0, 2, 5.91
1619273658, 0, 0, 282, 282, 1, 0.14%, 0, 0, 2, 5.92
1619273668, 0, 0, 283, 283, 1, 0.14%, 0, 0, 2, 5.90
1619273689, 0, 0, 284, 284, 1, 0.14%, 0, 0, 2, 6.00
1619273699, 0, 0, 285, 285, 1, 0.14%, 0, 0, 2, 6.01
1619273730, 0, 0, 286, 286, 1, 0.14%, 0, 0, 2, 5.96
1619273740, 0, 0, 287, 287, 1, 0.14%, 0, 0, 2, 5.97
1619273745, 0, 0, 288, 288, 1, 0.14%, 0, 0, 2, 6.02
1619282746, 0, 0, 288, 288, 1, 0.14%, 1, 0, 2, 1.50
1619289204, 0, 0, 289, 289, 1, 0.14%, 1, 0, 2, 5.44
1619289318, 0, 0, 290, 290, 1, 0.14%, 1, 0, 2, 5.10
1619289994, 0, 0, 291, 291, 1, 0.14%, 1, 0, 2, 4.57
1619289999, 0, 0, 292, 292, 1, 0.14%, 1, 0, 2, 3.35
1619290423, 0, 0, 293, 293, 1, 0.14%, 1, 0, 2, 1.98
1619290465, 0, 0, 294, 294, 1, 0.14%, 1, 0, 2, 2.03
1619307501, 0, 0, 295, 295, 1, 0.14%, 1, 0, 2, 1.61
1619309691, 0, 0, 295, 295, 1, 0.14%, 2, 0, 2, 1.39
1619312366, 0, 0, 296, 296, 1, 0.14%, 2, 0, 2, 1.64
1619312409, 0, 0, 297, 297, 1, 0.14%, 2, 0, 2, 1.35
1619312485, 0, 0, 298, 298, 1, 0.14%, 2, 0, 2, 1.61
1619312501, 0, 0, 299, 299, 1, 0.14%, 2, 0, 2, 1.64
1619312529, 0, 0, 300, 300, 1, 0.14%, 2, 0, 2, 1.48
1619312615, 0, 0, 301, 301, 1, 0.14%, 2, 0, 2, 1.43
1619312664, 0, 0, 302, 302, 1, 0.14%, 2, 0, 2, 1.70
1619312697, 0, 0, 302, 302, 1, 0.14%, 3, 0, 2, 1.43
1619312728, 0, 0, 303, 303, 1, 0.14%, 3, 0, 2, 1.43
1619312771, 0, 0, 304, 304, 1, 0.14%, 3, 0, 2, 1.49
1619312787, 0, 0, 305, 305, 1, 0.14%, 3, 0, 2, 1.54
1619312846, 0, 0, 306, 306, 1, 0.14%, 3, 0, 2, 1.44
1619312885, 0, 0, 307, 307, 1, 0.14%, 3, 0, 2, 1.31
1619312906, 0, 0, 308, 308, 1, 0.14%, 3, 0, 2, 1.52
1619312917, 0, 0, 309, 309, 1, 0.14%, 3, 0, 2, 1.54
1619312936, 0, 0, 310, 310, 1, 0.14%, 3, 0, 2, 1.48
1619313044, 0, 0, 311, 311, 1, 0.14%, 3, 0, 2, 1.59
1619313071, 0, 0, 312, 312, 1, 0.14%, 3, 0, 2, 1.49
1619313086, 0, 0, 313, 313, 1, 0.14%, 3, 0, 2, 1.33
1619313098, 0, 0, 314, 314, 1, 0.14%, 3, 0, 2, 1.48
1619313108, 0, 0, 315, 315, 1, 0.14%, 3, 0, 2, 1.47
1619314865, 0, 0, 316, 316, 1, 0.14%, 3, 0, 2, 1.64
1619314926, 0, 0, 317, 317, 1, 0.14%, 3, 0, 2, 1.47
1619315341, 0, 0, 318, 318, 1, 0.14%, 3, 0, 2, 1.54
1619315460, 0, 0, 319, 319, 1, 0.14%, 3, 0, 2, 1.78
1619319688, 0, 0, 320, 320, 1, 0.14%, 3, 0, 2, 1.56
1619320237, 0, 0, 321, 321, 1, 0.14%, 3, 0, 2, 1.66
1619321490, 0, 0, 322, 322, 1, 0.14%, 3, 0, 2, 2.69
1619321501, 0, 0, 323, 323, 1, 0.14%, 3, 0, 2, 1.58
1619321511, 0, 0, 325, 325, 1, 0.14%, 3, 0, 2, 9.50
1619321516, 0, 0, 326, 326, 1, 0.14%, 3, 0, 2, 7.91
1619321521, 0, 0, 327, 327, 1, 0.14%, 3, 0, 2, 7.97
1619321526, 0, 0, 328, 328, 1, 0.14%, 3, 0, 2, 6.12
1619321537, 0, 0, 329, 329, 1, 0.14%, 3, 0, 2, 5.56
1619321547, 0, 0, 330, 330, 1, 0.14%, 3, 0, 2, 4.56
1619321558, 0, 0, 331, 331, 1, 0.14%, 3, 0, 2, 4.24
1619321568, 0, 0, 333, 333, 1, 0.14%, 3, 0, 2, 7.76
1619321584, 0, 0, 335, 335, 1, 0.14%, 3, 0, 2, 7.96
1619321589, 0, 0, 336, 336, 1, 0.14%, 3, 0, 2, 7.37
1619321594, 0, 0, 337, 337, 1, 0.14%, 3, 0, 2, 7.09
1619321600, 0, 0, 338, 338, 1, 0.14%, 3, 0, 2, 7.20
1619321605, 0, 0, 340, 340, 1, 0.14%, 3, 0, 2, 8.92
1619321610, 0, 0, 342, 342, 1, 0.14%, 3, 0, 2, 7.67
1619321631, 0, 0, 343, 343, 1, 0.14%, 3, 0, 2, 0.96
1619321641, 0, 0, 344, 344, 1, 0.14%, 3, 0, 2, 3.00
1619321651, 0, 0, 345, 345, 1, 0.14%, 3, 0, 2, 4.26
1619321662, 0, 0, 346, 346, 1, 0.14%, 3, 0, 2, 1.20
1619321677, 0, 0, 348, 348, 1, 0.14%, 3, 0, 2, 1.09
1619321693, 0, 0, 349, 349, 1, 0.14%, 3, 0, 2, 7.64
1619321698, 0, 0, 350, 350, 1, 0.14%, 3, 0, 2, 9.21
1619321739, 0, 0, 351, 351, 1, 0.14%, 3, 0, 2, 1.03
1619321749, 0, 0, 352, 352, 1, 0.14%, 3, 0, 2, 6.17
1619321775, 0, 0, 353, 353, 1, 0.14%, 3, 0, 2, 6.85
1619321780, 0, 0, 354, 354, 1, 0.14%, 3, 0, 2, 0.90
1619321790, 0, 0, 356, 356, 1, 0.14%, 3, 0, 2, 1.66
1619321801, 0, 0, 357, 357, 1, 0.14%, 3, 0, 2, 1.54
1619321812, 0, 0, 358, 358, 1, 0.14%, 3, 0, 2, 3.30
1619321849, 0, 0, 359, 359, 1, 0.14%, 3, 0, 2, 6.48
1619321871, 0, 0, 360, 360, 1, 0.14%, 3, 0, 2, 8.48
1619321888, 0, 0, 361, 361, 1, 0.14%, 3, 0, 2, 1.13
1619321910, 0, 0, 362, 362, 1, 0.14%, 3, 0, 2, 4.59
1619321936, 0, 0, 363, 363, 1, 0.14%, 3, 0, 2, 3.28
1619321942, 0, 0, 364, 364, 1, 0.14%, 3, 0, 2, 4.05
1619321963, 0, 0, 365, 365, 1, 0.14%, 3, 0, 2, 1.33
1619321974, 0, 0, 366, 366, 1, 0.14%, 3, 0, 2, 1.50
1619321979, 0, 0, 367, 367, 1, 0.14%, 3, 0, 2, 8.98
1619322005, 0, 0, 368, 368, 1, 0.14%, 3, 0, 2, 6.93
1619322016, 0, 0, 369, 369, 1, 0.14%, 3, 0, 2, 1.25
1619322042, 0, 0, 370, 370, 1, 0.14%, 3, 0, 2, 11.44
1619322053, 0, 0, 371, 371, 1, 0.14%, 3, 0, 2, 1.58
1619322069, 0, 0, 372, 372, 1, 0.14%, 3, 0, 2, 0.75
1619322143, 0, 0, 373, 373, 1, 0.14%, 3, 0, 2, 8.52
1619322185, 0, 0, 374, 374, 1, 0.14%, 3, 0, 2, 5.76
1619322206, 0, 0, 375, 375, 1, 0.14%, 3, 0, 2, 2.03
1619322221, 0, 0, 376, 376, 1, 0.14%, 3, 0, 2, 1.52
1619322271, 0, 0, 377, 377, 1, 0.14%, 3, 0, 2, 0.91
1619322301, 0, 0, 378, 378, 1, 0.14%, 3, 0, 2, 14.75
1619322333, 0, 0, 379, 379, 1, 0.14%, 3, 0, 2, 10.07
1619322338, 0, 0, 380, 380, 1, 0.14%, 3, 0, 2, 2.68
1619322365, 0, 0, 381, 381, 1, 0.14%, 3, 0, 2, 11.09
1619322398, 0, 0, 382, 382, 1, 0.14%, 3, 0, 2, 4.00
1619322419, 0, 0, 383, 383, 1, 0.14%, 3, 0, 2, 5.33
1619322435, 0, 0, 384, 384, 1, 0.14%, 3, 0, 2, 5.97
1619322472, 0, 0, 385, 385, 1, 0.14%, 3, 0, 2, 10.38
1619322517, 0, 0, 386, 386, 1, 0.14%, 3, 0, 2, 0.63
1619322522, 0, 0, 387, 387, 1, 0.14%, 3, 0, 2, 2.18
1619322533, 0, 0, 388, 388, 1, 0.14%, 3, 0, 2, 2.08
1619322564, 0, 0, 389, 389, 1, 0.14%, 3, 0, 2, 1.18
1619322642, 0, 0, 391, 391, 1, 0.14%, 3, 0, 2, 7.19
1619322679, 0, 0, 392, 392, 1, 0.14%, 3, 0, 2, 2.31
1619322739, 0, 0, 393, 393, 1, 0.14%, 3, 0, 2, 6.65
1619322781, 0, 0, 394, 394, 1, 0.14%, 3, 0, 2, 6.49
1619322857, 0, 0, 395, 395, 1, 0.14%, 3, 0, 2, 0.72
1619322868, 0, 0, 396, 396, 1, 0.14%, 3, 0, 2, 5.51
1619322988, 0, 0, 397, 397, 1, 0.14%, 3, 0, 2, 6.38
1619323009, 0, 0, 398, 398, 1, 0.14%, 3, 0, 2, 2.00
1619323037, 0, 0, 399, 399, 1, 0.14%, 3, 0, 2, 1.01
1619323086, 0, 0, 400, 400, 1, 0.14%, 3, 0, 2, 13.48
1619323161, 0, 0, 401, 401, 1, 0.14%, 3, 0, 2, 8.75
1619323205, 0, 0, 402, 402, 1, 0.14%, 3, 0, 2, 1.04
1619323237, 0, 0, 403, 403, 1, 0.14%, 3, 0, 2, 11.83
1619323286, 0, 0, 404, 404, 1, 0.14%, 3, 0, 2, 0.93
1619323297, 0, 0, 405, 405, 1, 0.14%, 3, 0, 2, 3.46
1619323596, 0, 0, 406, 406, 1, 0.14%, 3, 0, 2, 6.65
1619323637, 0, 0, 407, 407, 1, 0.14%, 3, 0, 2, 4.72
1619323643, 0, 0, 408, 408, 1, 0.14%, 3, 0, 2, 6.22
1619323695, 0, 0, 409, 409, 1, 0.14%, 3, 0, 2, 0.51
1619323780, 0, 0, 410, 410, 1, 0.14%, 3, 0, 2, 1.87
1619323820, 0, 0, 411, 411, 1, 0.14%, 3, 0, 2, 0.81
1619323965, 0, 0, 412, 412, 1, 0.14%, 3, 0, 2, 4.20
1619324140, 0, 0, 413, 413, 1, 0.14%, 3, 0, 2, 4.37
1619324174, 0, 0, 414, 414, 1, 0.14%, 3, 0, 2, 5.93
1619324205, 0, 0, 415, 415, 1, 0.14%, 3, 0, 2, 8.30
1619324254, 0, 0, 416, 416, 1, 0.14%, 3, 0, 2, 1.17
1619324306, 0, 0, 417, 417, 1, 0.14%, 3, 0, 2, 2.16
1619324322, 0, 0, 418, 418, 1, 0.14%, 3, 0, 2, 8.29
1619324354, 0, 0, 419, 419, 1, 0.14%, 3, 0, 2, 5.96
1619324382, 0, 0, 420, 420, 1, 0.14%, 3, 0, 2, 11.02
1619324392, 0, 0, 421, 421, 1, 0.14%, 3, 0, 2, 6.65
1619324403, 0, 0, 422, 422, 1, 0.14%, 3, 0, 2, 0.94
1619324540, 0, 0, 423, 423, 1, 0.14%, 3, 0, 2, 17.64
1619324603, 0, 0, 424, 424, 1, 0.14%, 3, 0, 2, 7.57
1619324689, 0, 0, 425, 425, 1, 0.14%, 3, 0, 2, 7.05
1619324699, 0, 0, 426, 426, 1, 0.14%, 3, 0, 2, 8.35
1619324853, 0, 0, 427, 427, 1, 0.14%, 3, 0, 2, 3.72
1619324863, 0, 20, 427, 426, 90, 0.14%, 3, 0, 2, 5.34
1619342308, 0, 20, 429, 428, 90, 0.14%, 3, 0, 3, 83.96
1619342319, 0, 20, 430, 429, 90, 0.14%, 3, 0, 3, 82.76
1619342329, 0, 20, 431, 430, 90, 0.14%, 3, 0, 3, 82.16
1619342359, 0, 20, 432, 431, 90, 0.14%, 3, 0, 3, 83.54
1619342364, 0, 20, 433, 432, 90, 0.14%, 3, 0, 3, 83.18
1619342375, 0, 20, 435, 434, 90, 0.14%, 3, 0, 3, 79.53
1619342380, 0, 20, 436, 435, 90, 0.14%, 3, 0, 3, 85.38
1619342431, 0, 20, 437, 436, 90, 0.14%, 3, 0, 3, 82.47
1619342436, 0, 20, 438, 437, 90, 0.14%, 3, 0, 3, 84.02
1619342441, 0, 20, 439, 438, 90, 0.14%, 3, 0, 3, 84.26
1619342466, 0, 20, 441, 440, 90, 0.14%, 3, 0, 3, 81.25
1619342492, 0, 21, 441, 439, 86, 0.14%, 3, 0, 3, 55.07
1619346350, 0, 21, 442, 440, 86, 0.14%, 3, 0, 3, 83.01
1619346360, 0, 22, 442, 439, 85, 0.14%, 3, 0, 3, 85.88
1619350073, 0, 25, 442, 438, 84, 0.14%, 3, 0, 3, 66.99
1619350083, 0, 25, 443, 439, 84, 0.14%, 3, 0, 3, 43.90
1619350357, 0, 25, 444, 440, 84, 0.14%, 3, 0, 3, 66.16
1619350392, 0, 25, 446, 442, 84, 0.14%, 3, 0, 3, 124.91
1619350556, 0, 25, 447, 443, 84, 0.14%, 3, 0, 3, 77.41
1619351085, 0, 25, 448, 444, 84, 0.14%, 3, 0, 3, 49.40
1619351141, 0, 25, 449, 445, 84, 0.14%, 3, 0, 3, 44.60
1619353746, 0, 25, 450, 446, 84, 0.14%, 3, 0, 3, 48.09
1619353761, 0, 25, 451, 447, 84, 0.14%, 3, 0, 3, 46.33
1619353792, 0, 26, 451, 446, 88, 0.14%, 3, 0, 3, 69.04
1619353858, 0, 26, 452, 447, 88, 0.14%, 3, 0, 3, 40.27
1619357515, 0, 28, 452, 446, 88, 0.14%, 3, 0, 3, 61.38
1619361237, 0, 28, 454, 448, 88, 0.14%, 3, 0, 3, 81.48
1619361258, 0, 28, 455, 449, 88, 0.14%, 3, 0, 3, 80.87
1619361273, 0, 28, 456, 450, 88, 0.14%, 3, 0, 3, 78.36
1619361278, 0, 28, 457, 451, 88, 0.14%, 3, 0, 3, 83.33
1619361319, 0, 28, 458, 452, 88, 0.14%, 3, 0, 3, 82.14
1619361421, 0, 30, 458, 451, 88, 0.14%, 3, 0, 3, 12.00
1619361447, 0, 30, 459, 452, 88, 0.14%, 3, 0, 3, 11.42
1619361529, 0, 30, 460, 453, 88, 0.14%, 3, 0, 3, 31.02
1619363964, 0, 30, 461, 454, 88, 0.14%, 3, 0, 3, 70.97
1619363970, 0, 30, 462, 455, 88, 0.14%, 3, 0, 3, 5.51
1619363980, 0, 30, 463, 456, 88, 0.14%, 3, 0, 3, 6.62
1619365929, 0, 30, 464, 457, 88, 0.14%, 3, 0, 3, 5.98
1619366065, 0, 30, 465, 458, 88, 0.14%, 3, 0, 3, 6.18
1619366662, 0, 30, 466, 459, 88, 0.14%, 3, 0, 3, 37.84
1619383695, 0, 58, 466, 458, 90, 0.14%, 3, 0, 3, 93.65
1619384978, 0, 65, 466, 457, 89, 0.14%, 3, 0, 3, 104.05
1619385044, 0, 65, 467, 458, 89, 0.14%, 3, 0, 3, 41.00
1619388683, 0, 66, 467, 457, 89, 0.14%, 3, 0, 3, 72.48
1619389958, 0, 66, 468, 458, 89, 0.14%, 3, 0, 3, 38.58
1619389998, 0, 66, 469, 459, 89, 0.14%, 3, 0, 3, 38.44
1619392479, 0, 68, 469, 458, 89, 0.14%, 3, 0, 3, 82.46
1619395963, 0, 68, 471, 460, 89, 0.14%, 3, 0, 3, 81.55
1619396005, 0, 68, 472, 461, 89, 0.14%, 3, 0, 3, 93.09
1619396010, 0, 68, 473, 462, 89, 0.14%, 3, 0, 3, 87.33
1619396015, 0, 68, 474, 463, 89, 0.14%, 3, 0, 3, 88.36
1619396036, 0, 68, 476, 465, 89, 0.14%, 3, 0, 3, 87.89
1619396041, 0, 68, 477, 466, 89, 0.14%, 3, 0, 3, 85.88
1619396046, 0, 68, 478, 467, 89, 0.14%, 3, 0, 3, 89.28
1619396082, 0, 68, 479, 468, 89, 0.14%, 3, 0, 3, 88.33
1619396087, 0, 72, 479, 467, 88, 0.14%, 3, 0, 3, 9.53
1619402503, 0, 72, 480, 468, 88, 0.14%, 3, 0, 3, 10.44
