# unix_time, cycles_done, cur_path, paths_total, pending_total, pending_favs, map_size, unique_crashes, unique_hangs, max_depth, execs_per_sec
1629446908, 0, 0, 1, 1, 1, 1.27%, 0, 0, 1, 69.69
1629446913, 0, 0, 29, 29, 1, 1.66%, 0, 0, 2, 116.78
1629446918, 0, 0, 31, 31, 1, 1.66%, 0, 0, 2, 82.85
1629446923, 0, 0, 39, 39, 1, 1.67%, 0, 0, 2, 76.57
1629446928, 0, 0, 43, 43, 1, 1.68%, 0, 0, 2, 80.42
1629446933, 0, 0, 45, 45, 1, 1.68%, 0, 0, 2, 80.01
1629446938, 0, 0, 46, 46, 1, 1.68%, 0, 0, 2, 79.66
1629446948, 0, 0, 53, 53, 1, 1.69%, 0, 0, 2, 101.95
1629446958, 0, 0, 55, 55, 1, 1.69%, 0, 0, 2, 73.66
1629446963, 0, 0, 57, 57, 1, 1.70%, 0, 0, 2, 68.86
1629446968, 0, 0, 58, 58, 1, 1.70%, 0, 0, 2, 75.71
1629446973, 0, 0, 66, 66, 1, 1.70%, 0, 0, 2, 66.89
1629446983, 0, 0, 69, 69, 1, 1.70%, 0, 0, 2, 94.05
1629446988, 0, 0, 79, 79, 1, 1.71%, 0, 0, 2, 132.69
1629446994, 0, 0, 81, 81, 1, 1.72%, 0, 0, 2, 81.49
1629447004, 0, 0, 82, 82, 1, 1.72%, 0, 0, 2, 68.97
1629447039, 0, 0, 83, 83, 1, 1.72%, 0, 0, 2, 120.74
1629447044, 0, 0, 86, 86, 1, 1.72%, 0, 0, 2, 82.45
1629447054, 0, 0, 87, 87, 1, 1.72%, 0, 0, 2, 69.44
1629447070, 0, 0, 88, 88, 1, 1.72%, 0, 0, 2, 70.43
1629447085, 0, 0, 89, 89, 1, 1.72%, 0, 0, 2, 68.75
1629447110, 0, 0, 100, 100, 1, 1.72%, 0, 0, 2, 93.68
1629447151, 0, 0, 101, 101, 1, 1.72%, 0, 0, 2, 352.07
1629447187, 0, 0, 112, 112, 1, 1.76%, 0, 0, 2, 419.11
1629447192, 0, 0, 121, 121, 1, 1.77%, 0, 0, 2, 127.90
1629447197, 0, 0, 123, 123, 1, 1.78%, 0, 0, 2, 188.11
1629447202, 0, 0, 126, 126, 1, 1.79%, 0, 0, 2, 262.21
1629447212, 0, 0, 128, 128, 1, 1.79%, 0, 0, 2, 232.35
1629447218, 0, 0, 133, 133, 1, 1.84%, 0, 0, 2, 115.47
1629447223, 0, 0, 134, 134, 1, 1.84%, 0, 0, 2, 80.24
1629447248, 0, 0, 135, 135, 1, 1.86%, 0, 0, 2, 73.09
1629447360, 0, 0, 136, 136, 1, 1.86%, 0, 0, 2, 192.47
1629447365, 0, 0, 137, 137, 1, 1.86%, 0, 0, 2, 108.72
1629447405, 0, 0, 139, 139, 1, 1.90%, 0, 0, 2, 69.74
1629447421, 0, 0, 140, 140, 1, 1.90%, 0, 0, 2, 72.12
1629447461, 0, 0, 141, 141, 1, 1.90%, 0, 0, 2, 72.39
1629447476, 0, 0, 142, 142, 1, 1.91%, 0, 0, 2, 75.24
1629447517, 0, 0, 148, 148, 1, 2.04%, 0, 0, 2, 221.92
1629447522, 0, 0, 149, 149, 1, 2.04%, 0, 0, 2, 121.88
1629447527, 0, 0, 151, 151, 1, 2.06%, 0, 0, 2, 102.68
1629447532, 0, 0, 153, 153, 1, 2.06%, 0, 0, 2, 84.32
1629447538, 0, 0, 154, 154, 1, 2.06%, 0, 0, 2, 90.03
1629447624, 0, 0, 155, 155, 1, 2.08%, 0, 0, 2, 84.72
1629447669, 0, 0, 158, 158, 1, 2.18%, 0, 0, 2, 164.82
1629447690, 0, 0, 160, 160, 1, 2.18%, 0, 0, 2, 219.97
1629447695, 0, 0, 161, 161, 1, 2.18%, 0, 0, 2, 219.61
1629447710, 0, 0, 162, 162, 1, 2.19%, 0, 0, 2, 95.02
1629447715, 0, 0, 163, 163, 1, 2.19%, 0, 0, 2, 76.85
1629447720, 0, 0, 164, 164, 1, 2.19%, 0, 0, 2, 71.50
1629447908, 0, 0, 165, 165, 1, 2.19%, 0, 0, 2, 67.91
1629448411, 0, 0, 166, 166, 1, 2.19%, 0, 0, 2, 158.88
1629448441, 0, 0, 167, 167, 1, 2.19%, 0, 0, 2, 70.48
1629448995, 0, 0, 168, 168, 1, 2.19%, 0, 0, 2, 67.79
1629449056, 0, 0, 169, 169, 1, 2.19%, 0, 0, 2, 68.77
1629449061, 0, 0, 171, 171, 1, 2.19%, 0, 0, 2, 68.96
1629449233, 0, 0, 172, 172, 1, 2.19%, 0, 0, 2, 110.81
1629449238, 0, 0, 173, 173, 1, 2.20%, 0, 0, 2, 82.20
1629449244, 0, 0, 174, 174, 1, 2.20%, 0, 0, 2, 79.09
1629449249, 0, 0, 184, 184, 1, 2.20%, 0, 0, 2, 145.78
1629449254, 0, 0, 201, 201, 1, 2.22%, 0, 0, 2, 198.93
1629449259, 0, 0, 208, 208, 1, 2.22%, 0, 0, 2, 235.69
1629449264, 0, 0, 217, 217, 1, 2.22%, 0, 0, 2, 236.45
1629449269, 0, 0, 226, 226, 1, 2.22%, 0, 0, 2, 244.33
1629449274, 0, 0, 230, 230, 1, 2.22%, 0, 0, 2, 231.45
1629449279, 0, 0, 235, 235, 1, 2.23%, 0, 0, 2, 211.08
1629449284, 0, 0, 241, 241, 1, 2.23%, 0, 0, 2, 228.47
1629449289, 0, 0, 245, 245, 1, 2.23%, 0, 0, 2, 239.16
1629449294, 0, 0, 246, 246, 1, 2.23%, 0, 0, 2, 248.59
1629449299, 0, 0, 249, 249, 1, 2.23%, 0, 0, 2, 242.37
1629449304, 0, 0, 250, 250, 1, 2.23%, 0, 0, 2, 234.53
1629449310, 0, 0, 254, 254, 1, 2.23%, 0, 0, 2, 235.78
1629449315, 0, 0, 255, 255, 1, 2.23%, 0, 0, 2, 246.22
1629449320, 0, 5, 256, 255, 70, 2.24%, 0, 0, 2, 238.32
1629449392, 0, 5, 257, 256, 70, 2.25%, 0, 0, 3, 271.53
1629449448, 0, 5, 258, 257, 70, 2.25%, 0, 0, 3, 208.88
1629449536, 0, 5, 259, 258, 70, 2.25%, 0, 0, 3, 201.96
1629449562, 0, 5, 260, 259, 70, 2.25%, 0, 0, 3, 212.88
1629450086, 0, 5, 261, 260, 70, 2.25%, 0, 0, 3, 193.38
1629450143, 0, 5, 263, 262, 70, 2.25%, 0, 0, 3, 294.89
1629450148, 0, 7, 263, 261, 69, 2.25%, 0, 0, 3, 226.78
1629450344, 0, 7, 264, 262, 69, 2.25%, 0, 0, 3, 199.24
1629450390, 0, 7, 265, 263, 69, 2.25%, 0, 0, 3, 212.79
1629450400, 0, 7, 267, 265, 69, 2.25%, 0, 0, 3, 176.79
1629450977, 0, 9, 267, 264, 70, 2.25%, 0, 0, 3, 210.27
1629451134, 0, 9, 268, 265, 70, 2.25%, 0, 0, 3, 271.60
1629451256, 0, 9, 269, 266, 70, 2.26%, 0, 0, 3, 118.24
1629451297, 0, 9, 270, 267, 70, 2.26%, 0, 0, 3, 272.55
1629451403, 0, 9, 271, 268, 70, 2.26%, 0, 0, 3, 169.77
1629452195, 0, 9, 272, 269, 70, 2.26%, 0, 0, 3, 222.15
1629452200, 0, 9, 273, 270, 70, 2.26%, 0, 0, 3, 280.98
1629452205, 0, 9, 276, 273, 70, 2.26%, 0, 0, 3, 292.30
1629452210, 0, 9, 277, 274, 70, 2.26%, 0, 0, 3, 300.51
1629452220, 0, 9, 278, 275, 70, 2.26%, 0, 0, 3, 299.13
1629452230, 0, 9, 280, 277, 70, 2.26%, 0, 0, 3, 311.61
1629452235, 0, 11, 280, 276, 73, 2.26%, 0, 0, 3, 329.81
1629452342, 0, 11, 281, 277, 73, 2.26%, 0, 0, 3, 389.39
1629452347, 0, 15, 281, 276, 72, 2.26%, 0, 0, 3, 295.53
1629453011, 0, 16, 281, 275, 71, 2.26%, 0, 0, 3, 236.03
1629453670, 0, 17, 281, 274, 70, 2.26%, 0, 0, 3, 262.96
1629454334, 0, 17, 282, 275, 70, 2.26%, 0, 0, 3, 278.48
1629454339, 0, 18, 282, 274, 69, 2.26%, 0, 0, 3, 248.72
1629454355, 0, 18, 283, 275, 69, 2.26%, 0, 0, 3, 200.29
1629455105, 0, 18, 284, 276, 69, 2.26%, 0, 0, 3, 191.86
1629455166, 0, 19, 284, 275, 68, 2.26%, 0, 0, 3, 245.34
1629455836, 0, 20, 284, 274, 67, 2.26%, 0, 0, 3, 236.92
1629456500, 0, 21, 284, 273, 66, 2.26%, 0, 0, 3, 266.24
1629457170, 0, 22, 285, 273, 65, 2.26%, 0, 0, 3, 271.87
1629458000, 0, 23, 285, 272, 64, 2.26%, 0, 0, 3, 197.57
1629458238, 0, 23, 286, 273, 64, 2.29%, 0, 0, 3, 268.80
1629458371, 0, 23, 287, 274, 64, 2.30%, 0, 0, 3, 191.96
1629458456, 0, 23, 288, 275, 64, 2.32%, 0, 0, 3, 75.81
1629458482, 0, 23, 289, 276, 64, 2.32%, 0, 0, 3, 190.17
1629458771, 0, 23, 290, 277, 64, 2.32%, 0, 0, 3, 67.30
1629459944, 0, 25, 290, 276, 67, 2.32%, 0, 0, 3, 177.97
1629460614, 0, 48, 290, 275, 66, 2.32%, 0, 0, 3, 305.72
1629461282, 0, 58, 290, 274, 65, 2.32%, 0, 0, 3, 318.75
1629461383, 0, 58, 291, 275, 65, 2.32%, 0, 0, 3, 344.00
1629461743, 0, 63, 291, 274, 64, 2.32%, 0, 0, 3, 171.04
1629463670, 0, 71, 291, 273, 63, 2.32%, 0, 0, 3, 201.52
1629464334, 0, 73, 291, 272, 62, 2.32%, 0, 0, 3, 246.61
1629465004, 0, 77, 291, 271, 61, 2.32%, 0, 0, 3, 134.81
1629465247, 0, 77, 292, 272, 61, 2.33%, 0, 0, 3, 200.27
1629465420, 0, 77, 293, 273, 61, 2.33%, 0, 0, 3, 68.21
1629465440, 0, 77, 294, 274, 61, 2.33%, 0, 0, 3, 71.29
1629465673, 0, 77, 295, 275, 61, 2.34%, 0, 0, 3, 167.00
1629465678, 0, 77, 300, 280, 61, 2.42%, 0, 0, 3, 89.01
1629465683, 0, 77, 301, 281, 61, 2.42%, 0, 0, 3, 71.80
1629466946, 0, 78, 301, 280, 69, 2.42%, 0, 0, 3, 117.97
1629467073, 0, 78, 302, 281, 69, 2.42%, 0, 0, 3, 68.10
1629467620, 0, 78, 303, 282, 69, 2.42%, 0, 0, 3, 75.11
1629468881, 0, 79, 303, 281, 70, 2.42%, 0, 0, 3, 161.95
1629469358, 0, 79, 304, 282, 70, 2.42%, 0, 0, 3, 310.55
1629470811, 0, 83, 304, 281, 69, 2.42%, 0, 0, 3, 164.22
1629471647, 0, 85, 304, 280, 68, 2.42%, 0, 0, 3, 134.80
1629471866, 0, 85, 305, 281, 68, 2.42%, 0, 0, 3, 241.61
1629473584, 0, 85, 306, 282, 68, 2.42%, 0, 0, 3, 189.86
1629473589, 0, 101, 306, 281, 67, 2.42%, 0, 0, 3, 203.31
1629474431, 0, 102, 306, 280, 66, 2.42%, 0, 0, 3, 264.29
1629474543, 0, 102, 307, 281, 66, 2.43%, 0, 0, 3, 302.36
1629474681, 0, 102, 308, 282, 66, 2.43%, 0, 0, 3, 220.25
1629474686, 0, 102, 309, 283, 66, 2.43%, 0, 0, 3, 200.63
1629475281, 0, 106, 309, 282, 66, 2.43%, 0, 0, 3, 225.00
1629475399, 0, 106, 310, 283, 66, 2.44%, 0, 0, 3, 263.70
1629476184, 0, 108, 312, 284, 66, 2.44%, 0, 0, 3, 218.60
1629476534, 0, 108, 313, 285, 66, 2.45%, 0, 0, 3, 176.73
1629477137, 0, 110, 313, 284, 68, 2.45%, 0, 0, 3, 279.71
1629477399, 0, 112, 313, 283, 66, 2.45%, 0, 0, 3, 286.98
1629477664, 0, 112, 314, 284, 66, 2.45%, 0, 0, 3, 146.59
1629478257, 0, 112, 315, 285, 66, 2.45%, 0, 0, 3, 301.38
1629478262, 0, 113, 315, 284, 66, 2.45%, 0, 0, 3, 217.26
1629478506, 0, 113, 316, 285, 66, 2.45%, 0, 0, 3, 119.44
1629479118, 0, 124, 316, 284, 66, 2.45%, 0, 0, 3, 225.44
1629479251, 0, 124, 317, 285, 66, 2.45%, 0, 0, 3, 253.37
1629479449, 0, 124, 318, 286, 66, 2.46%, 0, 0, 3, 174.13
1629480098, 0, 127, 318, 285, 67, 2.46%, 0, 0, 3, 228.05
1629480108, 0, 127, 319, 286, 67, 2.46%, 0, 0, 3, 221.16
1629480123, 0, 127, 320, 287, 67, 2.46%, 0, 0, 3, 217.64
1629480199, 0, 127, 321, 288, 67, 2.46%, 0, 0, 3, 222.93
1629480797, 0, 128, 322, 288, 66, 2.47%, 0, 0, 3, 186.84
1629480813, 0, 128, 323, 289, 66, 2.47%, 0, 0, 3, 172.77
1629481056, 0, 128, 324, 290, 66, 2.47%, 0, 0, 3, 215.06
1629481360, 0, 128, 325, 291, 66, 2.47%, 0, 0, 3, 190.90
1629481756, 0, 129, 326, 291, 65, 2.47%, 0, 0, 3, 284.12
1629482046, 0, 129, 327, 292, 65, 2.47%, 0, 0, 3, 75.11
1629482249, 0, 129, 328, 293, 65, 2.47%, 0, 0, 3, 86.65
1629483045, 0, 129, 329, 294, 65, 2.47%, 0, 0, 3, 127.36
1629483703, 0, 130, 329, 293, 66, 2.47%, 0, 0, 3, 140.25
1629484444, 0, 130, 330, 294, 66, 2.47%, 0, 0, 3, 206.84
1629484692, 0, 137, 330, 293, 65, 2.47%, 0, 0, 3, 130.99
1629484703, 0, 137, 333, 296, 65, 2.48%, 0, 0, 3, 73.28
1629484718, 0, 137, 334, 297, 65, 2.48%, 0, 0, 3, 72.65
1629484829, 0, 137, 336, 299, 65, 2.48%, 0, 0, 3, 68.98
1629484911, 0, 137, 337, 300, 65, 2.48%, 0, 0, 3, 238.85
1629485134, 0, 137, 339, 302, 65, 2.48%, 0, 0, 3, 72.74
1629485362, 0, 137, 340, 303, 65, 2.48%, 0, 0, 3, 92.12
1629486288, 0, 137, 341, 304, 65, 2.49%, 0, 0, 3, 67.84
1629486293, 0, 137, 342, 305, 65, 2.49%, 0, 0, 3, 67.72
1629486298, 0, 137, 344, 307, 65, 2.49%, 0, 0, 3, 68.29
1629486303, 0, 137, 347, 310, 65, 2.49%, 0, 0, 3, 68.51
1629486369, 0, 137, 348, 311, 65, 2.49%, 0, 0, 3, 67.40
1629486633, 0, 141, 348, 310, 68, 2.49%, 0, 0, 3, 135.94
1629488458, 0, 141, 348, 310, 68, 2.49%, 1, 0, 3, 67.74
1629488463, 0, 141, 349, 311, 68, 2.49%, 1, 0, 3, 69.96
1629488468, 0, 141, 349, 311, 68, 2.49%, 4, 0, 3, 75.45
1629488488, 0, 141, 349, 311, 68, 2.49%, 5, 0, 3, 76.92
1629488508, 0, 141, 349, 311, 68, 2.49%, 6, 0, 3, 77.36
1629488518, 0, 141, 349, 311, 68, 2.49%, 7, 0, 3, 153.52
1629488570, 0, 146, 349, 310, 68, 2.49%, 7, 0, 3, 169.13
1629489782, 0, 148, 349, 309, 67, 2.49%, 7, 0, 3, 228.75
1629490634, 0, 156, 350, 309, 66, 2.49%, 7, 0, 3, 216.03
1629491583, 0, 157, 352, 310, 65, 2.49%, 7, 0, 3, 153.71
1629491593, 0, 157, 353, 311, 65, 2.49%, 7, 0, 3, 133.44
1629491736, 0, 157, 354, 312, 65, 2.49%, 7, 0, 3, 277.29
1629491890, 0, 157, 355, 313, 65, 2.49%, 8, 0, 3, 174.35
1629491895, 0, 157, 365, 323, 65, 2.71%, 11, 0, 3, 150.28
1629492752, 0, 159, 365, 322, 73, 2.71%, 11, 0, 3, 214.02
1629492768, 0, 159, 366, 323, 73, 2.71%, 11, 0, 3, 214.15
1629492849, 0, 159, 367, 324, 73, 2.71%, 11, 0, 3, 227.95
1629493048, 0, 159, 368, 325, 73, 2.71%, 11, 0, 3, 217.03
1629493554, 0, 170, 368, 324, 73, 2.71%, 11, 0, 3, 133.43
1629494142, 0, 170, 369, 325, 73, 2.71%, 11, 0, 3, 215.18
1629494340, 0, 170, 370, 326, 73, 2.72%, 11, 0, 3, 77.88
1629495854, 0, 170, 371, 327, 73, 2.72%, 11, 0, 3, 145.12
1629495859, 0, 170, 372, 328, 73, 2.72%, 11, 0, 3, 230.01
1629495864, 0, 172, 372, 327, 74, 2.72%, 11, 0, 3, 227.41
1629495890, 0, 172, 373, 328, 74, 2.72%, 11, 0, 3, 214.41
1629496333, 0, 172, 376, 331, 74, 2.72%, 11, 0, 3, 204.45
1629496343, 0, 172, 377, 332, 74, 2.72%, 11, 0, 3, 302.06
1629496348, 0, 196, 377, 331, 73, 2.72%, 11, 0, 3, 345.95
1629496575, 0, 203, 378, 331, 73, 2.72%, 11, 0, 3, 248.36
1629496580, 0, 203, 379, 332, 73, 2.72%, 11, 0, 3, 210.46
1629496585, 0, 203, 381, 334, 73, 2.72%, 11, 0, 3, 201.18
1629496703, 0, 203, 382, 335, 73, 2.74%, 11, 0, 3, 156.28
1629497331, 0, 203, 383, 336, 73, 2.74%, 11, 0, 3, 193.88
1629497337, 0, 203, 385, 338, 73, 2.74%, 11, 0, 3, 197.40
1629497434, 0, 203, 386, 339, 73, 2.74%, 11, 0, 3, 254.64
1629497439, 0, 215, 386, 338, 73, 2.74%, 11, 0, 3, 420.13
1629497460, 0, 220, 386, 337, 74, 2.74%, 11, 0, 3, 356.97
1629497949, 0, 242, 389, 339, 73, 2.74%, 11, 0, 3, 236.30
1629498221, 0, 242, 390, 340, 73, 2.74%, 11, 0, 3, 210.76
1629498226, 0, 242, 391, 341, 73, 2.74%, 11, 0, 3, 213.97
1629498724, 0, 245, 391, 340, 73, 2.74%, 11, 0, 3, 277.11
1629498744, 0, 245, 392, 341, 73, 2.74%, 11, 0, 3, 341.58
1629499145, 0, 249, 393, 341, 72, 2.74%, 11, 0, 3, 342.26
1629499373, 0, 249, 396, 344, 72, 2.74%, 11, 0, 3, 396.20
1629499378, 0, 254, 396, 343, 73, 2.74%, 11, 0, 3, 364.16
1629499545, 0, 254, 397, 344, 73, 2.74%, 11, 0, 3, 331.49
1629499580, 0, 254, 398, 345, 73, 2.74%, 11, 0, 3, 367.62
1629500025, 0, 255, 399, 345, 71, 2.74%, 11, 0, 3, 293.23
1629500308, 0, 256, 399, 344, 70, 2.74%, 11, 0, 3, 264.41
1629500511, 0, 256, 400, 345, 70, 2.74%, 11, 0, 4, 216.77
1629500992, 0, 256, 401, 346, 70, 2.74%, 11, 0, 4, 284.81
1629501013, 0, 258, 401, 345, 69, 2.74%, 11, 0, 4, 245.57
1629501018, 0, 258, 402, 346, 69, 2.74%, 11, 0, 4, 207.85
1629501140, 0, 258, 403, 347, 69, 2.74%, 11, 0, 4, 207.66
1629501252, 0, 258, 404, 348, 69, 2.74%, 11, 0, 4, 213.38
1629501835, 0, 261, 404, 347, 69, 2.74%, 11, 0, 4, 264.82
1629501855, 0, 261, 405, 348, 69, 2.74%, 11, 0, 4, 201.95
1629502080, 0, 261, 406, 349, 69, 2.74%, 11, 0, 4, 209.10
1629502670, 0, 261, 407, 350, 69, 2.74%, 11, 0, 4, 217.70
1629502675, 0, 263, 407, 349, 68, 2.74%, 11, 0, 4, 222.88
1629503513, 0, 265, 407, 348, 67, 2.74%, 11, 0, 4, 153.36
1629503995, 0, 265, 408, 349, 67, 2.74%, 11, 0, 4, 109.76
1629505383, 0, 267, 408, 348, 66, 2.74%, 11, 0, 4, 159.93
1629505419, 0, 267, 410, 350, 66, 2.75%, 11, 0, 4, 138.52
1629505424, 0, 267, 412, 352, 66, 2.75%, 11, 0, 4, 175.97
1629505542, 0, 267, 413, 353, 66, 2.75%, 11, 0, 4, 272.43
1629505782, 0, 267, 415, 355, 66, 2.75%, 11, 0, 4, 129.73
1629505787, 0, 267, 418, 358, 66, 2.75%, 11, 0, 4, 118.89
1629506639, 0, 268, 418, 357, 67, 2.75%, 11, 0, 4, 216.77
1629507881, 0, 269, 418, 356, 66, 2.75%, 11, 0, 4, 176.96
1629508003, 0, 269, 419, 357, 66, 2.75%, 11, 0, 4, 255.81
1629508165, 0, 269, 420, 358, 66, 2.75%, 11, 0, 4, 166.05
1629508236, 0, 269, 422, 360, 66, 2.78%, 11, 0, 4, 155.66
1629508844, 0, 269, 423, 361, 66, 2.78%, 11, 0, 4, 195.62
1629508859, 0, 274, 423, 360, 68, 2.78%, 11, 0, 4, 183.89
1629508864, 0, 274, 424, 361, 68, 2.78%, 11, 0, 4, 127.77
1629508869, 0, 274, 425, 362, 68, 2.78%, 11, 0, 4, 114.68
1629509260, 0, 274, 426, 363, 68, 2.78%, 11, 0, 4, 118.14
1629510462, 0, 274, 428, 365, 68, 2.78%, 11, 0, 4, 142.82
1629510487, 0, 274, 431, 368, 68, 2.78%, 11, 0, 4, 245.90
1629510492, 0, 274, 432, 369, 68, 2.78%, 11, 0, 4, 280.62
1629510498, 0, 274, 435, 372, 68, 2.78%, 11, 0, 4, 283.41
1629510503, 0, 274, 436, 373, 68, 2.78%, 11, 0, 4, 283.13
1629510508, 0, 274, 437, 374, 68, 2.78%, 11, 0, 4, 286.28
1629510518, 0, 276, 437, 373, 66, 2.78%, 11, 0, 4, 328.74
1629510629, 0, 277, 437, 372, 65, 2.78%, 11, 0, 4, 290.02
1629510645, 0, 277, 439, 374, 65, 2.78%, 11, 0, 4, 204.96
1629510680, 0, 277, 440, 375, 65, 2.78%, 11, 0, 4, 193.51
1629510705, 0, 277, 441, 376, 65, 2.78%, 11, 0, 4, 198.57
1629510781, 0, 277, 442, 377, 65, 2.78%, 11, 0, 4, 263.68
1629511749, 0, 277, 443, 378, 65, 2.78%, 11, 0, 4, 267.11
1629511754, 0, 278, 444, 378, 66, 2.78%, 11, 0, 4, 314.23
1629512058, 0, 278, 446, 380, 66, 2.78%, 11, 0, 4, 360.63
1629512064, 0, 285, 446, 379, 65, 2.78%, 11, 0, 4, 242.59
1629513661, 0, 286, 446, 378, 64, 2.78%, 11, 0, 4, 195.83
1629514305, 0, 287, 446, 377, 63, 2.78%, 11, 0, 4, 244.37
1629514316, 0, 287, 447, 378, 63, 2.78%, 11, 0, 4, 181.96
1629514560, 0, 287, 449, 380, 63, 2.78%, 11, 0, 4, 177.89
1629515122, 0, 287, 450, 381, 63, 2.78%, 11, 0, 4, 173.57
1629515163, 0, 287, 451, 382, 63, 2.78%, 11, 0, 4, 199.12
1629515193, 0, 291, 452, 382, 64, 2.78%, 11, 0, 4, 228.87
1629517161, 0, 291, 453, 383, 64, 2.78%, 11, 0, 4, 170.32
1629517166, 0, 294, 453, 382, 63, 2.78%, 11, 0, 4, 153.32
1629517415, 0, 294, 454, 383, 63, 2.80%, 11, 0, 4, 179.82
1629517911, 0, 294, 455, 384, 63, 2.80%, 11, 0, 4, 68.01
1629519144, 0, 294, 457, 386, 63, 2.81%, 11, 0, 4, 119.53
1629519149, 0, 294, 458, 387, 63, 2.81%, 11, 0, 4, 232.72
1629519159, 0, 295, 459, 387, 65, 2.81%, 11, 0, 4, 208.03
1629519195, 0, 295, 460, 388, 65, 2.81%, 11, 0, 4, 190.63
1629519616, 0, 295, 462, 390, 65, 2.81%, 11, 0, 4, 207.25
1629519992, 0, 296, 462, 389, 64, 2.81%, 11, 0, 4, 174.39
1629519997, 0, 296, 469, 396, 64, 2.82%, 11, 0, 4, 94.96
1629520073, 0, 296, 477, 404, 64, 2.85%, 11, 0, 4, 67.99
1629520155, 0, 296, 480, 407, 64, 2.85%, 11, 0, 4, 102.61
1629520231, 0, 296, 481, 408, 64, 2.85%, 11, 0, 4, 289.58
1629520272, 0, 296, 489, 416, 64, 2.85%, 11, 0, 4, 70.66
1629520277, 0, 296, 491, 418, 64, 2.85%, 11, 0, 4, 69.60
1629520292, 0, 296, 494, 421, 64, 2.86%, 11, 0, 4, 74.03
1629520297, 0, 296, 498, 425, 64, 2.86%, 11, 0, 4, 77.73
1629520302, 0, 296, 500, 427, 64, 2.86%, 11, 0, 4, 73.17
1629520307, 0, 296, 503, 430, 64, 2.87%, 11, 0, 4, 73.48
1629520312, 0, 296, 504, 431, 64, 2.87%, 11, 0, 4, 76.68
1629520317, 0, 296, 506, 433, 64, 2.87%, 11, 0, 4, 78.28
1629520782, 0, 296, 507, 434, 64, 2.87%, 11, 0, 4, 67.78
1629520863, 0, 296, 508, 435, 64, 2.87%, 11, 0, 4, 66.79
1629520868, 0, 296, 509, 436, 64, 2.88%, 11, 0, 4, 67.92
1629520873, 0, 296, 510, 437, 64, 2.88%, 11, 0, 4, 67.61
1629520924, 0, 296, 511, 438, 64, 2.88%, 11, 0, 4, 67.49
1629520934, 0, 296, 513, 440, 64, 2.88%, 11, 0, 4, 67.71
1629521968, 0, 296, 515, 442, 64, 2.88%, 11, 0, 4, 182.62
1629521978, 0, 297, 515, 441, 77, 2.88%, 11, 0, 4, 148.92
1629523980, 0, 297, 517, 443, 77, 2.88%, 11, 0, 4, 180.81
1629523990, 0, 298, 517, 442, 77, 2.88%, 11, 0, 4, 133.57
1629525983, 0, 300, 518, 442, 76, 2.88%, 11, 0, 4, 180.91
1629525988, 0, 300, 520, 444, 76, 2.88%, 11, 0, 4, 99.75
1629526711, 0, 300, 521, 445, 76, 2.88%, 11, 0, 4, 166.44
1629527075, 0, 300, 522, 446, 76, 2.88%, 11, 0, 4, 66.60
1629528282, 0, 301, 522, 445, 76, 2.88%, 11, 0, 4, 120.15
1629528419, 0, 301, 523, 446, 76, 2.88%, 11, 0, 4, 68.10
1629530252, 0, 302, 523, 445, 75, 2.88%, 11, 0, 4, 181.89
1629531317, 0, 302, 524, 446, 75, 2.88%, 11, 0, 4, 248.07
1629531322, 0, 306, 524, 445, 74, 2.88%, 11, 0, 4, 235.66
1629531519, 0, 306, 525, 446, 74, 2.88%, 11, 0, 4, 195.99
1629532157, 0, 306, 526, 447, 74, 2.88%, 11, 0, 4, 264.18
1629532162, 0, 310, 526, 446, 74, 2.88%, 11, 0, 4, 237.52
1629533129, 0, 311, 526, 445, 73, 2.88%, 11, 0, 4, 219.73
1629534095, 0, 312, 526, 444, 72, 2.88%, 11, 0, 4, 211.41
1629534222, 0, 312, 526, 444, 72, 2.88%, 12, 0, 4, 218.07
1629534227, 0, 312, 527, 445, 72, 2.88%, 13, 0, 4, 222.09
1629534389, 0, 312, 528, 446, 72, 2.89%, 13, 0, 4, 142.05
1629535113, 0, 313, 528, 445, 73, 2.89%, 13, 0, 4, 121.31
1629535179, 0, 313, 529, 446, 73, 2.89%, 13, 0, 4, 83.25
1629535189, 0, 313, 530, 447, 73, 2.89%, 13, 0, 4, 121.67
1629535342, 0, 313, 531, 448, 73, 2.89%, 13, 0, 4, 141.58
1629535347, 0, 313, 532, 449, 73, 2.89%, 13, 0, 4, 104.52
1629535357, 0, 313, 533, 450, 73, 2.89%, 13, 0, 4, 94.71
1629535792, 0, 313, 534, 451, 73, 2.89%, 13, 0, 4, 153.23
1629536768, 0, 313, 535, 452, 73, 2.89%, 13, 0, 4, 67.49
1629537032, 0, 313, 536, 453, 73, 2.89%, 13, 0, 4, 81.68
1629537067, 0, 314, 536, 452, 74, 2.89%, 13, 0, 4, 172.34
1629537370, 0, 314, 537, 453, 74, 2.89%, 13, 0, 4, 253.29
1629538128, 0, 315, 537, 452, 73, 2.89%, 13, 0, 4, 206.94
1629538967, 0, 316, 537, 451, 72, 2.89%, 13, 0, 4, 236.66
1629539099, 0, 316, 538, 452, 72, 2.89%, 13, 0, 4, 255.02
1629539941, 0, 316, 539, 453, 72, 2.89%, 13, 0, 4, 181.10
1629539961, 0, 317, 539, 452, 72, 2.89%, 13, 0, 4, 201.91
1629540002, 0, 317, 540, 453, 72, 2.89%, 13, 0, 4, 155.59
1629540383, 0, 317, 541, 454, 72, 2.89%, 13, 0, 4, 118.99
1629541185, 0, 319, 541, 453, 73, 2.89%, 13, 0, 4, 222.13
1629541897, 0, 320, 541, 452, 72, 2.89%, 13, 0, 4, 234.21
1629542599, 0, 321, 541, 451, 72, 2.89%, 13, 0, 4, 246.35
1629543571, 0, 326, 541, 450, 71, 2.89%, 13, 0, 4, 249.67
1629544637, 0, 326, 541, 450, 71, 2.89%, 14, 0, 4, 67.33
1629545553, 0, 327, 541, 449, 70, 2.89%, 14, 0, 4, 95.10
1629545568, 0, 327, 543, 451, 70, 2.90%, 14, 0, 4, 76.25
1629547519, 0, 331, 543, 450, 69, 2.90%, 14, 0, 4, 118.75
1629549495, 0, 335, 543, 449, 68, 2.90%, 14, 0, 4, 132.85
1629549636, 0, 335, 545, 451, 68, 2.90%, 14, 0, 4, 67.88
1629549743, 0, 335, 546, 452, 68, 2.90%, 14, 0, 4, 137.59
1629549952, 0, 335, 547, 453, 68, 2.90%, 14, 0, 4, 75.77
1629551110, 0, 335, 548, 454, 68, 2.90%, 14, 0, 4, 68.75
1629551135, 0, 335, 549, 455, 68, 2.90%, 14, 0, 4, 68.02
1629551171, 0, 335, 551, 457, 68, 2.90%, 14, 0, 4, 69.77
1629551282, 0, 335, 552, 458, 68, 2.90%, 14, 0, 4, 68.75
1629551459, 0, 336, 552, 457, 69, 2.90%, 14, 0, 4, 170.88
1629551714, 0, 336, 553, 458, 69, 2.90%, 14, 0, 4, 170.97
1629552439, 0, 337, 553, 457, 68, 2.90%, 14, 0, 4, 132.84
1629552449, 0, 337, 554, 458, 68, 2.90%, 14, 0, 4, 72.31
1629552590, 0, 337, 555, 459, 68, 2.90%, 14, 0, 4, 112.12
1629554148, 0, 337, 556, 460, 68, 2.90%, 14, 0, 4, 72.87
1629554396, 0, 348, 556, 459, 68, 2.90%, 14, 0, 4, 107.02
1629556621, 0, 353, 556, 458, 67, 2.90%, 14, 0, 4, 138.75
1629558220, 0, 355, 556, 457, 66, 2.90%, 14, 0, 4, 167.53
1629559186, 0, 357, 556, 456, 65, 2.90%, 14, 0, 4, 166.82
1629560437, 0, 358, 556, 455, 64, 2.90%, 14, 0, 4, 160.77
1629561644, 0, 359, 556, 454, 63, 2.90%, 14, 0, 4, 154.09
1629563032, 0, 360, 556, 453, 62, 2.90%, 14, 0, 4, 151.38
1629564414, 0, 361, 556, 452, 61, 2.90%, 15, 0, 4, 187.55
1629564419, 0, 361, 556, 452, 61, 2.90%, 16, 0, 4, 185.63
1629564542, 0, 361, 556, 452, 61, 2.90%, 19, 0, 4, 188.77
1629565300, 0, 361, 556, 452, 61, 2.90%, 21, 0, 4, 235.19
1629565305, 0, 362, 556, 451, 60, 2.90%, 21, 0, 4, 178.41
1629565310, 0, 362, 556, 451, 60, 2.90%, 22, 0, 4, 159.85
1629566371, 0, 363, 556, 450, 59, 2.90%, 22, 0, 4, 215.99
1629567283, 0, 367, 556, 449, 58, 2.90%, 22, 0, 4, 243.50
1629568080, 0, 368, 556, 448, 57, 2.90%, 22, 0, 4, 226.23
1629569268, 0, 369, 556, 447, 56, 2.90%, 22, 0, 4, 157.49
1629571364, 0, 374, 556, 446, 55, 2.90%, 22, 0, 4, 212.51
1629571514, 0, 374, 557, 447, 55, 2.90%, 22, 0, 4, 210.90
1629571921, 0, 376, 557, 446, 54, 2.90%, 22, 0, 4, 267.51
1629571926, 0, 376, 558, 447, 54, 2.90%, 22, 0, 4, 330.83
1629572183, 0, 379, 558, 446, 54, 2.90%, 22, 0, 4, 243.83
1629572193, 0, 379, 559, 447, 54, 2.90%, 22, 0, 4, 201.52
1629573031, 0, 380, 559, 446, 54, 2.90%, 22, 0, 4, 242.99
1629573762, 0, 390, 559, 445, 53, 2.90%, 22, 0, 4, 245.89
1629574555, 0, 392, 559, 444, 52, 2.90%, 22, 0, 4, 325.91
1629574787, 0, 401, 560, 444, 51, 2.90%, 22, 0, 4, 283.42
1629575629, 0, 408, 560, 443, 50, 2.90%, 22, 0, 4, 216.43
1629575669, 0, 408, 561, 444, 50, 2.90%, 22, 0, 5, 176.21
1629576903, 0, 411, 561, 443, 49, 2.90%, 22, 0, 5, 189.91
1629578010, 0, 412, 561, 442, 48, 2.90%, 22, 0, 5, 260.94
1629578268, 0, 412, 562, 443, 48, 2.90%, 22, 0, 5, 136.15
1629578391, 0, 412, 563, 444, 48, 2.90%, 22, 0, 5, 130.66
1629579124, 0, 418, 563, 443, 47, 2.90%, 22, 0, 5, 241.25
1629579190, 0, 418, 564, 444, 47, 2.90%, 22, 0, 5, 139.01
1629581200, 0, 419, 564, 443, 47, 2.90%, 22, 0, 5, 209.32
1629581446, 0, 419, 567, 446, 47, 2.94%, 22, 0, 5, 188.03
1629582021, 0, 421, 567, 445, 49, 2.94%, 22, 0, 5, 199.45
1629582026, 0, 421, 568, 446, 49, 2.94%, 22, 0, 5, 182.30
1629582991, 0, 425, 568, 445, 48, 2.94%, 22, 0, 5, 181.39
1629583124, 0, 425, 569, 446, 48, 2.94%, 22, 0, 5, 178.77
1629583328, 0, 425, 570, 447, 48, 2.94%, 22, 0, 5, 112.97
1629584578, 0, 426, 570, 446, 48, 2.94%, 22, 0, 5, 201.43
1629586220, 0, 426, 571, 447, 48, 2.94%, 22, 0, 5, 112.94
1629586251, 0, 436, 571, 446, 48, 2.94%, 22, 0, 5, 162.83
1629586256, 0, 436, 572, 447, 48, 2.94%, 22, 0, 5, 122.47
1629587925, 0, 436, 573, 448, 48, 2.94%, 22, 0, 5, 158.21
1629587961, 0, 436, 576, 451, 48, 2.94%, 22, 0, 5, 193.63
1629587966, 0, 436, 578, 453, 48, 2.94%, 22, 0, 5, 254.47
1629587986, 0, 436, 579, 454, 48, 2.94%, 22, 0, 5, 287.38
1629587991, 0, 436, 580, 455, 48, 2.94%, 22, 0, 5, 283.51
1629588002, 0, 436, 581, 456, 48, 2.94%, 22, 0, 5, 273.41
1629588012, 0, 436, 582, 457, 48, 2.94%, 22, 0, 5, 276.93
1629588022, 0, 437, 582, 456, 47, 2.94%, 22, 0, 5, 223.22
1629588032, 0, 437, 583, 457, 47, 2.94%, 22, 0, 5, 197.26
1629589161, 0, 437, 584, 458, 47, 2.94%, 22, 0, 5, 273.34
1629589167, 0, 438, 584, 457, 46, 2.94%, 22, 0, 5, 272.59
1629590305, 0, 443, 584, 456, 45, 2.94%, 22, 0, 5, 316.52
1629590604, 0, 448, 584, 455, 44, 2.94%, 22, 0, 5, 244.50
1629591498, 0, 454, 584, 454, 43, 2.94%, 22, 0, 5, 187.78
1629591665, 0, 454, 585, 455, 43, 2.94%, 22, 0, 5, 93.41
1629591783, 0, 454, 586, 456, 43, 2.95%, 22, 0, 5, 69.62
1629592316, 0, 454, 587, 457, 43, 2.96%, 22, 0, 5, 67.74
1629593519, 0, 455, 587, 456, 45, 2.96%, 22, 0, 5, 214.53
1629594595, 0, 459, 587, 455, 44, 2.96%, 22, 0, 5, 239.45
1629595440, 0, 461, 587, 454, 43, 2.96%, 22, 0, 5, 239.12
1629595578, 0, 461, 588, 455, 43, 2.96%, 22, 0, 5, 191.88
1629596261, 0, 467, 588, 454, 43, 2.96%, 22, 0, 5, 185.61
1629598251, 0, 469, 588, 453, 43, 2.96%, 22, 0, 5, 130.69
1629599124, 0, 469, 589, 454, 43, 2.96%, 22, 0, 5, 67.53
1629600241, 0, 470, 589, 453, 42, 2.96%, 22, 0, 5, 154.83
1629600541, 0, 470, 590, 454, 42, 2.96%, 22, 0, 5, 75.92
1629600556, 0, 470, 591, 455, 42, 2.96%, 22, 0, 5, 75.96
1629600561, 0, 470, 593, 457, 42, 2.96%, 22, 0, 5, 76.12
1629601170, 0, 470, 594, 458, 42, 2.97%, 22, 0, 5, 67.57
1629602230, 0, 471, 594, 457, 43, 2.97%, 22, 0, 5, 117.88
1629604222, 0, 472, 594, 456, 42, 2.97%, 22, 0, 5, 153.47
1629606214, 0, 474, 594, 455, 41, 2.97%, 22, 0, 5, 141.15
1629606296, 0, 474, 595, 456, 41, 2.97%, 22, 0, 5, 67.89
1629608208, 0, 474, 596, 457, 41, 2.97%, 22, 0, 5, 213.43
1629608213, 0, 474, 598, 459, 41, 2.97%, 22, 0, 5, 227.28
1629608239, 0, 474, 599, 460, 41, 2.97%, 22, 0, 5, 252.20
1629608244, 0, 476, 599, 459, 43, 2.97%, 22, 0, 5, 158.18
1629610232, 0, 480, 599, 458, 42, 2.97%, 22, 0, 5, 194.79
1629610379, 0, 480, 599, 458, 42, 2.97%, 23, 0, 5, 230.99
