# unix_time, cycles_done, cur_path, paths_total, pending_total, pending_favs, map_size, unique_crashes, unique_hangs, max_depth, execs_per_sec
1650899945, 0, 0, 1, 1, 1, 0.77%, 0, 0, 1, 10.17
1650899956, 0, 0, 4, 4, 1, 0.80%, 0, 0, 2, 13.10
1650899961, 0, 0, 5, 5, 1, 0.80%, 0, 0, 2, 12.59
1650900027, 0, 0, 6, 6, 1, 0.80%, 0, 0, 2, 7.70
1650900460, 0, 0, 7, 7, 1, 0.81%, 0, 0, 2, 7.16
1650900696, 0, 0, 8, 8, 1, 0.81%, 0, 0, 2, 8.27
1650900866, 0, 0, 9, 9, 1, 0.81%, 0, 0, 2, 7.75
1650901005, 0, 0, 10, 10, 1, 0.81%, 0, 0, 2, 7.74
1650901386, 0, 0, 11, 11, 1, 0.81%, 0, 0, 2, 7.70
1650901628, 0, 0, 12, 12, 1, 0.81%, 0, 0, 2, 7.65
1650902680, 0, 0, 13, 13, 1, 0.81%, 0, 0, 2, 7.92
1650905072, 0, 0, 14, 14, 1, 0.82%, 0, 0, 2, 318.09
1650905077, 0, 0, 25, 25, 1, 0.85%, 0, 0, 2, 8.30
1650905361, 0, 0, 26, 26, 1, 0.86%, 0, 0, 2, 7.56
1650905856, 0, 0, 27, 27, 1, 0.87%, 0, 0, 2, 7.73
1650908066, 0, 0, 28, 28, 1, 0.87%, 0, 0, 2, 7.87
1650909561, 0, 0, 29, 29, 1, 0.88%, 0, 0, 2, 7.90
1650910336, 0, 0, 30, 30, 1, 0.88%, 0, 0, 2, 7.79
1650910870, 0, 0, 31, 31, 1, 0.88%, 0, 0, 2, 157.06
1650910875, 0, 0, 33, 33, 1, 0.89%, 0, 0, 2, 106.29
1650910900, 0, 0, 34, 34, 1, 0.89%, 0, 0, 2, 105.64
1650910905, 0, 0, 41, 41, 1, 0.94%, 0, 0, 2, 70.34
1650910910, 0, 0, 46, 46, 1, 1.24%, 1, 0, 2, 54.73
1650910916, 0, 0, 49, 49, 1, 1.34%, 2, 0, 2, 89.58
1650910921, 0, 0, 52, 52, 1, 1.55%, 2, 0, 2, 71.59
1650910926, 0, 0, 56, 56, 1, 1.56%, 2, 0, 2, 30.53
1650910931, 0, 0, 59, 59, 1, 1.56%, 2, 0, 2, 55.24
1650910936, 0, 0, 60, 60, 1, 1.56%, 2, 0, 2, 77.96
1650910941, 0, 0, 65, 65, 1, 1.57%, 2, 0, 2, 56.06
1650910946, 0, 0, 71, 71, 1, 1.63%, 2, 0, 2, 79.30
1650910951, 0, 0, 74, 74, 1, 1.72%, 2, 0, 2, 7.44
1650910957, 0, 0, 75, 75, 1, 1.81%, 2, 0, 2, 60.09
1650910962, 0, 0, 76, 76, 1, 1.81%, 2, 0, 2, 81.05
1650910967, 0, 0, 80, 80, 1, 1.81%, 2, 0, 2, 74.31
1650915045, 0, 0, 81, 81, 1, 1.81%, 2, 0, 2, 7.88
