# unix_time, cycles_done, cur_path, paths_total, pending_total, pending_favs, map_size, unique_crashes, unique_hangs, max_depth, execs_per_sec
1629351069, 0, 0, 1, 1, 1, 0.46%, 0, 0, 1, 251.57
1629351074, 0, 0, 27, 27, 1, 0.83%, 0, 0, 2, 366.28
1629351079, 0, 0, 35, 35, 1, 0.84%, 0, 0, 2, 286.41
1629351084, 0, 0, 37, 37, 1, 0.85%, 0, 0, 2, 274.84
1629351090, 0, 0, 46, 46, 1, 0.89%, 0, 0, 2, 257.28
1629351095, 0, 0, 47, 47, 1, 0.89%, 0, 0, 2, 242.90
1629351120, 0, 0, 48, 48, 1, 0.89%, 0, 0, 2, 238.90
1629351125, 0, 0, 52, 52, 1, 0.90%, 0, 0, 2, 247.18
1629351130, 0, 0, 54, 54, 1, 0.91%, 0, 0, 2, 273.39
1629351135, 0, 0, 55, 55, 1, 0.91%, 0, 0, 2, 242.98
1629351150, 0, 0, 58, 58, 1, 0.91%, 0, 0, 2, 279.41
1629351176, 0, 0, 72, 72, 1, 0.92%, 0, 0, 2, 329.55
1629351186, 0, 0, 74, 74, 1, 0.93%, 0, 0, 2, 262.72
1629351196, 0, 0, 75, 75, 1, 0.94%, 0, 0, 2, 271.09
1629351201, 0, 0, 76, 76, 1, 0.94%, 0, 0, 2, 239.70
1629351236, 0, 0, 78, 78, 1, 0.95%, 0, 0, 2, 233.37
1629351247, 0, 0, 79, 79, 1, 0.96%, 0, 0, 2, 221.00
1629351257, 0, 0, 81, 81, 1, 0.96%, 0, 0, 2, 225.08
1629351267, 0, 0, 82, 82, 1, 0.96%, 0, 0, 2, 226.81
1629351272, 0, 0, 84, 84, 1, 0.96%, 0, 0, 2, 250.85
1629351287, 0, 0, 85, 85, 1, 0.96%, 0, 0, 2, 344.63
1629351298, 0, 0, 101, 101, 1, 1.01%, 1, 0, 2, 321.64
1629351303, 0, 0, 108, 108, 1, 1.02%, 1, 0, 2, 301.33
1629351329, 0, 0, 109, 109, 1, 1.02%, 1, 0, 2, 241.05
1629351334, 0, 0, 110, 110, 1, 1.02%, 1, 0, 2, 231.51
1629351384, 0, 0, 111, 111, 1, 1.02%, 1, 0, 2, 238.16
1629351389, 0, 0, 112, 112, 1, 1.02%, 1, 0, 2, 230.51
1629351606, 0, 0, 113, 113, 1, 1.03%, 1, 0, 2, 222.57
1629351677, 0, 0, 114, 114, 1, 1.03%, 1, 0, 2, 212.49
1629351758, 0, 0, 115, 115, 1, 1.06%, 1, 0, 2, 256.42
1629351808, 0, 0, 120, 120, 1, 1.07%, 1, 0, 2, 270.80
1629351814, 0, 0, 129, 129, 1, 1.07%, 1, 0, 2, 346.73
1629351819, 0, 0, 132, 132, 1, 1.07%, 1, 0, 2, 353.91
1629351824, 0, 0, 134, 134, 1, 1.07%, 1, 0, 2, 352.49
1629351829, 0, 0, 135, 135, 1, 1.07%, 1, 0, 2, 352.91
1629351834, 0, 0, 137, 137, 1, 1.07%, 1, 0, 2, 347.92
1629351839, 0, 0, 139, 139, 1, 1.07%, 1, 0, 2, 346.96
1629351849, 0, 0, 142, 142, 1, 1.07%, 1, 0, 2, 351.96
1629351860, 0, 0, 143, 143, 1, 1.07%, 1, 0, 2, 356.42
1629351870, 0, 0, 145, 145, 1, 1.07%, 1, 0, 2, 359.84
1629351885, 0, 0, 147, 147, 1, 1.07%, 1, 0, 2, 353.33
1629351890, 0, 0, 150, 150, 1, 1.07%, 1, 0, 2, 344.12
1629351906, 0, 1, 150, 149, 53, 1.07%, 1, 0, 2, 378.75
1629351962, 0, 3, 151, 149, 50, 1.07%, 1, 0, 3, 459.89
1629352091, 0, 3, 152, 150, 50, 1.08%, 1, 0, 3, 280.17
1629352106, 0, 3, 153, 151, 50, 1.08%, 2, 0, 3, 317.11
1629352511, 0, 7, 153, 150, 49, 1.08%, 2, 0, 3, 334.86
1629352577, 0, 8, 153, 149, 48, 1.08%, 2, 0, 3, 372.46
1629352598, 0, 8, 154, 150, 48, 1.08%, 3, 0, 3, 364.68
1629352644, 0, 8, 155, 151, 48, 1.08%, 3, 0, 3, 467.15
1629352649, 0, 8, 156, 152, 48, 1.08%, 3, 0, 3, 513.52
1629352664, 0, 9, 156, 151, 46, 1.08%, 3, 0, 3, 458.37
1629352730, 0, 11, 156, 150, 45, 1.08%, 3, 0, 3, 280.14
1629352887, 0, 11, 156, 150, 45, 1.08%, 4, 0, 3, 309.78
1629353354, 0, 18, 156, 149, 44, 1.08%, 4, 0, 3, 240.43
1629353530, 0, 18, 157, 150, 44, 1.09%, 5, 0, 3, 310.07
1629354042, 0, 18, 159, 152, 44, 1.09%, 5, 0, 3, 262.22
1629354047, 0, 18, 160, 153, 44, 1.09%, 5, 0, 3, 335.43
1629354052, 0, 18, 163, 156, 44, 1.09%, 5, 0, 3, 348.85
1629354057, 0, 18, 164, 157, 44, 1.09%, 5, 0, 3, 346.48
1629354062, 0, 18, 165, 158, 44, 1.09%, 5, 0, 3, 348.47
1629354077, 0, 18, 166, 159, 44, 1.09%, 5, 0, 3, 358.18
1629354082, 0, 18, 167, 160, 44, 1.09%, 5, 0, 3, 353.11
1629354108, 0, 18, 168, 161, 44, 1.09%, 5, 0, 3, 349.09
1629354113, 0, 20, 168, 160, 43, 1.09%, 5, 0, 3, 287.53
1629354194, 0, 20, 169, 161, 43, 1.15%, 5, 0, 3, 329.18
1629354326, 0, 20, 170, 162, 43, 1.15%, 5, 0, 3, 210.55
1629354812, 0, 21, 170, 161, 43, 1.15%, 5, 0, 3, 296.90
1629355358, 0, 21, 171, 162, 43, 1.15%, 5, 0, 3, 348.82
1629355363, 0, 22, 171, 161, 42, 1.15%, 5, 0, 3, 295.34
1629355378, 0, 22, 172, 162, 42, 1.15%, 5, 0, 3, 289.83
1629355413, 0, 22, 174, 164, 42, 1.15%, 5, 0, 3, 289.33
1629355525, 0, 22, 174, 164, 42, 1.15%, 6, 0, 3, 315.17
1629355936, 0, 24, 174, 163, 43, 1.15%, 6, 0, 3, 339.61
1629355946, 0, 24, 175, 164, 43, 1.21%, 6, 0, 3, 377.24
1629355962, 0, 24, 178, 167, 43, 1.23%, 6, 0, 3, 321.51
1629356002, 0, 24, 179, 168, 43, 1.23%, 6, 0, 3, 478.77
1629356012, 0, 24, 180, 169, 43, 1.23%, 6, 0, 3, 529.14
1629356023, 0, 28, 180, 168, 45, 1.23%, 6, 0, 3, 410.15
1629356737, 0, 31, 180, 167, 44, 1.23%, 6, 0, 3, 313.99
1629356758, 0, 31, 181, 168, 44, 1.23%, 6, 0, 3, 418.93
1629356778, 0, 31, 182, 169, 44, 1.23%, 6, 0, 3, 303.66
1629356808, 0, 38, 182, 168, 43, 1.23%, 6, 0, 3, 326.59
1629356884, 0, 38, 183, 169, 43, 1.23%, 6, 0, 3, 322.90
1629356981, 0, 38, 184, 170, 43, 1.23%, 6, 0, 3, 319.65
1629357418, 0, 40, 184, 169, 43, 1.23%, 6, 0, 3, 322.90
1629357423, 0, 40, 186, 171, 43, 1.23%, 6, 0, 3, 335.26
1629357484, 0, 41, 186, 170, 44, 1.23%, 6, 0, 3, 375.46
1629357510, 0, 41, 186, 170, 44, 1.23%, 7, 0, 3, 365.60
1629357571, 0, 42, 186, 169, 43, 1.23%, 7, 0, 3, 308.39
1629357596, 0, 42, 187, 170, 43, 1.23%, 7, 0, 3, 233.81
1629357733, 0, 42, 187, 170, 43, 1.23%, 8, 0, 3, 410.18
1629357768, 0, 42, 189, 172, 43, 1.24%, 8, 0, 3, 230.41
1629358213, 0, 45, 189, 171, 44, 1.24%, 8, 0, 3, 276.07
1629358386, 0, 45, 189, 171, 44, 1.24%, 9, 0, 3, 306.57
1629358645, 0, 45, 190, 172, 44, 1.24%, 9, 0, 3, 229.56
1629358863, 0, 46, 190, 171, 44, 1.24%, 9, 0, 3, 258.75
1629358888, 0, 46, 191, 172, 44, 1.24%, 9, 0, 3, 224.59
1629358904, 0, 46, 192, 173, 44, 1.24%, 9, 0, 3, 258.09
1629358929, 0, 46, 193, 174, 44, 1.25%, 9, 0, 3, 352.65
1629359020, 0, 46, 193, 174, 44, 1.25%, 10, 0, 3, 415.16
1629359502, 0, 48, 193, 173, 45, 1.25%, 10, 0, 3, 357.11
1629359522, 0, 48, 193, 173, 45, 1.25%, 11, 0, 3, 372.49
1629359558, 0, 50, 193, 172, 44, 1.25%, 11, 0, 3, 406.10
1629359604, 0, 50, 194, 173, 44, 1.25%, 11, 0, 3, 270.52
1629359740, 0, 50, 194, 173, 44, 1.25%, 12, 0, 3, 321.91
1629360217, 0, 51, 194, 172, 43, 1.25%, 12, 0, 3, 303.91
1629360394, 0, 51, 194, 172, 43, 1.25%, 13, 0, 3, 304.01
1629360491, 0, 51, 195, 173, 43, 1.25%, 13, 0, 3, 229.52
1629360870, 0, 53, 195, 172, 42, 1.25%, 13, 0, 3, 311.44
1629360937, 0, 54, 196, 172, 41, 1.25%, 13, 0, 3, 452.32
1629360983, 0, 54, 197, 173, 41, 1.25%, 13, 0, 3, 256.14
1629361100, 0, 54, 197, 173, 41, 1.25%, 14, 0, 3, 311.44
1629361577, 0, 63, 197, 172, 40, 1.25%, 14, 0, 3, 307.98
1629361602, 0, 63, 198, 173, 40, 1.25%, 14, 0, 3, 316.45
1629361622, 0, 63, 199, 174, 40, 1.25%, 14, 0, 3, 376.21
1629361729, 0, 63, 201, 176, 40, 1.25%, 14, 0, 3, 378.31
1629361739, 0, 64, 202, 176, 39, 1.25%, 14, 0, 3, 383.62
1629361800, 0, 77, 202, 175, 38, 1.25%, 14, 0, 3, 394.86
1629361892, 0, 77, 203, 176, 38, 1.25%, 14, 0, 3, 248.66
1629361988, 0, 77, 203, 176, 38, 1.25%, 15, 0, 3, 331.33
1629362490, 0, 80, 203, 175, 38, 1.25%, 15, 0, 3, 284.20
1629362658, 0, 80, 204, 176, 38, 1.28%, 15, 0, 3, 376.10
1629362693, 0, 80, 205, 177, 38, 1.28%, 15, 0, 3, 210.67
1629363176, 0, 80, 206, 178, 38, 1.28%, 15, 0, 3, 313.95
1629363181, 0, 81, 206, 177, 38, 1.28%, 15, 0, 3, 276.20
1629363886, 0, 83, 206, 176, 37, 1.28%, 15, 0, 3, 246.47
1629364064, 0, 83, 206, 176, 37, 1.28%, 16, 0, 3, 357.73
1629364549, 0, 84, 206, 175, 36, 1.28%, 16, 0, 3, 339.31
1629364626, 0, 99, 206, 174, 35, 1.28%, 16, 0, 3, 294.22
1629364788, 0, 99, 207, 175, 35, 1.28%, 16, 0, 3, 300.74
1629364794, 0, 99, 208, 176, 35, 1.28%, 16, 0, 3, 269.81
1629365244, 0, 100, 208, 175, 34, 1.28%, 16, 0, 3, 303.44
1629365443, 0, 100, 209, 176, 34, 1.29%, 16, 0, 3, 283.17
1629365885, 0, 101, 209, 175, 34, 1.29%, 16, 0, 3, 305.58
1629366081, 0, 101, 210, 176, 34, 1.30%, 16, 0, 3, 294.09
1629366112, 0, 101, 212, 178, 34, 1.31%, 16, 0, 3, 262.76
1629366530, 0, 108, 212, 177, 34, 1.31%, 16, 0, 3, 276.07
1629366713, 0, 108, 212, 177, 34, 1.31%, 17, 0, 3, 359.57
1629366972, 0, 108, 213, 178, 34, 1.31%, 17, 0, 3, 228.09
1629367204, 0, 111, 213, 177, 34, 1.31%, 17, 0, 3, 258.64
1629367281, 0, 111, 214, 178, 34, 1.31%, 17, 0, 3, 338.68
1629367468, 0, 111, 215, 179, 34, 1.31%, 17, 0, 3, 230.09
1629367868, 0, 112, 215, 178, 34, 1.31%, 17, 0, 3, 268.51
1629368065, 0, 112, 215, 178, 34, 1.31%, 18, 0, 3, 352.80
1629368101, 0, 112, 216, 179, 34, 1.31%, 18, 0, 3, 210.48
1629368601, 0, 114, 216, 178, 33, 1.31%, 18, 0, 3, 301.90
1629368622, 0, 114, 217, 179, 33, 1.31%, 18, 0, 3, 279.80
1629368739, 0, 114, 218, 180, 33, 1.31%, 18, 0, 3, 276.82
1629368826, 0, 114, 219, 181, 33, 1.31%, 18, 0, 3, 274.52
1629369223, 0, 119, 219, 180, 33, 1.31%, 18, 0, 3, 323.81
1629369376, 0, 121, 219, 179, 32, 1.31%, 18, 0, 3, 368.22
1629369391, 0, 121, 220, 180, 32, 1.31%, 18, 0, 3, 233.61
1629369416, 0, 121, 221, 181, 32, 1.31%, 18, 0, 3, 236.87
1629369558, 0, 121, 221, 181, 32, 1.31%, 19, 0, 3, 303.75
1629370055, 0, 125, 221, 180, 32, 1.31%, 19, 0, 3, 302.04
1629370507, 0, 128, 221, 179, 31, 1.31%, 19, 0, 3, 315.51
1629370537, 0, 128, 222, 180, 31, 1.31%, 19, 0, 3, 295.69
1629370649, 0, 128, 223, 181, 31, 1.31%, 19, 0, 3, 419.24
1629370654, 0, 146, 223, 180, 30, 1.31%, 19, 0, 3, 373.04
1629370674, 0, 146, 226, 183, 30, 1.31%, 19, 0, 3, 346.58
1629370715, 0, 150, 226, 182, 31, 1.31%, 19, 0, 3, 532.61
1629370725, 0, 151, 226, 181, 30, 1.31%, 19, 0, 3, 338.38
1629371293, 0, 152, 226, 180, 29, 1.31%, 19, 0, 3, 322.15
1629371476, 0, 152, 227, 181, 29, 1.31%, 19, 0, 4, 297.47
1629371486, 0, 152, 228, 182, 29, 1.31%, 19, 0, 4, 279.90
1629371897, 0, 153, 229, 182, 26, 1.31%, 19, 0, 4, 326.73
1629371902, 0, 153, 230, 183, 26, 1.31%, 19, 0, 4, 314.27
1629371917, 0, 153, 231, 184, 26, 1.31%, 19, 0, 4, 330.78
1629371922, 0, 153, 232, 185, 26, 1.31%, 19, 0, 4, 437.22
1629371933, 0, 153, 233, 186, 26, 1.31%, 19, 0, 4, 335.57
1629372009, 0, 155, 234, 186, 27, 1.31%, 19, 0, 4, 447.57
1629372044, 0, 155, 235, 187, 27, 1.31%, 19, 0, 4, 303.17
1629372075, 0, 156, 238, 189, 26, 1.31%, 19, 0, 4, 320.57
1629372085, 0, 156, 239, 190, 26, 1.31%, 19, 0, 4, 233.53
1629372095, 0, 156, 240, 191, 26, 1.31%, 19, 0, 4, 251.23
1629372136, 0, 156, 243, 194, 26, 1.33%, 19, 0, 4, 254.03
1629372156, 0, 156, 244, 195, 26, 1.33%, 19, 0, 4, 276.75
1629372187, 0, 156, 251, 202, 26, 1.37%, 19, 0, 4, 277.00
1629372192, 0, 156, 254, 205, 26, 1.37%, 19, 0, 4, 283.72
1629372197, 0, 156, 256, 207, 26, 1.37%, 19, 0, 4, 293.59
1629372298, 0, 156, 257, 208, 26, 1.38%, 19, 0, 4, 300.83
1629372323, 0, 156, 259, 210, 26, 1.38%, 19, 0, 4, 264.13
1629372354, 0, 156, 270, 221, 26, 1.38%, 19, 0, 4, 256.82
1629372836, 0, 156, 271, 222, 26, 1.38%, 19, 0, 4, 323.61
1629372841, 0, 156, 272, 223, 26, 1.38%, 19, 0, 4, 349.11
1629372851, 0, 159, 272, 222, 33, 1.38%, 19, 0, 4, 331.53
1629373044, 0, 168, 272, 221, 32, 1.38%, 19, 0, 4, 262.45
1629373060, 0, 168, 274, 223, 32, 1.38%, 19, 0, 4, 274.66
1629373095, 0, 168, 276, 225, 32, 1.38%, 19, 0, 4, 265.93
1629373111, 0, 168, 278, 227, 32, 1.38%, 19, 0, 4, 288.19
1629373131, 0, 168, 279, 228, 32, 1.41%, 19, 0, 4, 337.38
1629373136, 0, 168, 280, 229, 32, 1.41%, 19, 0, 4, 317.20
1629373242, 0, 168, 283, 232, 32, 1.58%, 19, 0, 4, 310.59
1629373247, 0, 168, 284, 233, 32, 1.58%, 19, 0, 4, 297.36
1629373763, 0, 171, 284, 232, 33, 1.58%, 19, 0, 4, 341.53
1629373783, 0, 171, 284, 232, 33, 1.58%, 20, 0, 4, 358.94
1629373824, 0, 174, 284, 231, 33, 1.58%, 20, 0, 4, 358.74
1629373901, 0, 175, 284, 230, 32, 1.58%, 20, 0, 4, 317.31
1629374033, 0, 180, 284, 229, 31, 1.58%, 20, 0, 4, 382.65
1629374069, 0, 180, 285, 230, 31, 1.58%, 20, 0, 4, 314.86
1629374111, 0, 183, 285, 229, 31, 1.58%, 20, 0, 4, 304.18
1629374750, 0, 183, 286, 230, 31, 1.58%, 20, 0, 4, 320.31
1629374755, 0, 185, 286, 229, 30, 1.58%, 20, 0, 4, 369.79
1629374821, 0, 185, 287, 230, 30, 1.58%, 20, 0, 4, 463.11
1629374826, 0, 187, 289, 231, 29, 1.58%, 20, 0, 4, 286.49
1629375014, 0, 187, 289, 231, 29, 1.58%, 21, 0, 4, 365.13
1629375506, 0, 187, 290, 232, 29, 1.58%, 21, 0, 4, 301.44
1629375511, 0, 188, 290, 231, 28, 1.58%, 21, 0, 4, 298.77
1629375679, 0, 188, 290, 231, 28, 1.58%, 22, 0, 4, 303.42
1629376174, 0, 188, 291, 232, 28, 1.58%, 22, 0, 4, 318.09
1629376179, 0, 189, 291, 231, 27, 1.58%, 22, 0, 4, 253.85
1629376340, 0, 189, 292, 232, 27, 1.58%, 22, 0, 4, 239.13
1629376858, 0, 191, 292, 231, 27, 1.58%, 22, 0, 4, 280.05
1629377021, 0, 191, 292, 231, 27, 1.58%, 23, 0, 4, 310.61
1629377508, 0, 191, 294, 233, 27, 1.58%, 23, 0, 4, 272.15
1629377518, 0, 195, 294, 232, 26, 1.58%, 23, 0, 4, 351.19
1629377647, 0, 197, 294, 231, 25, 1.58%, 23, 0, 4, 339.83
1629377806, 0, 202, 294, 230, 24, 1.58%, 23, 0, 4, 370.67
1629377985, 0, 202, 294, 230, 24, 1.58%, 24, 0, 4, 300.28
1629378402, 0, 202, 295, 231, 24, 1.58%, 24, 0, 4, 209.29
1629378498, 0, 203, 295, 230, 23, 1.58%, 24, 0, 4, 299.88
1629378504, 0, 203, 295, 230, 23, 1.58%, 25, 0, 4, 248.46
1629378514, 0, 203, 295, 230, 23, 1.58%, 26, 0, 4, 273.19
1629378519, 0, 203, 295, 230, 23, 1.58%, 27, 0, 4, 253.02
1629378658, 0, 203, 296, 231, 23, 1.58%, 27, 0, 4, 236.98
1629378730, 0, 203, 296, 231, 23, 1.58%, 28, 0, 4, 215.59
1629379013, 0, 203, 296, 231, 23, 1.58%, 30, 0, 4, 210.76
1629379178, 0, 210, 296, 230, 23, 1.58%, 30, 0, 4, 286.73
1629379822, 0, 211, 296, 229, 22, 1.58%, 30, 0, 4, 275.68
1629380470, 0, 212, 296, 228, 21, 1.58%, 30, 0, 4, 255.50
1629380997, 0, 212, 297, 229, 21, 1.58%, 30, 0, 4, 210.34
1629381169, 0, 217, 297, 228, 20, 1.58%, 30, 0, 4, 295.01
1629381388, 0, 217, 298, 229, 20, 1.58%, 30, 0, 4, 269.62
1629381798, 0, 220, 298, 228, 19, 1.58%, 30, 0, 4, 273.82
1629382490, 0, 223, 298, 227, 18, 1.58%, 30, 0, 4, 322.13
1629382515, 0, 223, 300, 229, 18, 1.58%, 30, 0, 4, 368.54
1629382572, 0, 230, 300, 228, 17, 1.58%, 30, 0, 4, 414.11
1629382680, 0, 230, 301, 229, 17, 1.58%, 30, 0, 5, 384.99
1629382685, 0, 230, 302, 230, 17, 1.58%, 30, 0, 5, 478.18
1629382690, 0, 230, 303, 231, 17, 1.58%, 30, 0, 5, 500.34
1629382716, 0, 231, 303, 230, 16, 1.58%, 30, 0, 5, 380.14
1629382747, 0, 231, 304, 231, 16, 1.58%, 30, 0, 5, 348.49
1629382824, 0, 237, 304, 230, 15, 1.58%, 30, 0, 5, 315.65
1629382829, 0, 237, 305, 231, 15, 1.58%, 30, 0, 5, 270.59
1629383467, 0, 239, 305, 230, 15, 1.58%, 30, 0, 5, 310.13
1629384122, 0, 240, 305, 229, 14, 1.58%, 30, 0, 5, 332.04
1629384240, 0, 248, 305, 228, 13, 1.58%, 30, 0, 5, 385.07
1629384373, 0, 249, 307, 229, 12, 1.58%, 30, 0, 5, 400.51
1629384441, 0, 249, 308, 230, 12, 1.58%, 30, 0, 5, 292.88
1629384518, 0, 249, 309, 231, 12, 1.58%, 30, 0, 5, 419.69
1629384523, 0, 251, 309, 230, 12, 1.58%, 30, 0, 5, 467.59
1629384528, 0, 251, 310, 231, 12, 1.58%, 30, 0, 5, 353.55
1629384615, 0, 251, 311, 232, 12, 1.58%, 30, 0, 5, 285.71
1629384734, 0, 251, 312, 233, 12, 1.58%, 30, 0, 5, 371.42
1629384744, 0, 251, 313, 234, 12, 1.58%, 30, 0, 5, 443.27
1629384749, 0, 251, 314, 235, 12, 1.58%, 30, 0, 5, 455.46
1629384765, 0, 251, 315, 236, 12, 1.58%, 30, 0, 5, 450.98
1629384785, 0, 251, 316, 237, 12, 1.58%, 30, 0, 5, 440.88
1629384805, 0, 256, 316, 236, 12, 1.58%, 30, 0, 5, 433.61
1629385568, 0, 257, 316, 235, 11, 1.58%, 30, 0, 5, 279.69
1629386210, 0, 264, 316, 234, 10, 1.58%, 30, 0, 5, 342.71
1629386927, 0, 279, 316, 233, 9, 1.58%, 30, 0, 5, 343.78
1629386933, 0, 279, 317, 234, 9, 1.58%, 30, 0, 5, 333.82
1629387000, 0, 279, 318, 235, 9, 1.58%, 30, 0, 5, 493.59
1629387005, 0, 280, 320, 236, 9, 1.61%, 30, 0, 5, 331.85
1629387010, 0, 280, 322, 238, 9, 1.62%, 30, 0, 5, 275.91
1629387056, 0, 280, 326, 242, 9, 1.62%, 30, 0, 5, 252.67
1629387071, 0, 280, 327, 243, 9, 1.62%, 30, 0, 5, 261.21
1629387187, 0, 280, 328, 244, 9, 1.62%, 30, 0, 5, 264.73
1629387573, 0, 280, 331, 247, 9, 1.62%, 30, 0, 5, 208.12
1629387578, 0, 280, 332, 248, 9, 1.64%, 30, 0, 5, 237.87
1629387583, 0, 280, 334, 250, 9, 1.64%, 30, 0, 5, 242.51
1629387593, 0, 280, 335, 251, 9, 1.65%, 30, 0, 5, 246.64
1629387669, 0, 282, 335, 250, 13, 1.65%, 30, 0, 5, 301.75
1629388400, 0, 284, 335, 249, 12, 1.65%, 30, 0, 5, 359.22
1629388481, 0, 284, 336, 250, 12, 1.65%, 30, 0, 5, 407.90
1629388486, 0, 291, 336, 249, 11, 1.65%, 30, 0, 5, 444.77
1629389034, 0, 291, 337, 250, 11, 1.65%, 30, 0, 5, 206.20
1629389166, 0, 295, 337, 249, 10, 1.65%, 30, 0, 5, 291.63
1629389719, 0, 295, 337, 249, 10, 1.65%, 31, 0, 5, 211.79
1629389897, 0, 304, 338, 249, 9, 1.65%, 31, 0, 6, 315.67
1629390029, 0, 304, 339, 250, 9, 1.65%, 31, 0, 6, 469.80
1629390035, 0, 306, 339, 249, 8, 1.65%, 31, 0, 6, 375.08
1629390166, 0, 314, 339, 248, 7, 1.65%, 31, 0, 6, 364.51
1629390364, 0, 314, 340, 249, 7, 1.65%, 31, 0, 6, 367.84
1629390374, 0, 316, 340, 248, 6, 1.65%, 31, 0, 6, 360.76
1629390450, 0, 318, 340, 247, 5, 1.65%, 31, 0, 6, 360.16
1629391191, 0, 319, 340, 246, 4, 1.65%, 31, 0, 6, 299.87
1629391371, 0, 319, 341, 247, 4, 1.65%, 31, 0, 6, 257.08
1629391850, 0, 322, 341, 246, 4, 1.65%, 31, 0, 6, 275.81
1629391886, 0, 322, 342, 247, 4, 1.65%, 31, 0, 6, 240.37
1629392497, 0, 331, 342, 246, 3, 1.65%, 31, 0, 6, 309.23
1629392502, 0, 331, 344, 248, 3, 1.66%, 31, 0, 6, 243.50
1629392547, 0, 331, 344, 248, 3, 1.66%, 32, 0, 6, 217.97
1629392699, 0, 331, 346, 250, 3, 1.67%, 32, 0, 6, 231.37
1629393060, 0, 331, 347, 251, 3, 1.67%, 32, 0, 6, 215.49
1629393101, 0, 331, 348, 252, 3, 1.67%, 32, 0, 6, 239.68
1629393106, 0, 331, 349, 253, 3, 1.67%, 32, 0, 6, 246.99
1629393131, 0, 331, 350, 254, 3, 1.67%, 32, 0, 6, 236.74
1629393167, 0, 331, 351, 255, 3, 1.67%, 32, 0, 6, 206.91
1629393248, 0, 331, 352, 256, 3, 1.69%, 32, 0, 6, 323.39
1629393263, 0, 333, 352, 255, 6, 1.69%, 32, 0, 6, 269.74
1629394498, 0, 334, 352, 254, 6, 1.69%, 32, 0, 6, 269.96
1629394671, 0, 334, 353, 255, 6, 1.69%, 32, 0, 6, 242.73
1629395097, 0, 334, 356, 258, 6, 1.70%, 32, 0, 6, 243.89
1629395178, 0, 340, 356, 257, 8, 1.70%, 32, 0, 6, 312.64
1629395828, 0, 342, 356, 256, 7, 1.70%, 32, 0, 6, 274.12
1629396575, 0, 344, 356, 255, 6, 1.70%, 32, 0, 6, 320.36
1629397334, 0, 347, 356, 254, 5, 1.70%, 32, 0, 6, 246.86
1629397340, 0, 347, 357, 255, 5, 1.70%, 32, 0, 7, 221.44
1629397381, 0, 347, 357, 255, 5, 1.70%, 33, 0, 7, 221.59
1629398076, 0, 351, 357, 254, 5, 1.70%, 33, 0, 7, 271.30
1629398117, 0, 351, 358, 255, 5, 1.70%, 33, 0, 7, 238.64
1629398266, 0, 351, 359, 256, 5, 1.70%, 33, 0, 7, 251.23
1629398555, 0, 351, 360, 257, 5, 1.70%, 33, 0, 7, 229.89
1629398611, 0, 351, 361, 258, 5, 1.70%, 33, 0, 7, 243.05
1629398627, 0, 351, 362, 259, 5, 1.70%, 33, 0, 7, 239.01
1629398766, 0, 351, 363, 260, 5, 1.70%, 33, 0, 7, 343.69
1629398776, 0, 353, 363, 259, 5, 1.70%, 33, 0, 7, 288.55
1629399373, 0, 353, 364, 260, 5, 1.70%, 33, 0, 7, 242.10
1629399451, 0, 354, 364, 259, 5, 1.70%, 33, 0, 7, 266.79
1629400129, 0, 355, 364, 258, 4, 1.70%, 33, 0, 7, 317.48
1629400808, 0, 356, 364, 257, 3, 1.70%, 33, 0, 7, 330.27
1629400819, 0, 356, 365, 258, 3, 1.70%, 33, 0, 8, 234.04
1629401550, 0, 358, 365, 257, 2, 1.70%, 33, 0, 8, 291.45
1629402239, 0, 358, 366, 258, 2, 1.70%, 33, 0, 8, 330.56
1629402255, 0, 358, 367, 259, 2, 1.70%, 33, 0, 8, 342.03
1629402265, 0, 358, 368, 260, 2, 1.70%, 33, 0, 8, 333.49
1629402275, 0, 358, 369, 261, 2, 1.70%, 33, 0, 8, 337.99
1629402305, 0, 363, 369, 260, 1, 1.70%, 33, 0, 8, 341.45
1629402989, 1, 5, 369, 259, 0, 1.70%, 33, 0, 8, 371.73
1629403061, 1, 6, 369, 258, 0, 1.70%, 33, 0, 8, 394.15
1629403127, 1, 12, 369, 257, 0, 1.70%, 33, 0, 8, 418.56
1629403274, 1, 15, 369, 256, 0, 1.70%, 33, 0, 8, 358.42
1629404021, 1, 19, 369, 255, 0, 1.70%, 33, 0, 8, 328.50
1629404742, 1, 25, 369, 254, 0, 1.70%, 33, 0, 8, 344.69
1629404813, 1, 25, 370, 255, 0, 1.70%, 33, 0, 8, 431.78
1629404818, 1, 26, 370, 254, 0, 1.70%, 33, 0, 8, 367.63
1629404895, 1, 28, 370, 253, 0, 1.70%, 33, 0, 8, 392.60
1629404900, 1, 37, 370, 253, 0, 1.70%, 33, 0, 8, 492.24
1629404920, 1, 43, 371, 253, 0, 1.70%, 33, 0, 8, 359.61
1629405585, 1, 44, 372, 253, 0, 1.70%, 33, 0, 8, 324.31
1629405757, 1, 44, 372, 253, 0, 1.70%, 34, 0, 8, 295.78
1629406254, 1, 55, 372, 252, 0, 1.70%, 34, 0, 8, 363.99
1629406330, 1, 61, 372, 251, 0, 1.70%, 34, 0, 8, 388.41
1629406487, 1, 65, 372, 250, 0, 1.70%, 34, 0, 8, 345.30
1629406554, 1, 66, 372, 249, 0, 1.70%, 34, 0, 8, 370.76
1629406620, 1, 68, 372, 248, 0, 1.70%, 34, 0, 8, 402.44
1629406686, 1, 82, 372, 247, 0, 1.70%, 34, 0, 8, 373.75
1629407382, 1, 93, 372, 246, 0, 1.70%, 34, 0, 8, 337.75
1629408113, 1, 106, 372, 245, 0, 1.70%, 34, 0, 8, 324.48
1629408256, 1, 107, 372, 244, 0, 1.70%, 34, 0, 8, 342.00
1629408400, 1, 113, 372, 243, 0, 1.70%, 34, 0, 8, 298.67
1629408979, 1, 113, 373, 244, 0, 1.70%, 34, 0, 8, 202.40
1629409156, 1, 117, 374, 244, 0, 1.70%, 34, 0, 8, 356.83
1629409561, 1, 124, 376, 245, 0, 1.70%, 34, 0, 8, 328.89
1629410331, 1, 124, 377, 246, 0, 1.70%, 34, 0, 8, 307.36
1629410336, 1, 132, 377, 245, 0, 1.70%, 34, 0, 8, 333.34
1629410976, 1, 136, 377, 244, 0, 1.70%, 34, 0, 8, 279.39
1629411764, 1, 139, 377, 243, 0, 1.70%, 34, 0, 8, 313.68
1629411895, 1, 142, 377, 242, 0, 1.70%, 34, 0, 8, 339.65
1629411966, 1, 144, 377, 241, 0, 1.70%, 34, 0, 8, 351.01
1629412129, 1, 149, 377, 240, 0, 1.70%, 34, 0, 8, 353.41
1629412651, 1, 160, 377, 239, 0, 1.70%, 34, 0, 8, 344.17
1629412793, 1, 166, 377, 238, 0, 1.70%, 34, 0, 8, 289.35
1629413625, 1, 167, 377, 237, 0, 1.70%, 34, 0, 8, 258.32
1629414498, 1, 167, 379, 239, 0, 1.70%, 34, 0, 8, 255.71
1629414503, 1, 167, 381, 241, 0, 1.70%, 34, 0, 8, 338.29
1629414529, 1, 167, 382, 242, 0, 1.70%, 34, 0, 8, 368.45
1629414544, 1, 167, 383, 243, 0, 1.70%, 34, 0, 8, 354.33
1629414549, 1, 168, 383, 242, 0, 1.70%, 34, 0, 8, 361.57
1629414554, 1, 172, 383, 242, 0, 1.70%, 34, 0, 8, 357.50
1629414615, 1, 176, 383, 241, 0, 1.70%, 34, 0, 8, 367.19
1629414778, 1, 178, 383, 240, 0, 1.70%, 34, 0, 8, 342.89
1629414905, 1, 182, 383, 239, 0, 1.70%, 34, 0, 8, 390.85
1629414971, 1, 190, 383, 238, 0, 1.70%, 34, 0, 8, 396.81
1629415006, 1, 190, 384, 239, 0, 1.70%, 34, 0, 8, 220.90
1629415640, 1, 190, 385, 240, 0, 1.70%, 34, 0, 8, 291.34
1629415645, 1, 192, 385, 239, 0, 1.70%, 34, 0, 8, 346.35
1629415848, 1, 194, 385, 238, 0, 1.70%, 34, 0, 8, 264.79
1629416523, 1, 198, 386, 238, 0, 1.70%, 34, 0, 8, 362.34
1629416721, 1, 198, 389, 241, 0, 1.70%, 34, 0, 8, 429.99
1629416736, 1, 203, 390, 241, 0, 1.70%, 34, 0, 8, 420.38
1629416742, 1, 204, 390, 241, 0, 1.70%, 35, 0, 8, 264.21
1629417209, 1, 204, 391, 242, 0, 1.70%, 35, 0, 8, 207.26
1629417479, 1, 204, 392, 243, 0, 1.70%, 35, 0, 8, 326.27
1629417484, 1, 204, 393, 244, 0, 1.70%, 35, 0, 8, 361.30
1629417494, 1, 343, 393, 243, 1, 1.70%, 35, 0, 8, 303.54
1629418234, 1, 343, 394, 244, 1, 1.70%, 35, 0, 8, 281.53
1629418239, 1, 343, 396, 246, 1, 1.70%, 35, 0, 8, 340.43
1629418254, 1, 343, 397, 247, 1, 1.70%, 35, 0, 8, 366.68
1629418280, 1, 343, 398, 248, 1, 1.70%, 35, 0, 8, 358.43
1629418285, 1, 392, 401, 250, 1, 1.70%, 35, 0, 8, 334.56
1629418833, 1, 392, 402, 251, 1, 1.70%, 35, 0, 8, 394.79
1629418838, 1, 392, 403, 252, 1, 1.70%, 35, 0, 8, 401.76
1629418858, 1, 400, 403, 251, 1, 1.70%, 35, 0, 8, 363.71
1629419390, 1, 401, 403, 250, 0, 1.70%, 35, 0, 8, 367.71
1629420690, 2, 13, 403, 249, 0, 1.70%, 35, 0, 8, 447.36
1629421365, 2, 16, 403, 248, 0, 1.70%, 35, 0, 8, 291.07
1629422060, 2, 21, 403, 247, 0, 1.70%, 35, 0, 8, 371.11
1629422065, 2, 31, 404, 248, 0, 1.71%, 35, 0, 8, 461.21
1629422070, 2, 147, 404, 248, 1, 1.71%, 35, 0, 8, 333.70
1629422978, 2, 321, 404, 247, 1, 1.71%, 35, 0, 8, 315.88
1629423617, 2, 321, 405, 248, 1, 1.71%, 35, 0, 8, 362.58
1629423622, 2, 321, 407, 250, 1, 1.71%, 35, 0, 8, 366.42
1629423627, 2, 321, 408, 251, 1, 1.71%, 35, 0, 8, 388.57
1629423678, 2, 365, 408, 250, 3, 1.71%, 35, 0, 8, 336.97
1629424248, 2, 365, 409, 251, 3, 1.71%, 35, 0, 9, 230.58
1629424390, 2, 365, 411, 253, 3, 1.71%, 35, 0, 9, 338.29
1629424395, 2, 365, 412, 254, 3, 1.71%, 35, 0, 9, 367.10
1629424405, 2, 365, 413, 255, 3, 1.71%, 35, 0, 9, 378.42
1629424415, 2, 365, 414, 256, 3, 1.71%, 35, 0, 9, 370.90
1629424430, 2, 365, 415, 257, 3, 1.71%, 35, 0, 9, 376.90
1629424435, 2, 403, 416, 257, 3, 1.71%, 35, 0, 9, 339.24
1629424649, 2, 403, 417, 258, 3, 1.72%, 35, 0, 9, 228.70
1629429109, 2, 406, 417, 257, 3, 1.72%, 35, 0, 9, 247.68
1629430943, 2, 407, 417, 256, 2, 1.72%, 35, 0, 9, 237.72
1629435526, 2, 416, 417, 255, 1, 1.72%, 35, 0, 9, 193.46
1629436449, 2, 416, 418, 256, 1, 1.73%, 35, 0, 9, 255.48
