# unix_time, cycles_done, cur_path, paths_total, pending_total, pending_favs, map_size, unique_crashes, unique_hangs, max_depth, execs_per_sec
1650988860, 0, 0, 1, 1, 1, 0.01%, 0, 0, 1, 0.20
1650988870, 0, 0, 12, 12, 1, 0.02%, 0, 0, 2, 50.14
1650988875, 0, 0, 15, 15, 1, 0.02%, 0, 0, 2, 63.14
1650988886, 0, 0, 17, 17, 1, 0.02%, 0, 0, 2, 44.94
1650988891, 0, 0, 18, 18, 1, 0.02%, 0, 0, 2, 48.79
1650988901, 0, 0, 19, 19, 1, 0.02%, 0, 0, 2, 58.75
1650988911, 0, 0, 26, 26, 1, 0.02%, 0, 0, 2, 60.71
1650988921, 0, 0, 27, 27, 1, 0.02%, 0, 0, 2, 66.08
1650988942, 0, 0, 29, 29, 1, 0.02%, 0, 0, 2, 70.02
1650988947, 0, 0, 33, 33, 1, 0.02%, 0, 0, 2, 69.66
1650988967, 0, 0, 34, 34, 1, 0.02%, 0, 0, 2, 70.93
1650988972, 0, 0, 36, 36, 1, 0.02%, 0, 0, 2, 69.42
1650988978, 0, 0, 37, 37, 1, 0.02%, 0, 0, 2, 70.03
1650988983, 0, 0, 42, 42, 1, 0.02%, 0, 0, 2, 89.56
1650988988, 0, 0, 50, 50, 1, 0.02%, 0, 0, 2, 67.42
1650988998, 0, 0, 52, 52, 1, 0.02%, 0, 0, 2, 68.06
1650989004, 0, 0, 55, 55, 1, 0.02%, 0, 0, 2, 70.29
1650989024, 0, 0, 56, 56, 1, 0.02%, 0, 0, 2, 70.93
1650989029, 0, 0, 58, 58, 1, 0.02%, 0, 0, 2, 70.56
1650989039, 0, 0, 59, 59, 1, 0.02%, 0, 0, 2, 71.27
1650989064, 0, 0, 60, 60, 1, 0.02%, 0, 0, 2, 71.23
1650989105, 0, 0, 61, 61, 1, 0.02%, 0, 0, 2, 71.18
1650989115, 0, 0, 62, 62, 1, 0.02%, 0, 0, 2, 67.92
1650989120, 0, 0, 63, 63, 1, 0.02%, 0, 0, 2, 67.54
1650989135, 0, 0, 64, 64, 1, 0.02%, 0, 0, 2, 69.61
1650989145, 0, 0, 65, 65, 1, 0.02%, 0, 0, 2, 78.42
1650989216, 0, 0, 70, 70, 1, 0.02%, 0, 0, 2, 69.95
1650989329, 0, 0, 71, 71, 1, 0.02%, 0, 0, 2, 120.45
1650989334, 0, 0, 79, 79, 1, 0.02%, 0, 0, 2, 72.40
1650989339, 0, 0, 86, 86, 1, 0.02%, 0, 0, 2, 67.58
1650989344, 0, 0, 87, 87, 1, 0.02%, 0, 0, 2, 60.47
1650989375, 0, 0, 88, 88, 1, 0.02%, 0, 0, 2, 67.37
1650989380, 0, 0, 90, 90, 1, 0.02%, 0, 0, 2, 69.88
1650989395, 0, 0, 94, 94, 1, 0.02%, 0, 0, 2, 70.61
1650989431, 0, 0, 96, 96, 1, 0.02%, 0, 0, 2, 70.19
1650989585, 0, 0, 97, 97, 1, 0.02%, 0, 0, 2, 68.90
1650989891, 0, 0, 98, 98, 1, 0.02%, 0, 0, 2, 145.97
1650989921, 0, 0, 99, 99, 1, 0.02%, 0, 0, 2, 58.81
1650989926, 0, 0, 101, 101, 1, 0.02%, 0, 0, 2, 57.44
1650989931, 0, 0, 103, 103, 1, 0.02%, 0, 0, 2, 56.35
1650989936, 0, 0, 109, 109, 1, 0.02%, 0, 0, 2, 56.47
1650989942, 0, 0, 112, 112, 1, 0.02%, 0, 0, 2, 57.13
1650989947, 0, 0, 118, 118, 1, 0.02%, 0, 0, 2, 57.33
1650989952, 0, 0, 121, 121, 1, 0.02%, 0, 0, 2, 63.16
1650989957, 0, 0, 124, 124, 1, 0.02%, 0, 0, 2, 67.31
1650989962, 0, 0, 129, 129, 1, 0.03%, 0, 0, 2, 67.08
1650989972, 0, 0, 130, 130, 1, 0.03%, 0, 0, 2, 58.91
1650994155, 0, 0, 131, 131, 1, 0.03%, 0, 0, 2, 66.82
1650994160, 0, 0, 133, 133, 1, 0.03%, 0, 0, 2, 59.46
1650994201, 0, 0, 137, 137, 1, 0.03%, 0, 0, 2, 72.79
1650994207, 0, 0, 143, 143, 1, 0.03%, 0, 0, 2, 76.21
1650994212, 0, 0, 144, 144, 1, 0.03%, 0, 0, 2, 80.19
1650994217, 0, 0, 147, 147, 1, 0.03%, 0, 0, 2, 76.74
1650994227, 0, 0, 149, 149, 1, 0.03%, 0, 0, 2, 80.19
1650994232, 0, 0, 152, 152, 1, 0.03%, 0, 0, 2, 78.70
1650994253, 0, 0, 154, 154, 1, 0.03%, 0, 0, 2, 80.98
1650994258, 0, 0, 155, 155, 1, 0.03%, 0, 0, 2, 78.55
1650994263, 0, 0, 156, 156, 1, 0.03%, 0, 0, 2, 78.91
1650994268, 0, 0, 157, 157, 1, 0.03%, 0, 0, 2, 79.67
1650994274, 0, 0, 158, 158, 1, 0.03%, 0, 0, 2, 78.91
1650994279, 0, 0, 159, 159, 1, 0.03%, 0, 0, 2, 78.34
1650994294, 0, 0, 162, 162, 1, 0.03%, 0, 0, 2, 80.38
1650994305, 0, 0, 163, 163, 1, 0.03%, 0, 0, 2, 80.49
1650994310, 0, 0, 165, 165, 1, 0.03%, 0, 0, 2, 78.93
1650994320, 0, 0, 166, 166, 1, 0.03%, 0, 0, 2, 80.05
1650994330, 0, 0, 167, 167, 1, 0.03%, 0, 0, 2, 77.95
1650994341, 0, 0, 168, 168, 1, 0.03%, 0, 0, 2, 77.68
1650994356, 0, 0, 169, 169, 1, 0.03%, 0, 0, 2, 77.67
1650994387, 0, 0, 170, 170, 1, 0.03%, 0, 0, 2, 77.51
1650994392, 0, 0, 171, 171, 1, 0.03%, 0, 0, 2, 77.37
1650994397, 0, 0, 172, 172, 1, 0.03%, 0, 0, 2, 78.47
1650994408, 0, 4, 172, 171, 45, 0.03%, 0, 0, 2, 75.34
1650994735, 0, 5, 172, 170, 43, 0.03%, 0, 0, 2, 104.20
1650994741, 0, 5, 173, 171, 43, 0.03%, 1, 0, 3, 105.78
1650994746, 0, 5, 174, 172, 43, 0.03%, 1, 0, 3, 85.28
1650994751, 0, 5, 177, 175, 43, 0.03%, 1, 0, 3, 85.36
1650994771, 0, 5, 178, 176, 43, 0.03%, 1, 0, 3, 82.58
1650994818, 0, 5, 179, 177, 43, 0.03%, 1, 0, 3, 61.74
1650994833, 0, 5, 180, 178, 43, 0.03%, 1, 0, 3, 76.40
1650994848, 0, 5, 181, 179, 43, 0.03%, 1, 0, 3, 76.64
1650995003, 0, 5, 182, 180, 43, 0.03%, 1, 0, 3, 74.34
1650995008, 0, 7, 182, 179, 43, 0.03%, 1, 0, 3, 94.28
1650995336, 0, 8, 182, 178, 42, 0.03%, 1, 0, 3, 89.74
1650995423, 0, 8, 183, 179, 42, 0.03%, 1, 0, 3, 57.34
1650995443, 0, 8, 184, 180, 42, 0.03%, 1, 0, 3, 71.18
1650995648, 0, 14, 184, 179, 41, 0.03%, 1, 0, 3, 102.56
1651000933, 0, 14, 186, 181, 41, 0.03%, 1, 0, 3, 77.02
1651000939, 0, 14, 187, 182, 41, 0.03%, 1, 0, 3, 78.86
1651000975, 0, 14, 188, 183, 41, 0.03%, 1, 0, 3, 80.35
1651001032, 0, 14, 189, 184, 41, 0.03%, 1, 0, 3, 78.57
1651001052, 0, 14, 190, 185, 41, 0.03%, 1, 0, 3, 79.83
1651001073, 0, 14, 191, 186, 41, 0.03%, 2, 0, 3, 81.24
1651001089, 0, 14, 192, 187, 41, 0.03%, 2, 0, 3, 80.82
1651001094, 0, 14, 194, 189, 41, 0.03%, 2, 0, 3, 80.07
1651001109, 0, 14, 195, 190, 41, 0.03%, 2, 0, 3, 77.57
1651001114, 0, 14, 196, 191, 41, 0.03%, 2, 0, 3, 81.99
1651001135, 0, 21, 196, 190, 42, 0.03%, 2, 0, 3, 73.23
1651001145, 0, 21, 197, 191, 42, 0.03%, 2, 0, 3, 62.53
1651001253, 0, 21, 198, 192, 42, 0.03%, 2, 0, 3, 57.50
1651001463, 0, 31, 198, 191, 42, 0.03%, 2, 0, 3, 86.71
1651001468, 0, 31, 198, 191, 42, 0.03%, 3, 0, 3, 89.86
1651001473, 0, 31, 198, 191, 42, 0.03%, 6, 0, 3, 66.58
1651001504, 0, 31, 198, 191, 42, 0.03%, 10, 0, 3, 69.39
1651001790, 0, 41, 198, 190, 41, 0.03%, 10, 0, 3, 164.31
1651001831, 0, 42, 199, 190, 40, 0.03%, 10, 0, 3, 91.55
1651002158, 0, 42, 200, 191, 40, 0.03%, 10, 0, 3, 122.89
1651002163, 0, 43, 200, 190, 40, 0.03%, 10, 0, 3, 92.28
1651002496, 0, 47, 200, 189, 40, 0.03%, 10, 0, 3, 94.21
1651002573, 0, 47, 201, 190, 40, 0.03%, 10, 0, 3, 60.31
1651002594, 0, 47, 202, 191, 40, 0.03%, 10, 0, 3, 77.56
1651002769, 0, 51, 202, 190, 40, 0.03%, 10, 0, 3, 84.92
1651004049, 0, 51, 205, 193, 40, 0.03%, 10, 0, 3, 69.75
1651004054, 0, 51, 206, 194, 40, 0.03%, 10, 0, 3, 69.81
1651004059, 0, 51, 207, 195, 40, 0.03%, 10, 0, 3, 70.02
1651008100, 0, 52, 207, 194, 44, 0.03%, 10, 0, 3, 74.31
1651008227, 0, 52, 208, 195, 44, 0.03%, 10, 0, 3, 71.10
1651009462, 0, 52, 209, 196, 44, 0.03%, 10, 0, 3, 70.59
1651013409, 0, 54, 209, 195, 45, 0.03%, 10, 0, 3, 72.32
1651013435, 0, 54, 210, 196, 45, 0.03%, 10, 0, 3, 70.08
1651013527, 0, 54, 211, 197, 45, 0.03%, 10, 0, 3, 71.14
1651013609, 0, 54, 212, 198, 45, 0.03%, 10, 0, 3, 69.26
1651014140, 0, 57, 212, 197, 44, 0.03%, 10, 0, 3, 78.54
1651014291, 0, 57, 213, 198, 44, 0.03%, 10, 0, 3, 71.07
1651019400, 0, 57, 214, 199, 44, 0.03%, 10, 0, 3, 75.63
1651019410, 0, 60, 214, 198, 44, 0.03%, 10, 0, 3, 75.12
1651019679, 0, 60, 215, 199, 44, 0.03%, 10, 0, 3, 70.64
1651024708, 0, 62, 215, 198, 43, 0.03%, 10, 0, 3, 76.56
1651024986, 0, 62, 216, 199, 43, 0.03%, 10, 0, 3, 57.81
1651025979, 0, 62, 217, 200, 43, 0.03%, 10, 0, 3, 57.56
1651031125, 0, 63, 217, 199, 43, 0.03%, 10, 0, 3, 73.49
1651031340, 0, 64, 217, 198, 42, 0.03%, 10, 0, 3, 104.15
1651031524, 0, 70, 217, 197, 41, 0.03%, 10, 0, 3, 82.61
1651031622, 0, 70, 218, 198, 41, 0.03%, 10, 0, 3, 68.76
1651032331, 0, 73, 218, 197, 41, 0.03%, 10, 0, 3, 77.07
1651032423, 0, 73, 219, 198, 41, 0.03%, 10, 0, 3, 71.60
1651032505, 0, 73, 220, 199, 41, 0.03%, 10, 0, 3, 59.13
1651032613, 0, 73, 221, 200, 41, 0.03%, 10, 0, 3, 60.95
1651033121, 0, 76, 221, 199, 40, 0.03%, 10, 0, 3, 102.67
1651033136, 0, 76, 222, 200, 40, 0.03%, 10, 0, 3, 65.10
1651033208, 0, 76, 223, 201, 40, 0.03%, 10, 0, 3, 60.79
1651033437, 0, 78, 223, 200, 39, 0.03%, 10, 0, 3, 80.31
1651033524, 0, 78, 224, 201, 39, 0.03%, 10, 0, 3, 58.79
1651033530, 0, 78, 225, 202, 39, 0.03%, 10, 0, 3, 58.59
1651033703, 0, 78, 226, 203, 39, 0.03%, 10, 0, 3, 58.32
1651033754, 0, 88, 226, 202, 38, 0.03%, 10, 0, 3, 87.92
1651034443, 0, 88, 227, 203, 38, 0.03%, 10, 0, 3, 71.82
1651038963, 0, 88, 228, 204, 38, 0.03%, 10, 0, 3, 78.02
1651038973, 0, 89, 228, 203, 36, 0.03%, 10, 0, 3, 71.71
1651039735, 0, 89, 229, 204, 36, 0.03%, 10, 0, 3, 71.38
1651044098, 0, 102, 229, 203, 36, 0.03%, 10, 0, 3, 75.81
1651049589, 0, 103, 229, 202, 35, 0.03%, 10, 0, 3, 71.43
1651049599, 0, 103, 230, 203, 35, 0.03%, 10, 0, 3, 57.75
1651049651, 0, 103, 231, 204, 35, 0.03%, 10, 0, 3, 62.79
1651049738, 0, 103, 232, 205, 35, 0.03%, 10, 0, 3, 55.67
1651049907, 0, 103, 233, 206, 35, 0.03%, 10, 0, 3, 50.90
1651049912, 0, 103, 234, 207, 35, 0.03%, 10, 0, 3, 43.55
1651049923, 0, 103, 236, 209, 35, 0.03%, 10, 0, 3, 42.45
1651049928, 0, 103, 237, 210, 35, 0.03%, 10, 0, 3, 48.33
1651049933, 0, 103, 238, 211, 35, 0.03%, 10, 0, 3, 50.52
1651049948, 0, 103, 239, 212, 35, 0.03%, 10, 0, 3, 42.20
1651050251, 0, 113, 239, 211, 37, 0.03%, 10, 0, 3, 95.95
1651051102, 0, 126, 239, 210, 37, 0.03%, 10, 0, 3, 98.15
1651051231, 0, 126, 240, 211, 37, 0.03%, 10, 0, 3, 65.04
1651051287, 0, 126, 241, 212, 37, 0.03%, 10, 0, 3, 67.47
1651051303, 0, 126, 242, 213, 37, 0.03%, 10, 0, 3, 67.16
1651052257, 0, 126, 243, 214, 37, 0.03%, 10, 0, 3, 55.87
1651052499, 0, 126, 244, 215, 37, 0.03%, 10, 0, 3, 64.57
1651057007, 0, 126, 245, 216, 37, 0.03%, 10, 0, 3, 77.11
1651057012, 0, 126, 246, 217, 37, 0.03%, 10, 0, 3, 77.13
1651057038, 0, 128, 246, 216, 37, 0.03%, 10, 0, 3, 74.64
1651058187, 0, 128, 247, 217, 37, 0.04%, 10, 0, 3, 55.10
1651062980, 0, 137, 247, 216, 36, 0.04%, 10, 0, 3, 80.95
1651065118, 0, 143, 247, 215, 35, 0.04%, 10, 0, 3, 86.14
1651065776, 0, 143, 248, 216, 35, 0.04%, 10, 0, 3, 71.11
1651070483, 0, 157, 248, 215, 34, 0.04%, 10, 0, 3, 67.96
1651071216, 0, 157, 249, 216, 34, 0.04%, 10, 0, 3, 100.96
1651071221, 0, 157, 250, 217, 34, 0.04%, 10, 0, 3, 117.80
1651071231, 0, 166, 250, 216, 34, 0.04%, 10, 0, 3, 94.29
1651071236, 0, 166, 252, 218, 34, 0.04%, 10, 0, 3, 67.03
1651071434, 0, 166, 253, 219, 34, 0.04%, 10, 0, 3, 63.89
1651071444, 0, 166, 254, 220, 34, 0.04%, 10, 0, 3, 58.46
1651074198, 0, 166, 255, 221, 34, 0.04%, 10, 0, 3, 71.74
1651074203, 0, 166, 257, 223, 34, 0.04%, 10, 0, 3, 85.35
1651074219, 0, 166, 258, 224, 34, 0.04%, 10, 0, 3, 84.58
1651074224, 0, 166, 259, 225, 34, 0.04%, 10, 0, 3, 87.42
1651074234, 0, 166, 260, 226, 34, 0.04%, 10, 0, 3, 86.42
1651074244, 0, 166, 261, 227, 34, 0.04%, 10, 0, 3, 85.36
1651074255, 0, 166, 262, 228, 34, 0.04%, 10, 0, 3, 83.92
1651074306, 0, 166, 263, 229, 34, 0.04%, 10, 0, 3, 88.37
1651074358, 0, 166, 264, 230, 34, 0.04%, 10, 0, 3, 86.50
1651074384, 0, 173, 265, 230, 34, 0.04%, 10, 0, 3, 84.86
1651074394, 0, 173, 269, 234, 34, 0.04%, 10, 0, 4, 76.32
1651074420, 0, 173, 270, 235, 34, 0.04%, 10, 0, 4, 61.52
1651074532, 0, 173, 271, 236, 34, 0.04%, 10, 0, 4, 54.83
1651074712, 0, 174, 271, 235, 35, 0.04%, 10, 0, 4, 115.39
1651074717, 0, 174, 273, 237, 35, 0.04%, 11, 0, 4, 98.63
1651074918, 0, 174, 274, 238, 35, 0.04%, 11, 0, 4, 72.23
1651074984, 0, 174, 275, 239, 35, 0.04%, 11, 0, 4, 131.93
1651074990, 0, 175, 275, 238, 36, 0.04%, 11, 0, 4, 109.88
1651075257, 0, 177, 275, 237, 35, 0.04%, 11, 0, 4, 120.63
1651075555, 0, 182, 275, 236, 34, 0.04%, 11, 0, 4, 89.40
1651075631, 0, 182, 276, 237, 34, 0.04%, 11, 0, 4, 69.19
1651075852, 0, 182, 277, 238, 34, 0.04%, 11, 0, 4, 43.27
1651076098, 0, 184, 277, 237, 33, 0.04%, 11, 0, 4, 100.69
1651076118, 0, 184, 278, 238, 33, 0.04%, 11, 0, 4, 68.86
1651076169, 0, 184, 279, 239, 33, 0.04%, 11, 0, 4, 67.90
1651079055, 0, 184, 281, 241, 33, 0.04%, 11, 0, 4, 79.91
1651079060, 0, 184, 282, 242, 33, 0.04%, 11, 0, 4, 86.64
1651079101, 0, 192, 282, 241, 33, 0.04%, 11, 0, 4, 66.58
1651082128, 0, 194, 282, 240, 32, 0.04%, 11, 0, 4, 74.21
1651085402, 0, 195, 282, 239, 31, 0.04%, 11, 0, 4, 75.38
1651085417, 0, 195, 283, 240, 31, 0.04%, 11, 0, 4, 71.23
1651085971, 0, 195, 284, 241, 31, 0.04%, 11, 0, 4, 71.36
1651087809, 0, 195, 285, 242, 31, 0.04%, 11, 0, 4, 71.89
1651088564, 0, 196, 285, 241, 32, 0.04%, 11, 0, 4, 77.91
1651088877, 0, 198, 285, 240, 31, 0.04%, 11, 0, 4, 81.59
1651089187, 0, 201, 285, 239, 30, 0.04%, 11, 0, 4, 97.28
1651089718, 0, 202, 285, 238, 29, 0.04%, 11, 0, 4, 80.13
1651089748, 0, 202, 286, 239, 29, 0.04%, 11, 0, 4, 68.18
1651095150, 0, 202, 288, 241, 29, 0.04%, 11, 0, 4, 78.60
1651095171, 0, 204, 288, 240, 29, 0.04%, 11, 0, 4, 74.80
1651095202, 0, 204, 289, 241, 29, 0.04%, 11, 0, 4, 70.05
1651096012, 0, 204, 290, 242, 29, 0.04%, 11, 0, 4, 70.85
1651100678, 0, 204, 291, 243, 29, 0.04%, 11, 0, 4, 76.59
1651100688, 0, 205, 291, 242, 28, 0.04%, 11, 0, 4, 73.74
1651106255, 0, 205, 292, 243, 28, 0.04%, 11, 0, 4, 74.92
1651106266, 0, 206, 292, 242, 28, 0.04%, 11, 0, 4, 73.91
1651111963, 0, 211, 292, 241, 27, 0.04%, 11, 0, 4, 74.34
1651112810, 0, 212, 292, 240, 26, 0.04%, 11, 0, 4, 91.85
1651112999, 0, 212, 293, 241, 26, 0.04%, 11, 0, 4, 70.39
1651118092, 0, 217, 293, 240, 25, 0.04%, 11, 0, 4, 70.49
1651118896, 0, 222, 293, 239, 24, 0.04%, 11, 0, 4, 77.82
1651119194, 0, 222, 294, 240, 24, 0.04%, 11, 0, 4, 48.20
1651119465, 0, 226, 294, 239, 23, 0.04%, 11, 0, 4, 77.90
1651119978, 0, 226, 295, 240, 23, 0.04%, 11, 0, 4, 70.24
1651124766, 0, 227, 295, 239, 22, 0.04%, 11, 0, 4, 71.58
1651124776, 0, 227, 299, 243, 22, 0.04%, 11, 0, 4, 70.56
1651127835, 0, 227, 301, 245, 22, 0.04%, 11, 0, 4, 84.84
1651127856, 0, 228, 301, 244, 20, 0.04%, 11, 0, 4, 72.50
1651128591, 0, 228, 302, 245, 20, 0.04%, 11, 0, 4, 70.24
1651133080, 0, 230, 302, 244, 19, 0.04%, 11, 0, 4, 69.80
1651133634, 0, 232, 302, 243, 18, 0.04%, 11, 0, 4, 65.82
1651134437, 0, 233, 302, 242, 17, 0.04%, 11, 0, 4, 88.30
1651135246, 0, 238, 302, 241, 16, 0.04%, 11, 0, 4, 66.52
1651135262, 0, 238, 303, 242, 16, 0.04%, 11, 0, 4, 47.47
1651135696, 0, 238, 304, 243, 16, 0.04%, 11, 0, 4, 43.46
1651136085, 0, 238, 305, 244, 16, 0.04%, 11, 0, 4, 45.05
1651136090, 0, 238, 307, 246, 16, 0.04%, 11, 0, 4, 42.66
1651136095, 0, 238, 308, 247, 16, 0.04%, 11, 0, 4, 42.44
1651136420, 0, 239, 308, 246, 17, 0.04%, 11, 0, 4, 89.31
1651136934, 0, 246, 308, 245, 16, 0.04%, 11, 0, 4, 74.56
1651136949, 0, 246, 309, 246, 16, 0.04%, 11, 0, 4, 43.46
1651138901, 0, 246, 310, 247, 16, 0.04%, 11, 0, 4, 42.22
1651138906, 0, 246, 311, 248, 16, 0.04%, 11, 0, 4, 47.82
1651146322, 0, 248, 311, 247, 16, 0.04%, 11, 0, 4, 76.33
1651147254, 0, 262, 311, 246, 15, 0.04%, 11, 0, 4, 71.28
1651147259, 0, 262, 313, 248, 15, 0.04%, 11, 0, 4, 66.23
1651147482, 0, 262, 314, 249, 15, 0.04%, 11, 0, 4, 60.52
1651148526, 0, 262, 315, 250, 15, 0.04%, 11, 0, 4, 59.97
1651148669, 0, 268, 315, 249, 14, 0.04%, 11, 0, 4, 83.65
1651149007, 0, 269, 315, 248, 13, 0.04%, 11, 0, 4, 86.64
1651149346, 0, 271, 315, 247, 12, 0.04%, 11, 0, 4, 113.33
1651149624, 0, 272, 315, 246, 11, 0.04%, 11, 0, 4, 119.82
1651149639, 0, 272, 315, 246, 11, 0.04%, 12, 0, 4, 87.02
1651149829, 0, 272, 316, 247, 11, 0.04%, 12, 0, 5, 71.14
1651149896, 0, 272, 317, 248, 11, 0.04%, 12, 0, 5, 121.67
1651149912, 0, 276, 317, 247, 10, 0.04%, 12, 0, 5, 70.72
1651149998, 0, 276, 318, 248, 10, 0.04%, 12, 0, 5, 45.31
1651150029, 0, 276, 319, 249, 10, 0.04%, 12, 0, 5, 41.85
1651150778, 0, 276, 320, 250, 10, 0.04%, 12, 0, 5, 43.77
1651150829, 0, 276, 321, 251, 10, 0.04%, 12, 0, 5, 55.89
1651151075, 0, 278, 321, 250, 13, 0.04%, 12, 0, 5, 80.58
1651151147, 0, 278, 322, 251, 13, 0.04%, 12, 0, 5, 69.72
1651151538, 0, 278, 323, 252, 13, 0.04%, 12, 0, 5, 70.87
1651154076, 0, 282, 323, 251, 14, 0.04%, 12, 0, 5, 81.11
1651157278, 0, 285, 323, 250, 13, 0.04%, 12, 0, 5, 76.88
1651163949, 0, 288, 323, 249, 12, 0.04%, 12, 0, 5, 65.36
1651170708, 0, 288, 324, 250, 12, 0.04%, 12, 0, 5, 71.59
1651170724, 0, 291, 324, 249, 11, 0.04%, 12, 0, 5, 73.76
1651176714, 0, 291, 325, 250, 11, 0.04%, 12, 0, 5, 79.28
1651176725, 0, 291, 325, 250, 11, 0.04%, 13, 0, 5, 77.58
1651176735, 0, 302, 325, 249, 10, 0.04%, 13, 0, 5, 57.54
1651177539, 0, 302, 326, 250, 10, 0.04%, 13, 0, 5, 53.65
1651177753, 0, 306, 326, 249, 9, 0.04%, 13, 0, 5, 105.41
1651177758, 0, 306, 327, 250, 9, 0.04%, 13, 0, 5, 57.97
1651177819, 0, 306, 328, 251, 9, 0.04%, 13, 0, 5, 41.22
1651179235, 0, 307, 328, 250, 10, 0.04%, 13, 0, 5, 57.61
1651179297, 0, 307, 329, 251, 10, 0.04%, 13, 0, 5, 41.04
1651180821, 0, 308, 329, 250, 10, 0.04%, 13, 0, 5, 82.69
1651182000, 0, 308, 330, 251, 10, 0.04%, 13, 0, 5, 48.26
1651190853, 0, 311, 330, 250, 9, 0.04%, 13, 0, 5, 63.24
1651192169, 0, 317, 330, 249, 9, 0.04%, 13, 0, 5, 90.43
1651193225, 0, 319, 330, 248, 7, 0.04%, 13, 0, 5, 103.20
1651194622, 0, 321, 330, 247, 6, 0.04%, 13, 0, 5, 79.44
1651194700, 0, 321, 331, 248, 6, 0.04%, 13, 0, 6, 71.97
1651197600, 0, 321, 332, 249, 6, 0.04%, 13, 0, 6, 83.30
1651197610, 0, 321, 333, 250, 6, 0.04%, 13, 0, 6, 84.28
1651197620, 0, 321, 334, 251, 6, 0.04%, 13, 0, 6, 84.60
1651197687, 0, 322, 334, 250, 6, 0.04%, 13, 0, 6, 81.69
1651197703, 0, 322, 340, 256, 6, 0.04%, 13, 0, 6, 70.50
1651197738, 0, 322, 341, 257, 6, 0.04%, 13, 0, 6, 71.03
1651197799, 0, 322, 342, 258, 6, 0.04%, 13, 0, 6, 71.22
1651197804, 0, 322, 343, 259, 6, 0.04%, 13, 0, 6, 71.40
1651198214, 0, 322, 344, 260, 6, 0.04%, 13, 0, 6, 70.85
1651199929, 0, 322, 345, 261, 6, 0.04%, 13, 0, 6, 71.71
1651200726, 0, 322, 346, 262, 6, 0.04%, 13, 0, 6, 79.11
1651200731, 0, 322, 347, 263, 6, 0.04%, 13, 0, 6, 83.19
1651200772, 0, 327, 347, 262, 9, 0.04%, 13, 0, 6, 64.05
1651202304, 0, 328, 347, 261, 8, 0.04%, 13, 0, 6, 72.99
1651203833, 0, 334, 347, 260, 7, 0.04%, 13, 0, 6, 81.57
1651206818, 0, 334, 348, 261, 7, 0.04%, 13, 0, 7, 71.03
1651206844, 0, 335, 348, 260, 7, 0.04%, 13, 0, 7, 75.36
1651206854, 0, 335, 349, 261, 7, 0.04%, 13, 0, 7, 71.69
1651209883, 0, 335, 350, 262, 7, 0.04%, 13, 0, 7, 81.38
1651209903, 0, 340, 350, 261, 7, 0.04%, 13, 0, 7, 79.51
1651210015, 0, 340, 351, 262, 7, 0.04%, 13, 0, 7, 71.43
1651212909, 0, 340, 352, 263, 7, 0.04%, 13, 0, 7, 86.34
1651212924, 0, 345, 352, 262, 7, 0.04%, 13, 0, 7, 79.09
1651212985, 0, 345, 353, 263, 7, 0.04%, 13, 0, 7, 71.69
1651214831, 0, 345, 354, 264, 7, 0.04%, 13, 0, 7, 69.93
1651214836, 0, 345, 355, 265, 7, 0.04%, 13, 0, 7, 88.08
1651214878, 0, 346, 355, 264, 7, 0.04%, 13, 0, 7, 75.78
1651214969, 0, 346, 359, 268, 7, 0.04%, 13, 0, 7, 71.48
1651215060, 0, 346, 360, 269, 7, 0.04%, 13, 0, 7, 71.23
1651215283, 0, 346, 361, 270, 7, 0.04%, 13, 0, 7, 71.20
1651217953, 0, 346, 362, 271, 7, 0.04%, 13, 0, 7, 71.44
1651217978, 0, 346, 363, 272, 7, 0.04%, 13, 0, 7, 71.45
1651217999, 0, 348, 363, 271, 8, 0.04%, 13, 0, 7, 82.61
