# unix_time, cycles_done, cur_path, paths_total, pending_total, pending_favs, map_size, unique_crashes, unique_hangs, max_depth, execs_per_sec
1629262824, 0, 0, 1, 1, 1, 0.07%, 0, 0, 1, 0.12
1629262876, 0, 0, 2, 2, 1, 0.07%, 1, 0, 2, 4.19
1629262881, 0, 0, 4, 4, 1, 0.07%, 2, 0, 2, 3.73
1629262887, 0, 0, 4, 4, 1, 0.07%, 3, 0, 2, 4.52
1629262897, 0, 0, 5, 5, 1, 0.07%, 8, 0, 2, 5.52
1629262902, 0, 0, 5, 5, 1, 0.07%, 10, 0, 2, 5.08
1629262907, 0, 0, 7, 7, 1, 0.07%, 10, 0, 2, 4.70
1629262912, 0, 0, 9, 9, 1, 0.07%, 10, 0, 2, 4.40
1629262917, 0, 0, 11, 11, 1, 0.07%, 10, 0, 2, 4.65
1629262922, 0, 0, 13, 13, 1, 0.07%, 10, 0, 2, 4.38
1629262927, 0, 0, 15, 15, 1, 0.07%, 10, 0, 2, 4.75
1629262933, 0, 0, 16, 16, 1, 0.07%, 10, 0, 2, 4.92
1629262938, 0, 0, 18, 18, 1, 0.07%, 10, 0, 2, 4.97
1629262943, 0, 0, 20, 20, 1, 0.07%, 10, 0, 2, 4.62
1629262948, 0, 0, 21, 21, 1, 0.07%, 10, 0, 2, 4.76
1629262954, 0, 0, 23, 23, 1, 0.07%, 10, 0, 2, 4.80
1629262959, 0, 0, 25, 25, 1, 0.08%, 10, 0, 2, 4.68
1629262964, 0, 0, 27, 27, 1, 0.08%, 10, 0, 2, 4.80
1629262969, 0, 0, 28, 28, 1, 0.08%, 10, 0, 2, 4.71
1629262974, 0, 0, 30, 30, 1, 0.08%, 10, 0, 2, 4.73
1629262979, 0, 0, 31, 31, 1, 0.08%, 10, 0, 2, 4.83
1629262984, 0, 0, 33, 33, 1, 0.08%, 10, 0, 2, 4.97
1629262989, 0, 0, 35, 35, 1, 0.08%, 10, 0, 2, 4.59
1629262994, 0, 0, 36, 36, 1, 0.08%, 10, 0, 2, 4.63
1629262999, 0, 0, 38, 38, 1, 0.08%, 10, 0, 2, 4.72
1629263005, 0, 0, 40, 40, 1, 0.08%, 10, 0, 2, 5.03
1629263010, 0, 0, 42, 42, 1, 0.08%, 10, 0, 2, 5.11
1629263015, 0, 0, 44, 44, 1, 0.08%, 10, 0, 2, 4.81
1629263020, 0, 0, 46, 46, 1, 0.08%, 10, 0, 2, 4.48
1629263025, 0, 0, 47, 47, 1, 0.08%, 10, 0, 2, 4.50
1629263030, 0, 0, 48, 48, 1, 0.08%, 10, 0, 2, 4.23
1629263041, 0, 0, 50, 50, 1, 0.08%, 10, 0, 2, 4.78
1629263051, 0, 0, 51, 51, 1, 0.08%, 10, 0, 2, 4.46
1629263061, 0, 0, 52, 52, 1, 0.08%, 10, 0, 2, 4.72
1629263087, 0, 0, 53, 53, 1, 0.08%, 10, 0, 2, 4.88
1629263133, 0, 0, 54, 54, 1, 0.08%, 10, 0, 2, 5.90
1629263164, 0, 0, 55, 55, 1, 0.08%, 10, 0, 2, 7.28
1629263169, 0, 0, 58, 58, 1, 0.08%, 10, 0, 2, 6.79
1629263175, 0, 0, 60, 60, 1, 0.08%, 10, 0, 2, 6.22
1629263185, 0, 0, 62, 62, 1, 0.08%, 10, 0, 2, 6.43
1629263205, 0, 0, 63, 63, 1, 0.08%, 10, 0, 2, 6.58
1629263211, 0, 0, 64, 64, 1, 0.08%, 10, 0, 2, 6.61
1629263226, 0, 0, 65, 65, 1, 0.08%, 10, 0, 2, 6.84
1629263231, 0, 0, 66, 66, 1, 0.08%, 10, 0, 2, 6.58
1629263272, 0, 0, 67, 67, 1, 0.08%, 10, 0, 2, 6.42
1629263277, 0, 0, 68, 68, 1, 0.08%, 10, 0, 2, 6.48
1629263283, 0, 0, 70, 70, 1, 0.08%, 10, 0, 2, 6.16
1629263293, 0, 0, 71, 71, 1, 0.08%, 10, 0, 2, 6.48
1629263303, 0, 0, 72, 72, 1, 0.08%, 10, 0, 2, 6.02
1629263308, 0, 0, 73, 73, 1, 0.08%, 10, 0, 2, 5.93
1629263314, 0, 0, 74, 74, 1, 0.08%, 10, 0, 2, 6.60
1629263319, 0, 0, 76, 76, 1, 0.08%, 10, 0, 2, 6.47
1629263360, 0, 0, 78, 78, 1, 0.08%, 10, 0, 2, 6.57
1629263365, 0, 0, 80, 80, 1, 0.08%, 10, 0, 2, 6.21
1629263396, 0, 0, 81, 81, 1, 0.08%, 10, 0, 2, 6.95
1629263401, 0, 0, 83, 83, 1, 0.08%, 10, 0, 2, 7.06
1629263417, 0, 0, 84, 84, 1, 0.08%, 10, 0, 2, 5.90
1629263422, 0, 0, 85, 85, 1, 0.08%, 10, 0, 2, 9.63
1629263437, 0, 0, 86, 86, 1, 0.08%, 10, 0, 2, 8.36
1629263443, 0, 0, 87, 87, 1, 0.08%, 10, 0, 2, 7.68
1629263448, 0, 0, 89, 89, 1, 0.08%, 10, 0, 2, 7.40
1629263453, 0, 0, 90, 90, 1, 0.08%, 10, 0, 2, 7.04
1629263458, 0, 0, 91, 91, 1, 0.08%, 10, 0, 2, 6.84
1629263463, 0, 0, 94, 94, 1, 0.08%, 10, 0, 2, 6.46
1629263576, 0, 0, 95, 95, 1, 0.08%, 10, 0, 2, 6.01
1629263582, 0, 0, 96, 96, 1, 0.08%, 10, 0, 2, 6.55
1629263592, 0, 0, 97, 97, 1, 0.08%, 10, 0, 2, 6.14
1629263669, 0, 0, 98, 98, 1, 0.08%, 10, 0, 2, 6.92
1629263690, 0, 0, 99, 99, 1, 0.08%, 10, 0, 2, 6.37
1629263788, 0, 0, 100, 100, 1, 0.08%, 10, 0, 2, 6.11
1629263814, 0, 0, 101, 101, 1, 0.08%, 10, 0, 2, 8.27
1629263819, 0, 0, 102, 102, 1, 0.08%, 10, 0, 2, 7.59
1629263829, 0, 0, 103, 103, 1, 0.08%, 10, 0, 2, 7.07
1629263834, 0, 0, 105, 105, 1, 0.08%, 10, 0, 2, 7.20
1629264196, 0, 0, 106, 106, 1, 0.08%, 10, 0, 2, 7.35
1629264217, 0, 0, 107, 107, 1, 0.08%, 10, 0, 2, 6.01
1629264227, 0, 0, 108, 108, 1, 0.08%, 11, 0, 2, 7.89
1629264258, 0, 0, 109, 109, 1, 0.08%, 11, 0, 2, 6.39
1629264269, 0, 0, 110, 110, 1, 0.08%, 11, 0, 2, 8.63
1629264315, 0, 0, 110, 110, 1, 0.08%, 12, 0, 2, 9.87
1629264346, 0, 0, 111, 111, 1, 0.08%, 12, 0, 2, 7.79
1629264382, 0, 0, 112, 112, 1, 0.08%, 12, 0, 2, 7.30
1629264392, 0, 0, 113, 113, 1, 0.08%, 12, 0, 2, 6.89
1629264397, 0, 0, 114, 114, 1, 0.08%, 12, 0, 2, 7.25
1629264469, 0, 0, 115, 115, 1, 0.08%, 12, 0, 2, 7.06
1629264474, 0, 0, 116, 116, 1, 0.08%, 12, 0, 2, 6.69
1629264479, 0, 0, 118, 118, 1, 0.08%, 12, 0, 2, 6.92
1629264510, 0, 0, 119, 119, 1, 0.08%, 12, 0, 2, 6.42
1629264769, 0, 0, 120, 120, 1, 0.08%, 12, 0, 2, 6.44
1629264815, 0, 0, 121, 121, 1, 0.08%, 12, 0, 2, 5.99
1629265497, 0, 0, 122, 122, 1, 0.08%, 12, 0, 2, 6.02
1629265502, 0, 0, 123, 123, 1, 0.08%, 12, 0, 2, 5.80
1629265760, 0, 0, 124, 124, 1, 0.08%, 12, 0, 2, 5.91
1629265796, 0, 0, 125, 125, 1, 0.08%, 12, 0, 2, 5.78
1629265991, 0, 0, 126, 126, 1, 0.08%, 12, 0, 2, 5.82
1629266162, 0, 0, 126, 126, 1, 0.08%, 13, 0, 2, 8.74
1629266167, 0, 0, 126, 126, 1, 0.08%, 14, 0, 2, 8.24
1629266173, 0, 0, 128, 128, 1, 0.08%, 14, 0, 2, 7.78
1629266316, 0, 0, 129, 129, 1, 0.08%, 14, 0, 2, 6.55
1629266321, 0, 0, 130, 130, 1, 0.08%, 14, 0, 2, 9.27
1629267146, 0, 0, 131, 131, 1, 0.08%, 14, 0, 2, 8.80
1629268273, 0, 0, 131, 131, 1, 0.08%, 15, 0, 2, 10.76
1629268283, 0, 0, 131, 131, 1, 0.08%, 16, 0, 2, 10.53
1629268529, 0, 0, 133, 133, 1, 0.08%, 16, 0, 2, 7.84
1629268540, 0, 0, 134, 134, 1, 0.08%, 16, 0, 2, 7.82
1629268545, 0, 0, 135, 135, 1, 0.08%, 16, 0, 2, 7.86
1629268555, 0, 0, 136, 136, 1, 0.08%, 16, 0, 2, 7.83
1629268565, 0, 0, 137, 137, 1, 0.08%, 16, 0, 2, 7.65
1629268576, 0, 0, 138, 138, 1, 0.08%, 16, 0, 2, 8.17
1629268591, 0, 0, 139, 139, 1, 0.08%, 16, 0, 2, 8.37
1629268607, 0, 0, 140, 140, 1, 0.08%, 16, 0, 2, 8.63
1629268663, 0, 0, 144, 144, 1, 0.08%, 16, 0, 2, 7.57
1629268668, 0, 0, 146, 146, 1, 0.08%, 16, 0, 2, 7.04
1629268683, 0, 0, 147, 147, 1, 0.08%, 16, 0, 2, 7.67
1629268719, 0, 0, 148, 148, 1, 0.08%, 16, 0, 2, 7.11
1629268724, 0, 0, 150, 150, 1, 0.08%, 16, 0, 2, 7.23
1629268745, 0, 0, 151, 151, 1, 0.08%, 16, 0, 2, 7.62
1629268750, 0, 0, 152, 152, 1, 0.08%, 16, 0, 2, 7.14
1629268755, 0, 0, 154, 154, 1, 0.08%, 16, 0, 2, 7.26
1629268781, 0, 0, 155, 155, 1, 0.08%, 16, 0, 2, 7.22
1629268786, 0, 0, 156, 156, 1, 0.08%, 16, 0, 2, 7.25
1629268812, 0, 0, 157, 157, 1, 0.08%, 16, 0, 2, 6.94
1629268868, 0, 0, 158, 158, 1, 0.08%, 16, 0, 2, 6.80
1629268919, 0, 0, 159, 159, 1, 0.08%, 16, 0, 2, 7.31
1629269047, 0, 0, 160, 160, 1, 0.08%, 16, 0, 2, 8.26
1629269052, 0, 0, 161, 161, 1, 0.08%, 16, 0, 2, 6.96
1629269057, 0, 0, 162, 162, 1, 0.08%, 16, 0, 2, 7.04
1629269068, 0, 0, 163, 163, 1, 0.08%, 16, 0, 2, 7.52
1629269093, 0, 0, 164, 164, 1, 0.08%, 16, 0, 2, 7.43
1629269119, 0, 0, 165, 165, 1, 0.08%, 16, 0, 2, 8.08
1629269832, 0, 0, 166, 166, 1, 0.08%, 16, 0, 2, 6.40
1629269986, 0, 0, 167, 167, 1, 0.08%, 16, 0, 2, 6.58
1629270276, 0, 0, 168, 168, 1, 0.08%, 16, 0, 2, 7.17
1629271342, 0, 0, 169, 169, 1, 0.08%, 16, 0, 2, 6.35
1629271614, 0, 0, 170, 170, 1, 0.09%, 16, 0, 2, 10.06
1629271620, 0, 0, 171, 171, 1, 0.09%, 16, 0, 2, 8.07
1629272573, 0, 0, 172, 172, 1, 0.09%, 16, 0, 2, 6.82
1629272882, 0, 0, 173, 173, 1, 0.09%, 16, 0, 2, 7.17
1629272913, 0, 0, 174, 174, 1, 0.09%, 16, 0, 2, 5.90
1629272954, 0, 0, 175, 175, 1, 0.09%, 16, 0, 2, 6.26
1629272985, 0, 0, 176, 176, 1, 0.09%, 16, 0, 2, 6.15
1629273016, 0, 0, 177, 177, 1, 0.09%, 16, 0, 2, 5.62
1629273027, 0, 0, 178, 178, 1, 0.09%, 16, 0, 2, 5.89
1629274642, 0, 0, 179, 179, 1, 0.09%, 16, 0, 2, 7.41
1629274749, 0, 0, 180, 180, 1, 0.09%, 16, 0, 2, 8.11
1629274755, 0, 0, 181, 181, 1, 0.09%, 16, 0, 2, 6.89
1629274770, 0, 0, 182, 182, 1, 0.09%, 16, 0, 2, 11.38
1629274791, 0, 0, 183, 183, 1, 0.09%, 16, 0, 2, 5.51
1629274852, 0, 0, 183, 183, 1, 0.09%, 17, 0, 2, 8.91
1629274949, 0, 0, 185, 185, 1, 0.09%, 17, 0, 2, 7.16
1629274954, 0, 0, 187, 187, 1, 0.09%, 17, 0, 2, 6.41
1629274964, 0, 0, 189, 189, 1, 0.09%, 17, 0, 2, 5.85
1629274970, 0, 0, 190, 190, 1, 0.09%, 17, 0, 2, 5.80
1629274975, 0, 0, 191, 191, 1, 0.09%, 17, 0, 2, 5.64
1629274980, 0, 0, 193, 193, 1, 0.09%, 17, 0, 2, 5.75
1629274990, 0, 0, 194, 194, 1, 0.09%, 17, 0, 2, 5.90
1629274995, 0, 0, 196, 196, 1, 0.09%, 17, 0, 2, 6.28
1629275000, 0, 0, 197, 197, 1, 0.09%, 17, 0, 2, 6.19
1629275006, 0, 0, 198, 198, 1, 0.09%, 17, 0, 2, 6.09
1629275011, 0, 0, 199, 199, 1, 0.09%, 17, 0, 2, 6.19
1629275016, 0, 0, 200, 200, 1, 0.09%, 17, 0, 2, 5.89
1629275021, 0, 0, 201, 201, 1, 0.10%, 17, 0, 2, 5.58
1629275037, 0, 0, 202, 202, 1, 0.10%, 17, 0, 2, 6.95
1629275042, 0, 0, 203, 203, 1, 0.10%, 17, 0, 2, 6.69
1629275052, 0, 0, 205, 205, 1, 0.10%, 17, 0, 2, 6.46
1629275057, 0, 0, 206, 206, 1, 0.10%, 17, 0, 2, 6.13
1629275062, 0, 0, 207, 207, 1, 0.10%, 17, 0, 2, 6.26
1629275094, 0, 0, 208, 208, 1, 0.10%, 17, 0, 2, 6.97
1629275099, 0, 0, 209, 209, 1, 0.10%, 17, 0, 2, 6.73
1629275104, 0, 0, 210, 210, 1, 0.10%, 17, 0, 2, 6.77
1629275114, 0, 0, 212, 212, 1, 0.10%, 17, 0, 2, 6.99
1629275119, 0, 0, 213, 213, 1, 0.10%, 17, 0, 2, 7.67
1629275130, 0, 0, 214, 214, 1, 0.10%, 17, 0, 2, 8.38
1629275135, 0, 0, 215, 215, 1, 0.10%, 17, 0, 2, 6.72
1629275145, 0, 0, 216, 216, 1, 0.10%, 17, 0, 2, 5.82
1629275155, 0, 0, 217, 217, 1, 0.10%, 17, 0, 2, 5.76
1629276262, 0, 0, 218, 218, 1, 0.10%, 17, 0, 2, 8.07
1629276267, 0, 0, 219, 219, 1, 0.10%, 17, 0, 2, 8.08
1629276273, 0, 0, 220, 220, 1, 0.10%, 17, 0, 2, 7.97
1629276288, 0, 0, 221, 221, 1, 0.10%, 17, 0, 2, 8.19
1629276298, 0, 0, 222, 222, 1, 0.10%, 17, 0, 2, 8.09
1629276303, 0, 0, 223, 223, 1, 0.10%, 17, 0, 2, 8.08
1629276318, 0, 0, 224, 224, 1, 0.10%, 17, 0, 2, 8.03
1629277057, 0, 0, 225, 225, 1, 0.10%, 17, 0, 2, 7.45
1629278159, 0, 0, 226, 226, 1, 0.10%, 17, 0, 2, 6.87
1629278169, 0, 0, 227, 227, 1, 0.10%, 17, 0, 2, 6.36
1629278174, 0, 0, 228, 228, 1, 0.10%, 17, 0, 2, 6.29
1629278179, 0, 0, 230, 230, 1, 0.10%, 17, 0, 2, 6.56
1629278190, 0, 0, 231, 231, 1, 0.10%, 17, 0, 2, 6.59
1629278195, 0, 0, 232, 232, 1, 0.10%, 17, 0, 2, 6.56
1629278205, 0, 0, 233, 233, 1, 0.10%, 17, 0, 2, 6.48
1629278210, 0, 0, 234, 234, 1, 0.10%, 17, 0, 2, 6.61
1629278215, 0, 0, 235, 235, 1, 0.10%, 17, 0, 2, 6.57
1629278226, 0, 0, 236, 236, 1, 0.10%, 17, 0, 2, 7.04
1629278236, 0, 0, 238, 238, 1, 0.10%, 17, 0, 2, 6.82
1629278241, 0, 0, 239, 239, 1, 0.10%, 17, 0, 2, 6.69
1629278246, 0, 0, 240, 240, 1, 0.10%, 17, 0, 2, 6.71
1629278251, 0, 0, 241, 241, 1, 0.10%, 17, 0, 2, 6.71
1629278256, 0, 0, 243, 243, 1, 0.10%, 17, 0, 2, 6.71
1629278272, 0, 0, 244, 244, 1, 0.10%, 17, 0, 2, 6.69
1629278282, 0, 0, 245, 245, 1, 0.10%, 17, 0, 2, 6.91
1629278287, 0, 0, 246, 246, 1, 0.10%, 17, 0, 2, 7.00
1629278298, 0, 0, 247, 247, 1, 0.10%, 17, 0, 2, 6.94
1629278313, 0, 0, 248, 248, 1, 0.10%, 17, 0, 2, 7.52
1629278323, 0, 0, 249, 249, 1, 0.10%, 17, 0, 2, 7.25
1629301230, 0, 0, 250, 250, 1, 0.10%, 17, 0, 2, 6.28
1629301344, 0, 0, 251, 251, 1, 0.10%, 17, 0, 2, 5.80
1629301386, 0, 0, 253, 253, 1, 0.10%, 17, 0, 2, 5.70
1629303285, 0, 0, 254, 254, 1, 0.10%, 17, 0, 2, 6.35
1629310773, 0, 0, 255, 255, 1, 0.10%, 17, 0, 2, 7.43
1629311020, 0, 0, 256, 256, 1, 0.10%, 17, 0, 2, 6.09
1629313118, 0, 0, 257, 257, 1, 0.10%, 18, 0, 2, 9.79
1629313123, 0, 0, 258, 258, 1, 0.10%, 18, 0, 2, 10.76
1629313128, 0, 0, 260, 260, 1, 0.10%, 18, 0, 2, 11.91
1629313133, 0, 0, 264, 264, 1, 0.10%, 19, 0, 2, 12.56
1629313138, 0, 0, 265, 265, 1, 0.10%, 19, 0, 2, 10.82
1629313143, 0, 0, 266, 266, 1, 0.10%, 19, 0, 2, 11.50
1629313148, 0, 0, 267, 267, 1, 0.10%, 19, 0, 2, 9.69
1629313169, 0, 0, 268, 268, 1, 0.10%, 19, 0, 2, 11.33
1629313184, 0, 0, 269, 269, 1, 0.10%, 19, 0, 2, 13.04
1629313189, 0, 0, 270, 270, 1, 0.10%, 19, 0, 2, 13.12
1629313194, 0, 0, 271, 271, 1, 0.10%, 19, 0, 2, 10.74
1629313199, 0, 0, 273, 273, 1, 0.10%, 19, 0, 2, 9.98
1629313220, 0, 0, 274, 274, 1, 0.10%, 19, 0, 2, 13.53
1629313230, 0, 0, 275, 275, 1, 0.10%, 19, 0, 2, 12.45
1629313261, 0, 0, 276, 276, 1, 0.10%, 19, 0, 2, 11.79
1629313266, 0, 0, 277, 277, 1, 0.10%, 19, 0, 2, 12.25
1629313276, 0, 0, 278, 278, 1, 0.10%, 19, 0, 2, 12.69
1629313281, 0, 0, 279, 279, 1, 0.10%, 19, 0, 2, 12.01
1629313292, 0, 0, 280, 280, 1, 0.10%, 19, 0, 2, 12.92
1629313302, 0, 0, 281, 281, 1, 0.10%, 19, 0, 2, 11.79
1629313307, 0, 0, 282, 282, 1, 0.10%, 19, 0, 2, 10.34
1629313327, 0, 0, 283, 283, 1, 0.10%, 19, 0, 2, 10.37
1629313384, 0, 0, 284, 284, 1, 0.10%, 19, 0, 2, 11.59
1629313389, 0, 0, 285, 285, 1, 0.10%, 19, 0, 2, 9.72
1629313399, 0, 0, 286, 286, 1, 0.10%, 19, 0, 2, 10.95
1629313425, 0, 0, 287, 287, 1, 0.10%, 19, 0, 2, 11.49
1629313481, 0, 0, 288, 288, 1, 0.10%, 19, 0, 2, 10.61
1629313486, 0, 0, 289, 289, 1, 0.10%, 19, 0, 2, 11.83
1629313538, 0, 0, 290, 290, 1, 0.10%, 19, 0, 2, 11.75
1629313569, 0, 0, 290, 290, 1, 0.10%, 20, 0, 2, 12.89
1629313712, 0, 0, 291, 291, 1, 0.10%, 20, 0, 2, 11.00
1629313717, 0, 0, 291, 291, 1, 0.10%, 21, 0, 2, 11.98
1629313779, 0, 0, 292, 292, 1, 0.10%, 21, 0, 2, 11.15
1629313939, 0, 0, 293, 293, 1, 0.10%, 21, 0, 2, 12.41
1629314057, 0, 0, 294, 294, 1, 0.10%, 21, 0, 2, 12.22
1629314078, 0, 0, 295, 295, 1, 0.10%, 21, 0, 2, 11.67
1629314108, 0, 0, 295, 295, 1, 0.10%, 22, 0, 2, 13.17
1629314211, 0, 0, 296, 296, 1, 0.10%, 22, 0, 2, 12.06
1629314226, 0, 0, 297, 297, 1, 0.10%, 22, 0, 2, 11.63
1629314236, 0, 0, 298, 298, 1, 0.10%, 22, 0, 2, 11.82
1629314288, 0, 0, 299, 299, 1, 0.10%, 22, 0, 2, 11.99
1629314318, 0, 0, 300, 300, 1, 0.10%, 22, 0, 2, 12.01
1629314349, 0, 0, 301, 301, 1, 0.10%, 22, 0, 2, 11.01
1629314499, 0, 2, 301, 300, 66, 0.10%, 22, 0, 2, 11.20
1629314843, 0, 2, 302, 301, 66, 0.10%, 22, 0, 3, 6.66
1629315596, 0, 2, 303, 302, 66, 0.10%, 22, 0, 3, 6.63
1629315725, 0, 2, 304, 303, 66, 0.10%, 22, 0, 3, 7.69
1629316048, 0, 2, 305, 304, 66, 0.10%, 22, 0, 3, 6.35
1629319585, 0, 2, 306, 305, 66, 0.10%, 22, 0, 3, 7.32
1629319595, 0, 2, 307, 306, 66, 0.10%, 22, 0, 3, 6.92
1629319759, 0, 2, 308, 307, 66, 0.10%, 22, 0, 3, 6.76
1629320397, 0, 2, 309, 308, 66, 0.10%, 22, 0, 3, 5.93
1629321867, 0, 2, 310, 309, 66, 0.10%, 22, 0, 3, 6.11
1629323529, 0, 2, 311, 310, 66, 0.10%, 22, 0, 3, 6.49
1629323648, 0, 2, 312, 311, 66, 0.10%, 22, 0, 3, 6.62
1629325313, 0, 2, 313, 312, 66, 0.10%, 22, 0, 3, 6.76
1629325318, 0, 2, 314, 313, 66, 0.10%, 22, 0, 3, 6.86
