# unix_time, cycles_done, cur_path, paths_total, pending_total, pending_favs, map_size, unique_crashes, unique_hangs, max_depth, execs_per_sec
1629439938, 0, 0, 1, 1, 1, 0.81%, 0, 0, 1, 2.18
1629439943, 0, 0, 4, 4, 1, 0.84%, 0, 0, 2, 73.35
1629439948, 0, 0, 5, 5, 1, 0.84%, 0, 0, 2, 10.16
1629439984, 0, 0, 6, 6, 1, 0.84%, 0, 0, 2, 6.39
1629439989, 0, 0, 7, 7, 1, 0.84%, 0, 0, 2, 142.67
1629440030, 0, 0, 8, 8, 1, 0.84%, 0, 0, 2, 5.84
1629440046, 0, 0, 9, 9, 1, 0.85%, 0, 0, 2, 5.32
1629440098, 0, 0, 10, 10, 1, 0.85%, 0, 0, 2, 5.80
1629440165, 0, 0, 11, 11, 1, 0.85%, 0, 0, 2, 5.89
1629440196, 0, 0, 12, 12, 1, 0.85%, 0, 0, 2, 5.70
1629440232, 0, 0, 13, 13, 1, 0.85%, 0, 0, 2, 5.73
1629440283, 0, 0, 14, 14, 1, 0.85%, 0, 0, 2, 5.66
1629440325, 0, 0, 15, 15, 1, 0.85%, 0, 0, 2, 5.74
1629440655, 0, 0, 16, 16, 1, 0.85%, 0, 0, 2, 6.68
1629441155, 0, 0, 18, 18, 1, 0.88%, 0, 0, 2, 112.68
1629441160, 0, 0, 24, 24, 1, 0.88%, 0, 0, 2, 68.26
1629441165, 0, 0, 25, 25, 1, 0.89%, 0, 0, 2, 8.56
1629441448, 0, 0, 26, 26, 1, 0.89%, 0, 0, 2, 6.41
1629441685, 0, 0, 27, 27, 1, 0.90%, 0, 0, 2, 7.45
1629441958, 0, 0, 29, 29, 1, 0.90%, 0, 0, 2, 6.73
1629441963, 0, 0, 30, 30, 1, 0.90%, 0, 0, 2, 87.28
1629441999, 0, 0, 31, 31, 1, 0.90%, 0, 0, 2, 13.27
1629442004, 0, 0, 35, 35, 1, 0.92%, 0, 0, 2, 0.37
1629442019, 0, 0, 36, 36, 1, 0.92%, 0, 0, 2, 1.08
1629442036, 0, 0, 37, 37, 1, 0.92%, 0, 0, 2, 0.54
1629442042, 0, 0, 39, 39, 1, 0.96%, 0, 0, 2, 1.66
1629442062, 0, 0, 40, 40, 1, 0.96%, 0, 0, 2, 0.27
1629442089, 0, 0, 41, 41, 1, 0.99%, 0, 0, 2, 0.25
1629442237, 0, 0, 41, 41, 1, 0.99%, 1, 0, 2, 0.02
1629442899, 0, 0, 41, 41, 1, 0.99%, 2, 0, 2, 0.00
1629442904, 0, 0, 42, 42, 1, 0.99%, 2, 0, 2, 1.82
1629442954, 0, 0, 45, 45, 1, 1.29%, 2, 0, 2, 0.15
