# unix_time, cycles_done, cur_path, paths_total, pending_total, pending_favs, map_size, unique_crashes, unique_hangs, max_depth, execs_per_sec
1619934333, 0, 0, 1, 1, 1, 1.63%, 0, 0, 1, 0.83
1619934338, 0, 0, 22, 22, 1, 2.30%, 0, 0, 2, 89.33
1619934343, 0, 0, 26, 26, 1, 2.32%, 0, 0, 2, 68.88
1619934348, 0, 0, 30, 30, 1, 2.32%, 0, 0, 2, 65.92
1619934353, 0, 0, 40, 40, 1, 2.39%, 0, 0, 2, 58.59
1619934358, 0, 0, 51, 51, 1, 2.42%, 0, 0, 2, 67.46
1619934363, 0, 0, 58, 58, 1, 2.45%, 0, 0, 2, 77.95
1619934373, 0, 0, 59, 59, 1, 2.45%, 0, 0, 2, 57.54
1619934379, 0, 0, 64, 64, 1, 2.47%, 0, 0, 2, 65.18
1619934384, 0, 0, 71, 71, 1, 2.48%, 0, 0, 2, 75.22
1619934399, 0, 0, 73, 73, 1, 2.49%, 0, 0, 2, 63.73
1619934404, 0, 0, 74, 74, 1, 2.49%, 0, 0, 2, 63.80
1619934409, 0, 0, 84, 84, 1, 2.54%, 0, 0, 2, 339.60
1619934414, 0, 0, 91, 91, 1, 2.56%, 0, 0, 2, 151.20
1619934419, 0, 0, 92, 92, 1, 2.56%, 0, 0, 2, 80.57
1619934424, 0, 0, 95, 95, 1, 2.57%, 0, 0, 2, 63.22
1619934429, 0, 0, 97, 97, 1, 2.57%, 0, 0, 2, 71.64
1619934445, 0, 0, 98, 98, 1, 2.57%, 0, 0, 2, 59.14
1619934475, 0, 0, 99, 99, 1, 2.57%, 0, 0, 2, 57.97
1619934480, 0, 0, 101, 101, 1, 2.57%, 0, 0, 2, 63.00
1619934506, 0, 0, 102, 102, 1, 2.57%, 0, 0, 2, 51.62
1619934511, 0, 0, 103, 103, 1, 2.57%, 0, 0, 2, 58.53
1619934516, 0, 0, 104, 104, 1, 2.57%, 0, 0, 2, 56.76
1619934536, 0, 0, 105, 105, 1, 2.57%, 0, 0, 2, 70.64
1619934562, 0, 0, 115, 115, 1, 2.59%, 0, 0, 2, 70.50
1619934567, 0, 0, 116, 116, 1, 2.59%, 0, 0, 2, 60.40
1619934572, 0, 0, 119, 119, 1, 2.59%, 0, 0, 2, 69.57
1619934577, 0, 0, 122, 122, 1, 2.60%, 0, 0, 2, 86.15
1619934582, 0, 0, 123, 123, 1, 2.60%, 0, 0, 2, 72.08
1619934628, 0, 0, 124, 124, 1, 2.60%, 0, 0, 2, 69.14
1619934633, 0, 0, 127, 127, 1, 2.61%, 0, 0, 2, 275.19
1619934694, 0, 0, 128, 128, 1, 2.61%, 0, 0, 2, 86.79
1619934699, 0, 0, 129, 129, 1, 2.61%, 0, 0, 2, 91.11
1619934709, 0, 0, 131, 131, 1, 2.61%, 0, 0, 2, 77.15
1619934719, 0, 0, 135, 135, 1, 2.72%, 0, 0, 2, 316.90
1619934724, 0, 0, 149, 149, 1, 2.75%, 0, 0, 2, 189.99
1619934729, 0, 0, 152, 152, 1, 2.75%, 0, 0, 2, 158.97
1619934734, 0, 0, 155, 155, 1, 2.75%, 0, 0, 2, 113.32
1619934744, 0, 0, 161, 161, 1, 2.77%, 0, 0, 2, 68.60
1619934755, 0, 0, 163, 163, 1, 2.78%, 0, 0, 2, 85.71
1619934780, 0, 0, 164, 164, 1, 2.78%, 0, 0, 2, 72.10
1619934876, 0, 0, 165, 165, 1, 2.78%, 0, 0, 2, 59.48
1619934922, 0, 0, 166, 166, 1, 2.79%, 0, 0, 2, 57.06
1619934937, 0, 0, 169, 169, 1, 2.81%, 0, 0, 2, 93.85
1619934942, 0, 0, 170, 170, 1, 2.81%, 0, 0, 2, 88.55
1619934952, 0, 0, 171, 171, 1, 2.81%, 0, 0, 2, 56.85
1619935004, 0, 0, 173, 173, 1, 2.82%, 0, 0, 2, 60.72
1619935014, 0, 0, 174, 174, 1, 2.82%, 0, 0, 2, 75.18
1619935039, 0, 0, 176, 176, 1, 2.82%, 0, 0, 2, 59.87
1619935049, 0, 0, 177, 177, 1, 2.83%, 0, 0, 2, 56.25
1619935054, 0, 0, 179, 179, 1, 2.87%, 0, 0, 2, 93.77
1619935060, 0, 0, 180, 180, 1, 2.87%, 0, 0, 2, 148.11
1619935065, 0, 0, 181, 181, 1, 2.87%, 0, 0, 2, 86.79
1619935105, 0, 0, 182, 182, 1, 2.87%, 0, 0, 2, 373.23
1619935115, 0, 0, 185, 185, 1, 2.87%, 0, 0, 2, 259.87
1619935120, 0, 0, 205, 205, 1, 2.93%, 1, 0, 2, 190.51
1619935125, 0, 0, 216, 216, 1, 2.95%, 1, 0, 2, 161.50
1619935130, 0, 0, 221, 221, 1, 2.95%, 1, 0, 2, 167.83
1619935135, 0, 0, 222, 222, 1, 2.95%, 1, 0, 2, 165.62
1619935156, 0, 0, 224, 224, 1, 2.95%, 1, 0, 2, 163.15
1619935196, 0, 0, 226, 226, 1, 2.96%, 1, 0, 2, 61.33
1619935201, 0, 0, 228, 228, 1, 2.97%, 1, 0, 2, 59.97
1619935206, 0, 0, 229, 229, 1, 2.97%, 1, 0, 2, 59.09
1619935404, 0, 0, 230, 230, 1, 2.97%, 1, 0, 2, 60.48
1619935419, 0, 0, 231, 231, 1, 2.97%, 1, 0, 2, 57.91
1619936013, 0, 0, 234, 234, 1, 2.97%, 1, 0, 2, 61.97
1619936271, 0, 0, 235, 235, 1, 2.97%, 1, 0, 2, 58.81
1619936276, 0, 0, 236, 236, 1, 2.98%, 1, 0, 2, 54.98
1619936281, 0, 0, 237, 237, 1, 2.98%, 1, 0, 2, 53.73
1619936287, 0, 0, 240, 240, 1, 2.98%, 1, 0, 2, 53.18
1619936332, 0, 0, 241, 241, 1, 2.98%, 1, 0, 2, 52.44
1619936454, 0, 0, 242, 242, 1, 2.98%, 1, 0, 2, 53.02
1619936541, 0, 0, 244, 244, 1, 2.98%, 1, 0, 2, 51.11
1619936556, 0, 0, 245, 245, 1, 2.98%, 1, 0, 2, 51.94
1619936581, 0, 0, 246, 246, 1, 2.98%, 1, 0, 2, 59.81
1619936668, 0, 0, 248, 248, 1, 2.98%, 1, 0, 2, 59.77
1619936683, 0, 0, 249, 249, 1, 2.98%, 1, 0, 2, 57.26
1619936693, 0, 0, 250, 250, 1, 2.98%, 1, 0, 2, 58.67
1619937074, 0, 0, 254, 254, 1, 2.98%, 1, 0, 2, 82.45
1619937079, 0, 0, 270, 270, 1, 2.99%, 1, 0, 2, 120.94
1619937084, 0, 0, 281, 281, 1, 2.99%, 1, 0, 2, 138.88
1619937089, 0, 0, 289, 289, 1, 2.99%, 1, 0, 2, 145.84
1619937094, 0, 0, 297, 297, 1, 2.99%, 1, 0, 2, 143.15
1619937099, 0, 0, 302, 302, 1, 2.99%, 1, 0, 2, 144.06
1619937104, 0, 0, 305, 305, 1, 2.99%, 1, 0, 2, 141.87
1619937109, 0, 0, 308, 308, 1, 2.99%, 1, 0, 2, 147.75
1619937114, 0, 0, 310, 310, 1, 2.99%, 1, 0, 2, 161.16
1619937119, 0, 0, 311, 311, 1, 2.99%, 1, 0, 2, 158.76
1619937130, 0, 0, 312, 312, 1, 2.99%, 1, 0, 2, 151.56
1619937135, 0, 0, 313, 313, 1, 2.99%, 1, 0, 2, 163.61
1619937140, 0, 0, 314, 314, 1, 2.99%, 1, 0, 2, 150.99
1619937145, 0, 0, 315, 315, 1, 2.99%, 1, 0, 2, 147.47
1619937155, 0, 0, 316, 316, 1, 2.99%, 1, 0, 2, 151.02
1619937171, 0, 0, 318, 318, 1, 2.99%, 1, 0, 2, 147.41
1619937176, 0, 0, 320, 320, 1, 2.99%, 1, 0, 2, 147.59
1619937181, 0, 0, 322, 322, 1, 2.99%, 1, 0, 2, 149.26
1619937186, 0, 0, 323, 323, 1, 2.99%, 1, 0, 2, 143.60
1619937191, 0, 3, 323, 322, 78, 2.99%, 1, 0, 2, 153.42
1619937262, 0, 3, 324, 323, 78, 2.99%, 1, 0, 3, 170.22
1619937348, 0, 3, 325, 324, 78, 2.99%, 1, 0, 3, 161.13
1619937465, 0, 3, 326, 325, 78, 3.00%, 1, 0, 3, 165.17
1619937491, 0, 3, 327, 326, 78, 3.00%, 2, 0, 3, 190.35
1619938085, 0, 3, 328, 327, 78, 3.00%, 2, 0, 3, 169.21
1619938090, 0, 3, 329, 328, 78, 3.00%, 2, 0, 3, 162.54
1619938181, 0, 3, 332, 331, 78, 3.00%, 2, 0, 3, 255.58
1619938186, 0, 3, 334, 333, 78, 3.00%, 2, 0, 3, 264.01
1619938191, 0, 3, 336, 335, 78, 3.00%, 2, 0, 3, 280.05
1619938201, 0, 3, 337, 336, 78, 3.00%, 2, 0, 3, 264.00
1619938206, 0, 3, 339, 338, 78, 3.00%, 2, 0, 3, 260.91
1619938211, 0, 3, 344, 343, 78, 3.01%, 2, 0, 3, 244.08
1619938222, 0, 3, 345, 344, 78, 3.01%, 2, 0, 3, 237.83
1619938237, 0, 3, 346, 345, 78, 3.01%, 2, 0, 3, 231.59
1619938242, 0, 5, 346, 344, 83, 3.01%, 2, 0, 3, 193.35
1619938298, 0, 5, 346, 344, 83, 3.01%, 3, 0, 3, 209.62
1619938308, 0, 5, 347, 345, 83, 3.01%, 3, 0, 3, 103.99
1619938497, 0, 13, 349, 346, 82, 3.01%, 3, 0, 3, 126.67
1619938503, 0, 13, 351, 348, 82, 3.01%, 3, 0, 3, 166.12
1619938538, 0, 13, 351, 348, 82, 3.01%, 4, 0, 3, 219.86
1619938670, 0, 32, 351, 347, 80, 3.01%, 4, 0, 3, 161.83
1619939369, 0, 35, 351, 346, 79, 3.01%, 4, 0, 3, 176.96
1619939750, 0, 35, 352, 347, 79, 3.01%, 4, 0, 3, 167.77
1619940143, 0, 35, 352, 347, 79, 3.01%, 5, 0, 3, 207.64
1619940149, 0, 35, 353, 348, 79, 3.02%, 5, 0, 3, 162.15
1619941460, 0, 35, 354, 349, 79, 3.02%, 5, 0, 3, 51.31
1619942120, 0, 51, 355, 349, 80, 3.02%, 5, 0, 3, 142.86
1619942145, 0, 51, 356, 350, 80, 3.02%, 5, 0, 3, 184.79
1619942222, 0, 51, 358, 352, 80, 3.02%, 5, 0, 3, 201.81
1619942268, 0, 51, 360, 354, 80, 3.02%, 5, 0, 3, 176.81
1619942421, 0, 51, 360, 354, 80, 3.02%, 6, 0, 3, 188.56
1619942426, 0, 51, 361, 355, 80, 3.02%, 6, 0, 3, 180.76
1619943091, 0, 59, 361, 354, 80, 3.02%, 6, 0, 3, 182.16
1619943792, 0, 59, 361, 354, 80, 3.02%, 7, 0, 3, 183.90
1619945579, 0, 59, 362, 355, 80, 3.02%, 7, 0, 3, 124.65
1619945585, 0, 59, 363, 356, 80, 3.03%, 7, 0, 3, 161.50
1619945590, 0, 60, 363, 355, 79, 3.03%, 7, 0, 3, 102.92
1619948447, 0, 66, 364, 355, 78, 3.05%, 7, 0, 3, 208.84
1619948452, 0, 66, 365, 356, 78, 3.05%, 7, 0, 3, 181.02
1619948518, 0, 66, 366, 357, 78, 3.05%, 7, 0, 3, 172.82
1619948554, 0, 68, 366, 356, 77, 3.05%, 7, 0, 3, 229.23
1619948660, 0, 71, 366, 355, 76, 3.05%, 7, 0, 3, 225.00
1619949000, 0, 71, 367, 356, 76, 3.05%, 7, 0, 3, 183.05
1619949372, 0, 71, 367, 356, 76, 3.05%, 8, 0, 3, 181.08
1619951217, 0, 77, 367, 355, 76, 3.05%, 8, 0, 3, 112.33
1619952071, 0, 77, 369, 357, 76, 3.06%, 8, 0, 3, 166.47
1619952147, 0, 77, 370, 358, 76, 3.06%, 8, 0, 3, 48.22
1619953715, 0, 77, 371, 359, 76, 3.06%, 8, 0, 3, 48.94
1619954157, 0, 77, 373, 361, 76, 3.07%, 8, 0, 3, 78.38
1619954162, 0, 77, 374, 362, 76, 3.07%, 8, 0, 3, 130.82
1619954172, 0, 77, 375, 363, 76, 3.07%, 8, 0, 3, 149.66
1619954192, 0, 77, 377, 365, 76, 3.07%, 8, 0, 3, 148.26
1619954203, 0, 77, 378, 366, 76, 3.07%, 8, 0, 3, 140.93
1619954223, 0, 81, 378, 365, 76, 3.07%, 8, 0, 3, 162.68
1619954228, 0, 81, 379, 366, 76, 3.07%, 8, 0, 3, 155.31
1619954304, 0, 81, 380, 367, 76, 3.07%, 8, 0, 3, 184.25
1619954370, 0, 81, 381, 368, 76, 3.07%, 8, 0, 3, 185.86
1619954532, 0, 81, 382, 369, 76, 3.07%, 8, 0, 3, 175.35
1619954587, 0, 81, 383, 370, 76, 3.07%, 8, 0, 3, 150.34
1619955137, 0, 81, 384, 371, 76, 3.07%, 8, 0, 3, 166.47
1619955142, 0, 81, 385, 372, 76, 3.07%, 8, 0, 3, 134.38
1619955261, 0, 82, 385, 371, 75, 3.07%, 8, 0, 3, 225.86
1619955281, 0, 82, 386, 372, 75, 3.07%, 8, 0, 3, 296.22
1619955297, 0, 82, 389, 375, 75, 3.07%, 8, 0, 3, 187.44
1619955304, 0, 82, 390, 376, 75, 3.12%, 8, 0, 3, 0.26
1619955357, 0, 82, 391, 377, 75, 3.12%, 8, 0, 3, 168.18
1619955392, 0, 86, 391, 376, 76, 3.12%, 8, 0, 3, 204.44
1619955499, 0, 86, 392, 377, 76, 3.12%, 8, 0, 3, 294.34
1619955504, 0, 90, 392, 376, 75, 3.12%, 8, 0, 3, 150.71
1619956283, 0, 90, 392, 376, 75, 3.12%, 9, 0, 3, 209.40
1619956364, 0, 90, 394, 378, 75, 3.12%, 9, 0, 3, 56.66
1619956370, 0, 90, 395, 379, 75, 3.13%, 9, 0, 3, 56.71
1619958068, 0, 90, 397, 381, 75, 3.13%, 9, 0, 3, 129.95
1619958073, 0, 90, 399, 383, 75, 3.13%, 9, 0, 3, 141.51
1619958078, 0, 90, 401, 385, 75, 3.13%, 9, 0, 3, 140.88
1619958088, 0, 90, 402, 386, 75, 3.13%, 9, 0, 3, 148.38
1619958093, 0, 90, 403, 387, 75, 3.13%, 9, 0, 3, 147.90
1619958098, 0, 90, 405, 389, 75, 3.13%, 9, 0, 3, 147.19
1619958119, 0, 90, 406, 390, 75, 3.13%, 9, 0, 3, 153.58
1619958124, 0, 90, 408, 392, 75, 3.13%, 9, 0, 3, 148.01
1619958129, 0, 90, 410, 394, 75, 3.13%, 9, 0, 3, 156.91
1619958139, 0, 90, 412, 396, 75, 3.13%, 9, 0, 3, 154.87
1619958144, 0, 90, 413, 397, 75, 3.13%, 9, 0, 3, 149.92
1619958149, 0, 90, 415, 399, 75, 3.13%, 9, 0, 3, 148.38
1619958159, 0, 90, 416, 400, 75, 3.13%, 9, 0, 3, 151.76
1619958164, 0, 90, 417, 401, 75, 3.13%, 9, 0, 3, 154.26
1619958174, 0, 96, 417, 400, 75, 3.13%, 9, 0, 3, 137.68
1619958306, 0, 96, 418, 401, 75, 3.13%, 9, 0, 3, 66.27
1619958376, 0, 96, 419, 402, 75, 3.13%, 9, 0, 3, 70.48
1619958884, 0, 96, 419, 402, 75, 3.13%, 10, 0, 3, 201.33
1619960784, 0, 96, 420, 403, 75, 3.13%, 10, 0, 3, 148.52
1619960790, 0, 102, 420, 402, 75, 3.13%, 10, 0, 3, 97.59
1619961491, 0, 102, 421, 403, 75, 3.13%, 10, 0, 3, 55.34
1619961537, 0, 102, 421, 403, 75, 3.13%, 11, 0, 3, 180.90
1619961888, 0, 102, 422, 404, 75, 3.13%, 11, 0, 3, 51.02
1619963546, 0, 105, 422, 403, 75, 3.13%, 11, 0, 3, 195.54
1619963647, 0, 106, 422, 402, 74, 3.13%, 11, 0, 3, 225.83
1619963759, 0, 110, 422, 401, 73, 3.13%, 11, 0, 3, 237.37
1619963803, 0, 110, 423, 402, 73, 3.14%, 11, 0, 3, 0.30
1619963894, 0, 110, 424, 403, 73, 3.14%, 11, 0, 3, 196.56
1619963995, 0, 121, 424, 402, 73, 3.14%, 11, 0, 3, 228.96
1619964031, 0, 121, 425, 403, 73, 3.15%, 11, 0, 3, 207.61
1619964037, 0, 121, 426, 404, 73, 3.16%, 11, 0, 3, 6.13
1619964121, 0, 121, 427, 405, 73, 3.16%, 11, 0, 3, 292.97
1619964126, 0, 122, 427, 404, 74, 3.16%, 11, 0, 3, 133.16
1619964207, 0, 122, 428, 405, 74, 3.16%, 11, 0, 3, 61.56
1619964308, 0, 122, 429, 406, 74, 3.16%, 11, 0, 3, 81.75
1619964690, 0, 122, 429, 406, 74, 3.16%, 12, 0, 3, 179.31
1619966541, 0, 122, 430, 407, 74, 3.16%, 12, 0, 3, 134.77
1619966546, 0, 128, 430, 406, 73, 3.16%, 12, 0, 3, 94.16
1619967331, 0, 128, 430, 406, 73, 3.16%, 13, 0, 3, 184.50
1619969390, 0, 131, 430, 405, 72, 3.16%, 13, 0, 3, 216.60
1619969482, 0, 131, 431, 406, 72, 3.16%, 13, 0, 3, 274.82
1619969489, 0, 132, 432, 406, 72, 3.25%, 13, 0, 3, 4.98
1619969507, 0, 132, 433, 407, 72, 3.25%, 13, 0, 3, 1.03
1619969519, 0, 132, 434, 408, 72, 3.25%, 13, 0, 3, 1.16
1619969578, 0, 132, 435, 409, 72, 3.25%, 13, 0, 3, 0.77
1619969590, 0, 132, 436, 410, 72, 3.25%, 13, 0, 3, 0.71
1619969626, 0, 132, 437, 411, 72, 3.25%, 13, 0, 3, 0.46
1619969689, 0, 132, 438, 412, 72, 3.26%, 13, 0, 3, 1.00
1619969766, 0, 132, 439, 413, 72, 3.26%, 13, 0, 3, 2.72
1619969810, 0, 132, 440, 414, 72, 3.26%, 13, 0, 3, 4.89
1619969873, 0, 132, 441, 415, 72, 3.26%, 13, 0, 3, 0.44
1619969957, 0, 132, 442, 416, 72, 3.26%, 13, 0, 3, 0.65
1619969986, 0, 132, 443, 417, 72, 3.26%, 13, 0, 3, 0.71
1619970326, 0, 132, 444, 418, 72, 3.26%, 13, 0, 3, 1.22
1619970351, 0, 132, 445, 419, 72, 3.26%, 13, 0, 3, 0.88
1619970535, 0, 132, 446, 420, 72, 3.26%, 13, 0, 3, 0.23
1619970570, 0, 132, 447, 421, 72, 3.26%, 13, 0, 3, 4.46
1619970742, 0, 132, 448, 422, 72, 3.26%, 13, 0, 3, 1.25
1619970769, 0, 132, 449, 423, 72, 3.27%, 13, 0, 3, 0.32
1619970794, 0, 132, 450, 424, 72, 3.27%, 13, 0, 3, 2.40
1619970812, 0, 132, 451, 425, 72, 3.31%, 13, 0, 3, 0.30
1619970818, 0, 132, 452, 426, 72, 3.31%, 13, 0, 3, 2.04
1619970843, 0, 132, 453, 427, 72, 3.31%, 13, 0, 3, 0.50
1619970870, 0, 132, 454, 428, 72, 3.31%, 13, 0, 3, 0.53
1619970887, 0, 132, 455, 429, 72, 3.31%, 13, 0, 3, 0.49
1619970899, 0, 132, 456, 430, 72, 3.31%, 13, 0, 3, 0.27
1619970924, 0, 132, 457, 431, 72, 3.31%, 13, 0, 3, 1.65
1619970937, 0, 132, 458, 432, 72, 3.31%, 13, 0, 3, 0.27
1619970971, 0, 132, 459, 433, 72, 3.31%, 13, 0, 3, 0.39
1619970984, 0, 132, 460, 434, 72, 3.31%, 13, 0, 3, 1.37
1619971002, 0, 132, 461, 435, 72, 3.31%, 13, 0, 3, 1.32
1619971019, 0, 132, 462, 436, 72, 3.31%, 13, 0, 3, 1.14
1619971054, 0, 132, 463, 437, 72, 3.31%, 13, 0, 3, 0.73
1619971060, 0, 132, 464, 438, 72, 3.31%, 13, 0, 3, 6.81
1619971092, 0, 132, 465, 439, 72, 3.31%, 13, 0, 3, 0.79
1619971117, 0, 132, 466, 440, 72, 3.31%, 13, 0, 3, 0.70
1619971135, 0, 132, 467, 441, 72, 3.31%, 13, 0, 3, 0.68
1619971188, 0, 132, 468, 442, 72, 3.31%, 13, 0, 3, 0.75
1619971207, 0, 132, 469, 443, 72, 3.31%, 13, 0, 3, 0.68
1619971236, 0, 132, 470, 444, 72, 3.31%, 13, 0, 3, 0.55
1619971262, 0, 132, 472, 446, 72, 3.31%, 13, 0, 3, 0.35
1619971282, 0, 132, 473, 447, 72, 3.31%, 13, 0, 3, 0.25
1619971307, 0, 132, 474, 448, 72, 3.31%, 13, 0, 3, 0.27
1619971336, 0, 132, 475, 449, 72, 3.31%, 13, 0, 3, 0.36
1619972104, 0, 132, 476, 450, 72, 3.32%, 13, 0, 3, 13.55
1619972134, 0, 132, 477, 451, 72, 3.32%, 13, 0, 3, 0.33
1619972173, 0, 132, 480, 454, 72, 3.48%, 13, 0, 3, 0.34
1619972186, 0, 132, 481, 455, 72, 3.48%, 13, 0, 3, 22.58
1619972213, 0, 132, 482, 456, 72, 3.48%, 13, 0, 3, 0.65
1619972242, 0, 132, 483, 457, 72, 3.56%, 13, 0, 3, 0.31
1619972253, 0, 132, 484, 458, 72, 3.56%, 13, 0, 3, 0.33
1619972305, 0, 132, 485, 459, 72, 3.56%, 13, 0, 3, 0.69
1619972375, 0, 132, 486, 460, 72, 3.57%, 13, 0, 3, 0.77
1619972424, 0, 132, 487, 461, 72, 3.57%, 13, 0, 3, 0.25
1619972448, 0, 132, 488, 462, 72, 3.57%, 13, 0, 3, 0.98
1619972491, 0, 132, 489, 463, 72, 3.57%, 13, 0, 3, 1.03
1619972523, 0, 132, 490, 464, 72, 3.57%, 13, 0, 3, 0.87
1619972706, 0, 132, 491, 465, 72, 3.57%, 13, 0, 3, 0.67
1619972737, 0, 132, 492, 466, 72, 3.57%, 13, 0, 3, 0.74
1619972775, 0, 132, 493, 467, 72, 3.75%, 13, 0, 3, 1.08
1619972931, 0, 132, 494, 468, 72, 3.75%, 13, 0, 3, 1.61
1619972952, 0, 132, 495, 469, 72, 3.75%, 13, 0, 3, 0.38
1619972973, 0, 132, 496, 470, 72, 3.75%, 13, 0, 3, 0.28
1619972987, 0, 132, 497, 471, 72, 3.75%, 13, 0, 3, 0.47
1619973047, 0, 132, 498, 472, 72, 3.75%, 13, 0, 3, 0.88
1619973124, 0, 132, 499, 473, 72, 3.75%, 13, 0, 3, 0.96
1619973178, 0, 132, 500, 474, 72, 3.75%, 13, 0, 3, 1.16
1619973199, 0, 132, 501, 475, 72, 3.75%, 13, 0, 3, 0.29
1619973231, 0, 132, 502, 476, 72, 3.75%, 13, 0, 3, 1.07
1619973268, 0, 132, 503, 477, 72, 3.75%, 13, 0, 3, 1.39
1619973312, 0, 132, 504, 478, 72, 3.75%, 13, 0, 3, 1.19
1619973331, 0, 132, 505, 479, 72, 3.75%, 13, 0, 3, 1.12
1619973361, 0, 132, 506, 480, 72, 3.75%, 13, 0, 3, 0.94
1619977403, 0, 132, 507, 481, 72, 3.75%, 13, 0, 3, 54.38
1619977453, 0, 139, 507, 480, 78, 3.75%, 13, 0, 3, 159.25
1619977569, 0, 158, 507, 479, 77, 3.75%, 13, 0, 3, 152.77
1619977966, 0, 158, 508, 480, 77, 3.75%, 13, 0, 3, 84.98
1619978110, 0, 158, 508, 480, 77, 3.75%, 14, 0, 3, 244.23
1619979027, 0, 158, 509, 481, 77, 3.75%, 14, 0, 3, 60.02
1619979910, 0, 166, 509, 480, 77, 3.75%, 14, 0, 3, 136.34
1619979926, 0, 166, 510, 481, 77, 3.75%, 14, 0, 3, 63.61
1619980261, 0, 166, 511, 482, 77, 3.75%, 14, 0, 3, 73.57
1619980484, 0, 166, 512, 483, 77, 3.75%, 14, 0, 3, 56.53
1619980515, 0, 166, 513, 484, 77, 3.75%, 14, 0, 3, 57.55
1619980596, 0, 166, 513, 484, 77, 3.75%, 15, 0, 3, 214.24
1619981728, 0, 166, 514, 485, 77, 3.75%, 15, 0, 3, 59.79
1619982566, 0, 167, 514, 484, 79, 3.75%, 15, 0, 3, 108.95
1619983284, 0, 167, 515, 485, 79, 3.80%, 15, 0, 3, 212.58
1619983365, 0, 167, 516, 486, 79, 3.80%, 15, 0, 3, 50.79
1619985333, 0, 167, 517, 487, 79, 3.80%, 15, 0, 3, 154.36
1619985343, 0, 167, 519, 489, 79, 3.80%, 15, 0, 3, 154.77
1619985353, 0, 167, 520, 490, 79, 3.80%, 15, 0, 3, 158.81
1619985358, 0, 167, 521, 491, 79, 3.80%, 15, 0, 3, 159.76
1619985368, 0, 167, 522, 492, 79, 3.80%, 15, 0, 3, 149.69
1619985374, 0, 167, 523, 493, 79, 3.80%, 15, 0, 3, 150.91
1619985384, 0, 174, 524, 493, 79, 3.80%, 15, 0, 3, 138.16
1619988172, 0, 174, 525, 494, 79, 3.80%, 15, 0, 3, 134.83
1619988182, 0, 174, 526, 495, 79, 3.80%, 15, 0, 3, 152.97
1619988202, 0, 174, 527, 496, 79, 3.80%, 15, 0, 3, 164.88
1619988229, 0, 175, 527, 495, 78, 3.80%, 15, 0, 3, 82.77
1619989035, 0, 175, 528, 496, 78, 3.81%, 15, 0, 3, 52.39
1619990685, 0, 175, 530, 498, 78, 3.81%, 15, 0, 3, 52.94
1619991074, 0, 175, 531, 499, 78, 3.81%, 15, 0, 3, 137.71
1619991079, 0, 175, 532, 500, 78, 3.81%, 15, 0, 3, 151.01
1619991130, 0, 176, 532, 499, 79, 3.81%, 15, 0, 3, 154.67
1619992002, 0, 176, 533, 500, 79, 3.81%, 15, 0, 3, 50.42
1619993561, 0, 176, 534, 501, 79, 3.81%, 15, 0, 3, 52.35
1619993938, 0, 178, 534, 500, 79, 3.81%, 15, 0, 3, 161.84
1619993943, 0, 178, 535, 501, 79, 3.81%, 15, 0, 3, 191.43
1619993969, 0, 178, 536, 502, 79, 3.81%, 15, 0, 3, 189.63
1619994091, 0, 178, 537, 503, 79, 3.81%, 15, 0, 3, 183.68
1619994294, 0, 178, 538, 504, 79, 3.81%, 15, 0, 3, 197.06
1619994888, 0, 181, 538, 503, 79, 3.81%, 15, 0, 3, 218.87
1619995029, 0, 185, 538, 502, 78, 3.81%, 15, 0, 3, 202.62
1619995349, 0, 185, 539, 503, 78, 3.81%, 15, 0, 3, 149.20
1619995724, 0, 185, 540, 504, 78, 3.82%, 15, 0, 3, 155.52
1619995963, 0, 185, 541, 505, 78, 3.82%, 15, 0, 3, 156.52
1619996064, 0, 211, 541, 504, 77, 3.82%, 15, 0, 3, 213.09
1619996470, 0, 211, 542, 505, 77, 3.82%, 15, 0, 3, 151.80
1619996870, 0, 211, 543, 506, 77, 3.82%, 15, 0, 3, 152.01
1619997126, 0, 212, 543, 505, 76, 3.82%, 15, 0, 3, 195.18
1619998176, 0, 225, 543, 504, 75, 3.82%, 15, 0, 3, 123.14
1619998890, 0, 225, 543, 504, 75, 3.82%, 16, 0, 3, 207.25
1619999901, 0, 225, 544, 505, 75, 3.82%, 16, 0, 3, 58.64
1620000769, 0, 236, 544, 504, 74, 3.82%, 16, 0, 3, 121.05
1620001531, 0, 236, 544, 504, 74, 3.82%, 17, 0, 3, 192.87
1620001613, 0, 236, 545, 505, 74, 3.82%, 17, 0, 3, 52.92
1620003627, 0, 243, 545, 504, 73, 3.82%, 17, 0, 3, 104.78
1620004491, 0, 243, 545, 504, 73, 3.82%, 18, 0, 3, 215.20
1620006844, 0, 244, 545, 503, 72, 3.82%, 18, 0, 3, 128.77
1620007592, 0, 244, 546, 504, 72, 3.82%, 18, 0, 3, 50.72
1620009913, 0, 244, 547, 505, 72, 3.82%, 18, 0, 3, 148.24
1620009918, 0, 244, 548, 506, 72, 3.82%, 18, 0, 3, 148.87
1620009969, 0, 245, 548, 505, 71, 3.82%, 18, 0, 3, 129.12
1620010590, 0, 245, 548, 505, 71, 3.82%, 19, 0, 3, 225.82
1620012146, 0, 245, 549, 506, 71, 3.82%, 19, 0, 3, 195.26
1620012222, 0, 245, 550, 507, 71, 3.82%, 19, 0, 3, 184.83
1620012227, 0, 245, 551, 508, 71, 3.82%, 19, 0, 3, 186.38
1620012232, 0, 245, 552, 509, 71, 3.82%, 19, 0, 3, 177.87
1620012243, 0, 245, 553, 510, 71, 3.82%, 19, 0, 3, 184.37
1620012253, 0, 245, 554, 511, 71, 3.82%, 19, 0, 3, 188.07
1620012283, 0, 271, 554, 510, 70, 3.82%, 19, 0, 3, 164.82
1620012938, 0, 271, 554, 510, 70, 3.82%, 20, 0, 3, 226.63
1620012943, 0, 271, 555, 511, 70, 3.82%, 20, 0, 3, 193.10
1620014591, 0, 271, 556, 512, 70, 3.82%, 20, 0, 3, 139.87
1620014606, 0, 271, 557, 513, 70, 3.82%, 20, 0, 3, 170.76
1620014611, 0, 271, 558, 514, 70, 3.82%, 20, 0, 3, 171.76
1620014622, 0, 271, 559, 515, 70, 3.82%, 20, 0, 3, 171.23
1620014642, 0, 281, 561, 516, 70, 3.82%, 20, 0, 3, 174.03
1620014647, 0, 281, 562, 517, 70, 3.82%, 20, 0, 3, 222.95
1620014690, 0, 281, 563, 518, 70, 3.82%, 20, 0, 3, 211.28
1620014705, 0, 281, 565, 520, 70, 3.83%, 20, 0, 3, 184.41
1620014710, 0, 281, 566, 521, 70, 3.83%, 20, 0, 3, 174.67
1620014822, 0, 282, 566, 520, 73, 3.83%, 20, 0, 3, 232.50
1620014876, 0, 282, 567, 521, 73, 3.83%, 20, 0, 3, 11.15
1620014934, 0, 282, 568, 522, 73, 3.83%, 20, 0, 3, 403.83
1620015164, 0, 282, 569, 523, 73, 3.83%, 20, 0, 3, 222.38
1620015174, 0, 284, 569, 522, 73, 3.83%, 20, 0, 3, 250.02
1620015455, 0, 284, 570, 523, 73, 3.83%, 20, 0, 3, 325.25
1620015461, 0, 290, 570, 522, 72, 3.83%, 20, 0, 3, 265.98
1620016222, 0, 309, 571, 522, 71, 3.83%, 20, 0, 3, 241.51
1620016339, 0, 309, 572, 523, 71, 3.83%, 20, 0, 3, 188.52
1620016425, 0, 323, 573, 523, 71, 3.83%, 20, 0, 3, 323.67
1620017185, 0, 323, 574, 524, 71, 3.83%, 20, 0, 4, 266.70
1620017195, 0, 325, 574, 523, 71, 3.83%, 20, 0, 4, 245.69
1620017900, 0, 326, 574, 522, 70, 3.83%, 20, 0, 4, 236.21
1620018825, 0, 340, 574, 521, 69, 3.83%, 20, 0, 4, 241.03
1620019647, 0, 342, 574, 520, 68, 3.83%, 20, 0, 4, 229.55
1620019871, 0, 342, 575, 521, 68, 3.83%, 20, 0, 4, 198.89
1620019896, 0, 342, 575, 521, 68, 3.83%, 21, 0, 4, 271.25
1620020291, 0, 342, 576, 522, 68, 3.83%, 21, 0, 4, 190.57
1620020378, 0, 342, 577, 523, 68, 3.83%, 21, 0, 4, 188.72
1620020454, 0, 342, 578, 524, 68, 3.83%, 21, 0, 4, 240.82
1620020459, 0, 342, 579, 525, 68, 3.83%, 21, 0, 4, 274.60
1620020474, 0, 347, 579, 524, 67, 3.83%, 21, 0, 4, 265.58
1620020571, 0, 348, 579, 523, 66, 3.83%, 21, 0, 4, 281.87
1620020577, 0, 348, 580, 524, 66, 3.83%, 21, 0, 4, 209.26
1620020602, 0, 348, 580, 524, 66, 3.83%, 22, 0, 4, 279.61
1620020715, 0, 353, 580, 523, 65, 3.83%, 22, 0, 4, 157.66
1620021359, 0, 353, 580, 523, 65, 3.83%, 23, 0, 4, 279.74
