# unix_time, cycles_done, cur_path, paths_total, pending_total, pending_favs, map_size, unique_crashes, unique_hangs, max_depth, execs_per_sec
1650899970, 0, 0, 1, 1, 1, 0.77%, 0, 0, 1, 6.22
1650899991, 0, 0, 4, 4, 1, 0.80%, 0, 0, 2, 8.78
1650900001, 0, 0, 5, 5, 1, 0.80%, 0, 0, 2, 7.85
1650900094, 0, 0, 6, 6, 1, 0.80%, 0, 0, 2, 7.53
1650900553, 0, 0, 7, 7, 1, 0.81%, 0, 0, 2, 7.88
1650900820, 0, 0, 8, 8, 1, 0.81%, 0, 0, 2, 8.08
1650900994, 0, 0, 9, 9, 1, 0.81%, 0, 0, 2, 7.75
1650901132, 0, 0, 10, 10, 1, 0.81%, 0, 0, 2, 7.75
1650901733, 0, 0, 11, 11, 1, 0.81%, 0, 0, 2, 7.83
1650901968, 0, 0, 12, 12, 1, 0.81%, 0, 0, 2, 7.82
1650903003, 0, 0, 13, 13, 1, 0.81%, 0, 0, 2, 7.62
1650905661, 0, 0, 22, 22, 1, 0.84%, 0, 0, 2, 7.54
1650908563, 0, 0, 23, 23, 1, 0.85%, 0, 0, 2, 7.73
1650909435, 0, 0, 24, 24, 1, 0.85%, 0, 0, 2, 7.96
1650910542, 0, 0, 25, 25, 1, 0.86%, 0, 0, 2, 8.24
1650912090, 0, 0, 26, 26, 1, 0.86%, 0, 0, 2, 159.40
1650912095, 0, 0, 28, 28, 1, 0.86%, 0, 0, 2, 103.54
1650912120, 0, 0, 29, 29, 1, 0.86%, 0, 0, 2, 15.72
1650912125, 0, 0, 36, 36, 1, 0.94%, 0, 0, 2, 75.51
1650912130, 0, 0, 42, 42, 1, 1.31%, 1, 0, 2, 57.73
1650912135, 0, 0, 45, 45, 1, 1.32%, 2, 0, 2, 12.63
1650912141, 0, 0, 48, 48, 1, 1.53%, 2, 0, 2, 83.33
1650912146, 0, 0, 50, 50, 1, 1.54%, 2, 0, 2, 22.06
1650912151, 0, 0, 56, 56, 1, 1.54%, 2, 0, 2, 88.99
1650912156, 0, 0, 58, 58, 1, 1.54%, 2, 0, 2, 7.35
1650912161, 0, 0, 61, 61, 1, 1.54%, 2, 0, 2, 77.48
1650912166, 0, 0, 67, 67, 1, 1.62%, 2, 0, 2, 12.65
1650912171, 0, 0, 72, 72, 1, 1.71%, 2, 0, 2, 42.80
1650912176, 0, 0, 73, 73, 1, 1.79%, 2, 0, 2, 65.32
1650912181, 0, 0, 74, 74, 1, 1.79%, 2, 0, 2, 89.55
1650912186, 0, 0, 78, 78, 1, 1.79%, 2, 0, 2, 79.77
1650916190, 0, 0, 79, 79, 1, 1.80%, 2, 0, 2, 7.98
1650916236, 0, 0, 80, 80, 1, 1.81%, 2, 0, 2, 7.88
1650916241, 0, 0, 81, 81, 1, 1.81%, 2, 0, 2, 7.88
